 
1         0         0         9         1         1         1         0         0         10        
0         7         1         18        1         0         0         8         1         19        
1         16        1         27        0         6         1         17        1         28        
1         25        0         36        1         15        1         26        0         37        
0         34        1         45        1         24        0         35        1         46        
1         43        1         54        0         33        1         44        1         55        
1         52        0         63        1         42        1         53        0         64        
0         61        1         72        1         51        0         62        1         73        
1         80        1         81        0         70        1         71        1         82        
1         89        0         100       1         79        1         90        0         91        
INITIAL DATA
 

25812     51162     8340      41678     0         0         30352     49482     2340      33945     
6340      15731     0         34267     21272     44342     7340      28737     0         48258     
0         25741     22492     21211     5340      28871     0         20021     21932     36697     
23312     22797     4340      35581     0         19527     27852     29511     4340      25801     
3420      18728     0         26337     18852     16048     3420      27267     0         35151     
0         16835     28992     12388     3340      17325     0         17108     11094     22307     
25812     6798      8340      15955     0         10338     30352     13245     2340      15068     
6340      676       0         10118     21272     256       7340      8458      0         18665     
0         45395     22492     1516      5340      38945     0         1096      21932     11778     
23312     53918     4340      37295     0         50738     27852     44445     4340      1936      
RESULT of P * G
 

79721     235330    109782    140921    0         0         176331    209682    240914    15158     
91382     212393    0         154395    251279    129850    79938     95025     0         635       
0         115239    90251     108565    9538      94925     0         175595    169061    108165    
156995    129844    167426    98871     0         22284     41357     74301     213982    168855    
40646     9788      0         17332     237729    128004    44202     3984      0         133661    
0         242643    228905    112572    54326     165393    0         65392     203240    164200    
79721     217603    109782    171055    0         24809     176331    223725    240914    65056     
91382     14851     0         95715     251279    163261    79938     89553     0         117005    
0         230746    90251     70887     9538      15466     0         149341    169061    176365    
156995    233249    167426    50114     0         181815    41357     218410    213982    33177     
RESULT of P G * G
 
 
27468     58092     23514     31742     0         0         32458     56232     17514     36969     
16114     16757     0         26095     22478     55052     19814     23625     0         34722     
0         15787     23698     19717     12414     14417     0         18887     19088     27265     
22718     11817     14114     20227     0         10707     27708     16857     8714      23947     
16542     9116      0         12837     18456     7696      11142     14127     0         18897     
0         5333      28848     5656      21214     5823      0         8036      20958     10247     
27468     1380      23514     4453      0         2580      32458     3543      17514     7076      
16114     136       0         2180      22478     76        19814     1780      0         5363      
0         47699     23698     256       12414     45209     0         196       19088     2580      
22718     40382     14114     42479     0         40802     27708     46389     8714      316       
RESULT of P * Gt
 

1080      226292    14839     79457     0         0         21664     259556    157697    194310    
64055     14037     0         77555     114472    69772     244169    137989    0         254503    
0         246977    68580     254817    233529    150831    0         147827    259220    55521     
227868    252190    99689     210113    0         259110    141764    120023    249603    25719     
68013     259004    0         112150    234236    242684    103339    61426     0         138447    
0         192247    205136    144388    180423    18273     0         106824    220333    45874     
1080      90651     14839     260107    0         125981    21664     112477    157697    52064     
64055     53671     0         152491    114472    46561     244169    131621    0         23293     
0         30586     68580     70891     233529    104954    0         59281     259220    182561    
227868    196289    99689     154002    0         77755     141764    95650     249603    64501     
RESULT of PG * Gt
 
 
21397     55359     4950      65771     0         0         21675     55171     4330      44133     
4790      26756     0         45967     21119     54697     4870      45414     0         66429     
0         44146     20863     27304     4710      44459     0         27185     20841     46210     
21297     30105     4650      45130     0         29778     21575     44523     4630      27763     
4490      16568     0         30459     21019     16300     4570      30552     0         45087     
0         18896     21363     15934     4410      18945     0         16406     20741     30056     
21397     10353     4950      18808     0         10707     21675     18537     4330      16202     
4790      1729      0         10685     21119     1687      4870      10519     0         19079     
0         45278     20863     1813      4710      44633     0         1771      20841     10851     
21297     66995     4650      44468     0         66677     21575     45183     4630      1855      
RESULT of Pt * G
 

23667     179654    17848     117350    0         0         80774     126800    41332     251725    
25788     86009     0         189000    20578     18017     110178    151887    0         207272    
0         7987      256771    220601    218422    181429    0         120511    178492    120867    
129853    225760    202544    73941     0         127649    128182    46305     24612     82042     
197836    75033     0         157501    136130    228091    218986    253978    0         209295    
0         235764    89147     129386    217458    236980    0         104650    132108    76420     
23667     224015    17848     6234      0         48912     80774     42630     41332     158540    
25788     203599    0         206535    20578     128714    110178    52862     0         101943    
0         178542    256771    214129    218422    172061    0         33718     178492    150576    
129853    125316    202544    157431    0         252358    128182    250594    24612     244376    
RESULT of [PG]t * G
 
 
38807     48633     2037      19070     0         0         23007     48299     2073      13369     
1965      34469     0         18642     44009     48537     2001      19092     0         18459     
0         39418     47130     34009     2059      39375     0         34284     37106     18102     
43415     32656     1987      39234     0         32597     48672     39371     2023      33644     
1955      43121     0         32504     4848      42942     1971      32625     0         39007     
0         44263     22906     43519     2109      44101     0         43110     18014     32703     
38807     39614     2037      44447     0         38971     23007     44845     2073      42838     
1965      217       0         39320     44009     211       2001      39387     0         44319     
0         13751     47130     229       2059      13545     0         223       37106     38713     
43415     19222     1987      14163     0         18853     48672     13957     2023      235       
RESULT of Pt * Gt
 

5138      194129    30473     161908    0         0         64710     233194    242884    2917      
119708    252474    0         206378    229560    196821    242740    244080    0         49857     
0         185041    243797    75208     200211    84195     0         256406    160498    130985    
217291    238026    111207    163635    0         142350    128072    92000     191100    91538     
55774     42567     0         167272    134851    194894    156532    56351     0         1250      
0         199393    44626     24905     239625    253652    0         40741     11304     218053    
5138      66797     30473     144771    0         253499    64710     161291    242884    252770    
119708    229324    0         115679    229560    40650     242740    119719    0         36299     
0         221284    243797    234620    200211    116740    0         240407    160498    66032     
217291    143295    111207    66282     0         242044    128072    23853     191100    175889    
RESULT of [PG]t * Gt
 
