 ---------------BEGINNING OF SECTION (See end of Section for details)---------------
1         1         1         0         0         11        1         1         1         0         0         12        
1         1         1         0         0         22        1         1         1         0         0         23        
1         1         1         0         0         33        1         1         1         0         0         34        
1         1         1         0         0         44        1         1         1         0         0         45        
1         1         1         0         0         55        1         1         1         0         0         56        
1         1         1         0         0         66        1         1         1         0         0         67        
1         1         1         0         0         77        1         1         1         0         0         78        
1         1         1         0         0         88        1         1         1         0         0         89        
1         1         1         0         0         99        1         1         1         0         0         100       
1         1         1         0         0         110       1         1         1         0         0         111       
1         1         1         0         0         121       1         1         1         0         0         122       
1         1         1         0         0         144       1         1         1         0         0         133       
--------------- Data loaded into BRAM. 0 clock cycles to load,0 clock cycles to unload---------------
 
---------------BEGINNING OF SECTION (See end of Section for details)---------------
0         0         148760    163780    133240    134452    0         0         168560    147364    122296    161380    
0         0         143288    145636    162904    94952     0         0         143216    163204    146200    117748    
0         0         128168    121732    145336    65676     0         0         134720    131812    162616    83456     
0         0         126296    109348    120280    56460     0         0         125360    113668    131800    59700     
0         0         139664    112060    108592    62884     0         0         130976    108772    112504    63084     
0         0         171368    132964    115096    75632     0         0         145504    120700    110032    71908     
0         0         148760    163780    133240    68180     0         0         168560    147364    122296    85640     
0         0         143288    145636    162904    40944     0         0         143216    163204    146200    57740     
0         0         128168    121732    145336    16864     0         0         134720    131812    162616    32112     
0         0         126296    109348    120280    5776      0         0         125360    113668    131800    9952      
0         0         139664    112060    108592    3260      0         0         130976    108772    112504    7864      
0         0         171368    132964    115096    162244    0         0         145504    120700    110032    4148      
--------------- result of P * G from upper bank of BRAM. 0 clock cycles to finish multiplication, 0 clock cycles to unload---------------
 
---------------BEGINNING OF SECTION (See end of Section for details)---------------
0         0         240272    162712    90464     32776     0         0         127384    62088     183088    220504    
0         0         176192    90472     93488     193368    0         0         186344    150488    254624    36168     
0         0         85712     82936     173632    41080     0         0         111768    225544    110512    158816    
0         0         33152     208616    96016     92556     0         0         214216    59960     31392     10000     
0         0         19328     69048     10816     48236     0         0         227560    177896    158672    111084    
0         0         123152    137352    97616     236388    0         0         190032    12952     23680     230028    
0         0         240272    162712    90464     188812    0         0         127384    62088     183088    197692    
0         0         176192    90472     93488     21764     0         0         186344    150488    254624    105668    
0         0         85712     82936     173632    62404     0         0         111768    225544    110512    25604     
0         0         33152     208616    96016     99128     0         0         214216    59960     31392     24772     
0         0         19328     69048     10816     139536    0         0         227560    177896    158672    272       
0         0         123152    137352    97616     244440    0         0         190032    12952     23680     138232    
--------------- result of PG * G from upper bank of BRAM. 0 clock cycles to finish multiplication, 0 clock cycles to unload---------------
 
 ---------------BEGINNING OF SECTION (See end of Section for details)---------------
0         0         141676    157268    161444    107920    0         0         148672    165932    153404    130492    
0         0         142804    145988    147284    79970     0         0         139432    150620    152492    99928     
0         0         134284    147956    142916    59934     0         0         147040    145100    144092    76394     
0         0         120004    123428    131060    48144     0         0         125272    133820    145484    61086     
0         0         122174    115206    114774    40180     0         0         118480    116780    120380    51600     
0         0         157684    157604    149108    36230     0         0         144558    135198    130734    45244     
0         0         141676    157268    161444    29570     0         0         148672    165932    153404    41486     
0         0         142804    145988    147284    14940     0         0         139432    150620    152492    24674     
0         0         134284    147956    142916    5776      0         0         147040    145100    144092    12444     
0         0         120004    123428    131060    2410      0         0         125272    133820    145484    5992      
0         0         122174    115206    114774    422       0         0         118480    116780    120380    2914      
0         0         157684    157604    149108    140860    0         0         144558    135198    130734    518       
--------------- result of P * Gt from upper bank of BRAM. 0 clock cycles to finish multiplication, 0 clock cycles to unload---------------
 
---------------BEGINNING OF SECTION (See end of Section for details)---------------
0         0         142324    221056    179600    154840    0         0         224356    78704     75424     162868    
0         0         98420     229248    231376    193838    0         0         241076    25312     161200    131624    
0         0         2996      213968    24992     197778    0         0         71700     126864    168896    167510    
0         0         191828    73920     159472    228924    0         0         150388    49152     218928    106762    
0         0         73970     207822    208926    46656     0         0         125620    89344     52080     245724    
0         0         94260     110272    250896    238094    0         0         33614     100414    54382     236176    
0         0         142324    221056    179600    86642     0         0         224356    78704     75424     6694      
0         0         98420     229248    231376    151920    0         0         241076    25312     161200    234890    
0         0         2996      213968    24992     231940    0         0         71700     126864    168896    136080    
0         0         191828    73920     159472    170134    0         0         150388    49152     218928    255380    
0         0         73970     207822    208926    259338    0         0         125620    89344     52080     205102    
0         0         94260     110272    250896    58196     0         0         33614     100414    54382     19634     
--------------- result of PG * Gt from upper bank of BRAM. 0 clock cycles to finish multiplication, 0 clock cycles to unload---------------
 
 ---------------BEGINNING OF SECTION (See end of Section for details)---------------
0         0         168658    169690    167002    145210    0         0         170122    168298    166066    170818    
0         0         166666    168226    169522    123321    0         0         167506    169666    168106    143818    
0         0         165778    166282    168106    106431    0         0         166138    167098    169522    122363    
0         0         165994    165298    166066    94740     0         0         165730    165634    167002    105933    
0         0         167458    165562    165130    87260     0         0         166570    165274    165442    95292     
0         0         170170    167074    165442    82595     0         0         168658    166162    165130    88012     
0         0         168658    169690    167002    59765     0         0         170122    168298    166066    83429     
0         0         166666    168226    169522    39910     0         0         167506    169666    168106    58895     
0         0         165778    166282    168106    24322     0         0         166138    167098    169522    39174     
0         0         165994    165298    166066    13201     0         0         165730    165634    167002    23746     
0         0         167458    165562    165130    5559      0         0         166570    165274    165442    13375     
0         0         170170    167074    165442    170890    0         0         168658    166162    165130    5633      
--------------- result of Pt * G from upper bank of BRAM. 0 clock cycles to finish multiplication, 0 clock cycles to unload---------------
 
---------------BEGINNING OF SECTION (See end of Section for details)---------------
0         0         198408    217812    139884    141832    0         0         226780    2300      6512      179512    
0         0         26504     50372     192140    32210     0         0         152676    197212    237888    68720     
0         0         86464     172844    228244    221346    0         0         140892    61532     64376     217697    
0         0         165584    86084     65180     48140     0         0         246916    30772     216160    48755     
0         0         182816    37708     80428     176142    0         0         190484    237364    34744     50596     
0         0         250304    77092     223644    202742    0         0         198492    112732    112448    88754     
0         0         198408    217812    139884    255806    0         0         226780    2300      6512      235269    
0         0         26504     50372     192140    105460    0         0         152676    197212    237888    43585     
0         0         86464     172844    228244    110374    0         0         140892    61532     64376     209500    
0         0         165584    86084     65180     73616     0         0         246916    30772     216160    24926     
0         0         182816    37708     80428     240172    0         0         190484    237364    34744     124037    
0         0         250304    77092     223644    5752      0         0         198492    112732    112448    77215     
--------------- result of [PG]t * G from upper bank of BRAM. 0 clock cycles to finish multiplication, 0 clock cycles to unload---------------
 
 ---------------BEGINNING OF SECTION (See end of Section for details)---------------
0         0         214711    126628    124660    52338     0         0         202350    126392    123596    28795     
0         0         233352    125516    123116    70614     0         0         224759    124884    124860    52800     
0         0         256469    125268    125172    85697     0         0         245572    127012    123712    71390     
0         0         4746      126460    123700    95139     0         0         1805      125432    123428    85261     
0         0         132621    126308    123116    100908    0         0         7930      124716    124836    94797     
0         0         184262    125292    125340    117116    0         0         159409    127036    124672    102218    
0         0         214711    126628    124660    126195    0         0         202350    126392    123596    115732    
0         0         233352    125516    123116    132369    0         0         224759    124884    124860    125775    
0         0         256469    125268    125172    138650    0         0         245572    127012    123712    134015    
0         0         4746      126460    123700    140058    0         0         1805      125432    123428    138148    
0         0         132621    126308    123116    543       0         0         7930      124716    124836    139026    
0         0         184262    125292    125340    30233     0         0         159409    127036    124672    551       
--------------- result of Pt * Gt from upper bank of BRAM. 0 clock cycles to finish multiplication, 0 clock cycles to unload---------------
 
---------------BEGINNING OF SECTION (See end of Section for details)---------------
0         0         135948    139230    253322    2626      0         0         25306     221938    193050    239556    
0         0         73176     89766     157684    86160     0         0         203919    97190     42262     25826     
0         0         141038    192000    100466    7229      0         0         12546     245690    141358    170510    
0         0         60802     88870     106394    56173     0         0         189499    225234    149670    72872     
0         0         234262    51678     29712     54810     0         0         211002    3518      61650     33254     
0         0         41156     259308    155130    169940    0         0         79135     16914     19966     239286    
0         0         135948    139230    253322    71325     0         0         25306     221938    193050    100316    
0         0         73176     89766     157684    83859     0         0         203919    97190     42262     141630    
0         0         141038    192000    100466    82426     0         0         12546     245690    141358    26086     
0         0         60802     88870     106394    26136     0         0         189499    225234    149670    157440    
0         0         234262    51678     29712     203647    0         0         211002    3518      61650     20936     
0         0         41156     259308    155130    154009    0         0         79135     16914     19966     125728    
--------------- result of [PG]t * Gt from upper bank of BRAM. 0 clock cycles to finish multiplication, 0 clock cycles to unload---------------
 
