 ---------------BEGINNING OF SECTION (See end of Section for details)---------------
0         12        1         1         1         0         0         13        1         1         1         0         0         14        
1         25        0         10        1         1         1         26        0         11        1         1         1         27        
1         38        1         23        0         8         1         39        1         24        0         9         1         40        
0         51        1         36        1         21        0         52        1         37        1         22        0         53        
1         64        0         49        1         34        1         65        0         50        1         35        1         66        
1         77        1         62        0         47        1         78        1         63        0         48        1         79        
0         90        1         75        1         60        0         91        1         76        1         61        0         92        
1         103       0         88        1         73        1         104       0         89        1         74        1         105       
1         116       1         101       0         86        1         117       1         102       0         87        1         118       
0         129       1         114       1         99        0         130       1         115       1         100       0         131       
1         142       0         127       1         126       1         143       0         128       1         113       1         144       
1         155       1         154       0         139       1         156       1         141       0         140       1         157       
0         182       1         167       1         152       0         169       1         168       1         153       0         170       
1         195       0         180       1         165       1         196       0         181       1         166       1         183       
--------------- Data loaded into BRAM. 0 clock cycles to load,0 clock cycles to unload---------------
 
---------------BEGINNING OF SECTION (See end of Section for details)---------------
74168     8012      0         0         74136     98949     83926     259439    0         0         83852     103163    63500     43370     
89284     260656    70920     238502    0         0         79792     2972      80678     1200      0         0         64420     250913    
0         830       81024     196630    65124     173209    0         18560     90740     239370    61162     193550    0         20668     
74070     226702    0         165649    70216     162782    83828     3070      0         225190    71308     177367    55366     20184     
43980     151817    54722     149398    0         128857    53528     195482    64312     165299    0         150406    63244     228842    
0         123274    65932     140281    73258     110135    0         175967    14266     138198    80440     147799    0         221494    
74168     145041    0         120775    74136     90981     83926     144414    0         126099    83852     105165    63500     173069    
89284     132003    70920     117945    0         77631     79792     141051    80678     136385    0         104463    64420     139682    
0         122173    81024     83539     65124     51778     0         138989    90740     114375    61162     87641     0         148429    
74070     75531     0         51414     70216     21405     83828     104687    0         93549     71308     46010     55366     120691    
43980     37134     54722     3261      0         68430     53528     68881     64312     31730     0         23407     63244     98569     
0         7265      65932     69354     73258     60897     0         42538     14266     5263      80440     71146     0         78891     
74168     34410     0         45805     74136     35816     83926     9267      0         51882     83852     61191     63500     20306     
89284     28557     70920     37104     0         258276    79792     65938     80678     33359     0         43124     64420     11269     
--------------- result of P * G from upper bank of BRAM. 0 clock cycles to finish multiplication, 0 clock cycles to unload---------------
 
---------------BEGINNING OF SECTION (See end of Section for details)---------------
32867     58910     0         0         74787     169786    211049    30538     0         0         165349    240974    11723     141113    
5025      153826    70015     235135    0         0         13419     167318    135329    155046    0         0         136097    15302     
0         90471     198245    49637     10359     256575    0         147730    229279    79869     230785    175715    0         110114    
29361     6017      0         116183    29997     64301     138743    11753     0         203127    200799    164557    254269    207598    
81719     135183    22341     258485    0         248814    185669    188055    154239    245621    0         257971    191679    73811     
0         138129    22951     21634     62109     32022     0         220789    150028    13019     98075     33134     0         22245     
32867     90094     0         27442     74787     248281    211049    259487    0         115850    165349    82022     11723     190295    
5025      130234    70015     244629    0         25195     13419     41074     135329    161910    0         227971    136097    29677     
0         77397     198245    249243    10359     138195    0         198414    229279    47659     230785    90445     0         232822    
29361     24411     0         4175      29997     206874    138743    254175    0         195277    200799    204741    254269    19918     
81719     109703    22341     8462      0         38069     185669    259009    154239    104669    0         124438    191679    140265    
0         89102     22951     216685    62109     217902    0         101241    150028    124506    98075     50623     0         57843     
32867     123853    0         82270     74787     78370     211049    27962     0         22927     165349    203946    11723     39643     
5025      91610     70015     243418    0         14858     13419     128183    135329    30510     0         246310    136097    173886    
--------------- result of PG * G from upper bank of BRAM. 0 clock cycles to finish multiplication, 0 clock cycles to unload---------------
 
 ---------------BEGINNING OF SECTION (See end of Section for details)---------------
128794    229986    0         0         87357     109063    146742    4159      0         0         98893     123105    126862    50962     
94497     189338    127002    158630    0         0         68989     224946    144950    193846    0         0         75821     261053    
0         164174    72405     123778    127758    97965     0         197374    83941     155130    109054    125794    0         232450    
109586    143658    0         102053    52861     74070     127534    177334    0         131954    60869     97755     109810    212466    
56317     94773     75886     87622     0         58813     65657     122630    91638     112623    0         77710     77193     151882    
0         78242     108273    54949     144810    47891     0         104363    74001     72054     129086    67563     0         133354    
128794    69901     0         44699     87357     25461     146742    89918     0         61151     98893     38553     126862    117481    
94497     47191     127002    33497     0         16947     68989     65911     144950    50845     0         29479     75821     85914     
0         34085     72405     17759     127758    8176      0         49809     83941     30655     109054    19313     0         68193     
109586    14847     0         9268      52861     1827      127534    27519     0         20125     60869     8232      109810    42431     
56317     6636      75886     427       0         66558     65657     15841     91638     5600      0         2009      77193     27225     
0         791       108273    63842     144810    15709     0         7672      74001     609       129086    59810     0         18207     
128794    55834     0         32649     87357     242502    146742    973       0         77674     98893     19279     126862    6552      
94497     21953     127002    238694    0         214622    68989     67706     144950    13287     0         254906    75821     1155      
--------------- result of P * Gt from upper bank of BRAM. 0 clock cycles to finish multiplication, 0 clock cycles to unload---------------
 
---------------BEGINNING OF SECTION (See end of Section for details)---------------
77737     228374    0         0         207301    167022    195767    94374     0         0         73655     136306    59501     36577     
232803    132882    224237    158681    0         0         101669    186102    86571     161666    0         0         13935     57050     
0         127201    49779     5733      121365    169767    0         124078    167913    15875     206547    173035    0         251858    
231463    173873    0         245775    51747     183911    203213    122719    0         210903    235013    18533     104671    80558     
255965    19719     162451    89495     0         183802    206627    253399    56621     53565     0         86845     105949    142701    
0         29563     234793    136278    144319    108702    0         37853     131990    37541     141997    38474     0         97765     
77737     78498     0         75266     207301    257827    195767    90681     0         109590    73655     137450    59501     21295     
232803    16890     224237    252079    0         209951    101669    74486     86571     32186     0         47913     13935     29367     
0         98927     49779     257711    121365    251955    0         192130    167913    126745    206547    24665     0         9058      
231463    87415     0         160535    51747     246530    203213    48949     0         172177    235013    24749     104671    237918    
255965    76655     162451    134838    0         45293     206627    6573      56621     181165    0         260362    105949    119995    
0         193078    234793    230213    144319    261050    0         49473     131990    123974    141997    176711    0         36287     
77737     70741     0         237154    207301    133818    195767    43550     0         106183    73655     238502    59501     252291    
232803    75926     224237    197594    0         209130    101669    152543    86571     246330    0         213438    13935     100790    
--------------- result of PG * Gt from upper bank of BRAM. 0 clock cycles to finish multiplication, 0 clock cycles to unload---------------
 
 ---------------BEGINNING OF SECTION (See end of Section for details)---------------
97703     107150    0         0         41398     161989    98372     123174    0         0         41692     162262    96885     159421    
41888     74146     97527     56893     0         0         40810     106790    98196     74338     0         0         41104     122565    
0         58641     41300     16191     97169     226535    0         75578     41594     56955     96858     15971     0         108054    
97892     18339     0         225995    40712     195438    98561     58801     0         18231     41006     226832    96500     75694     
40026     225007    96554     194482    0         177854    40320     16109     97223     225970    0         194554    40614     56203     
0         192616    41986     178670    97554     146015    0         226732    39732     193682    98223     179207    0         17967     
97703     179010    0         146775    41398     130995    98372     194126    0         177657    41692     145660    96885     226525    
41888     147577    97527     132921    0         94544     40810     178725    98196     147890    0         131958    41104     193788    
0         133223    41300     94966     97169     44979     0         148076    41594     132666    96858     95259     0         179252    
97892     94394     0         44953     40712     15061     98561     131974    0         95681     41006     44567     96500     146769    
40026     43933     96554     13765     0         161211    40320     93919     97223     43547     0         15204     40614     131537    
0         14051     41986     161277    97554     127717    0         44319     39732     13908     98223     161405    0         94634     
97703     158781    0         126639    41398     109136    98372     14194     0         160029    41692     127738    96885     42731     
41888     125407    97527     109228    0         73976     40810     161033    98196     125750    0         109658    41104     14337     
--------------- result of Pt * G from upper bank of BRAM. 0 clock cycles to finish multiplication, 0 clock cycles to unload---------------
 
---------------BEGINNING OF SECTION (See end of Section for details)---------------
261017    70371     0         0         142656    136960    92139     33776     0         0         222624    38681     45060     203251    
56808     85666     11823     13608     0         0         17306     1189      176979    10996     0         0         136338    19920     
0         71226     211198    99874     135772    111344    0         236478    147788    115203    40474     113175    0         53332     
8907      70761     0         145693    60294     26420     131108    224385    0         57130     54250     77106     146973    33394     
252082    236020    111174    93387     0         73428     247596    74803     88913     222728    0         89171     52702     26031     
0         182970    147672    89777     238246    184160    0         39623     195500    67636     41701     14349     0         231843    
261017    147081    0         100870    142656    108242    92139     166090    0         100128    222624    136801    45060     9797      
56808     249954    11823     25830     0         166892    17306     241180    176979    250990    0         255076    136338    233822    
0         200634    211198    210776    135772    224696    0         129411    147788    141900    40474     157753    0         216286    
8907      120569    0         118259    60294     215138    131108    201898    0         20045     54250     27401     146973    42628     
252082    163013    111174    116967    0         170902    247596    40878     88913     99601     0         152674    52702     175154    
0         171454    147672    184787    238246    20848     0         250477    195500    48189     41701     69285     0         115271    
261017    84891     0         167771    142656    76200     92139     239576    0         196777    222624    146309    45060     86422     
56808     179318    11823     177438    0         149620    17306     130287    176979    110458    0         164536    136338    242518    
--------------- result of [PG]t * G from upper bank of BRAM. 0 clock cycles to finish multiplication, 0 clock cycles to unload---------------
 
 ---------------BEGINNING OF SECTION (See end of Section for details)---------------
13947     142483    0         0         180474    102443    14099     84419     0         0         147152    97732     14251     62089     
252986    177099    14385     174466    0         0         242153    143720    13795     175394    0         0         179861    85342     
0         178158    55571     238570    14081     252173    0         178804    231838    176221    14233     239252    0         144957    
14045     242890    0         251983    12816     228369    14197     180095    0         240730    49305     249460    13929     180509    
4796      255517    13769     233669    0         54941     75505     243328    13893     254506    0         231019    96966     180100    
0         232207    88831     59441     14403     48922     0         251950    66221     235017    13645     57737     0         238768    
13947     52531     0         49752     180474    12516     14099     229537    0         57211     147152    51094     14251     251575    
252986    46480     14385     6362      0         94741     242153    55327     13795     43426     0         11826     179861    232187    
0         12332     55571     90265     14081     69113     0         49534     231838    9256      14233     89976     0         58123     
14045     95281     0         70445     12816     1229      14197     13742     0         93396     49305     67161     13929     50502     
4796      71455     13769     1129      0         64201     75505     92840     13893     72903     0         1242      96966     10602     
0         1155      88831     62643     14403     85124     0         68649     66221     1142      13645     62057     0         89251     
13947     63815     0         86970     180474    145011    14099     1168      0         63229     147152    86047     14251     69035     
252986    88816     14385     147485    0         179659    242153    64401     13795     87893     0         146248    179861    1181      
--------------- result of Pt * Gt from upper bank of BRAM. 0 clock cycles to finish multiplication, 0 clock cycles to unload---------------
 
---------------BEGINNING OF SECTION (See end of Section for details)---------------
203163    11437     0         0         149074    119989    88029     172341    0         0         197772    198879    34671     123685    
200259    149239    237351    160532    0         0         204154    53714     143254    259815    0         0         252190    206102    
0         253389    166738    41618     147908    12199     0         188211    204682    221347    202592    178258    0         206031    
246250    30148     0         39058     45587     250708    75984     131555    0         147013    228016    259713    29279     55390     
244076    142276    90410     203760    0         62827     211124    240653    144929    65050     0         149554    68697     149663    
0         62831     149710    41228     18069     92182     0         52745     233951    185765    219229    250789    0         110928    
203163    102662    0         123883    149074    8871      88029     141428    0         42606     197772    120788    34671     236494    
200259    72197     237351    156129    0         149907    204154    72762     143254    229924    0         32755     252190    53240     
0         25853     166738    256584    147908    127154    0         42041     204682    123437    202592    222939    0         198973    
246250    90870     0         78826     45587     28000     75984     153599    0         147733    228016    12497     29279     62344     
244076    146228    90410     88323     0         145211    211124    85277     144929    136508    0         168233    68697     150009    
0         166132    149710    182043    18069     110673    0         109322    233951    191736    219229    68158     0         195958    
203163    109417    0         189238    149074    177888    88029     131165    0         160637    197772    136195    34671     167196    
200259    109046    237351    151581    0         252554    204154    34907     143254    166821    0         150200    252190    255937    
--------------- result of [PG]t * Gt from upper bank of BRAM. 0 clock cycles to finish multiplication, 0 clock cycles to unload---------------
 
