 
1         2         3         4         5         6         7         8         9         10        11        12        13        14        15        
30        16        17        18        19        20        21        22        23        24        25        26        27        28        29        
44        45        31        32        33        34        35        36        37        38        39        40        41        42        43        
58        59        60        46        47        48        49        50        51        52        53        54        55        56        57        
72        73        74        75        61        62        63        64        65        66        67        68        69        70        71        
86        87        88        89        90        76        77        78        79        80        81        82        83        84        85        
100       101       102       103       104       105       91        92        93        94        95        96        97        98        99        
114       115       116       117       118       119       120       106       107       108       109       110       111       112       113       
128       129       130       131       132       133       134       135       121       122       123       124       125       126       127       
142       143       144       145       146       147       148       149       150       136       137       138       139       140       141       
156       157       158       159       160       161       162       163       164       165       151       152       153       154       155       
170       171       172       173       174       175       176       177       178       179       180       166       167       168       169       
184       185       186       187       188       189       190       191       192       193       194       195       181       182       183       
198       199       200       201       202       203       204       205       206       207       208       209       210       196       197       
212       213       214       215       216       217       218       219       220       221       222       223       224       225       211       
INITIAL DATA
 

16920     17040     17160     17280     17400     17520     17640     17760     17880     18000     18120     18240     18360     18480     18600     
45600     40770     41115     41460     41805     42150     42495     42840     43185     43530     43875     44220     44565     44910     45255     
72030     72600     64620     65190     65760     66330     66900     67470     68040     68610     69180     69750     70320     70890     71460     
98010     98805     99600     88470     89265     90060     90855     91650     92445     93240     94035     94830     95625     96420     97215     
123540    124560    125580    126600    112320    113340    114360    115380    116400    117420    118440    119460    120480    121500    122520    
148620    149865    151110    152355    153600    136170    137415    138660    139905    141150    142395    143640    144885    146130    147375    
173250    174720    176190    177660    179130    180600    160020    161490    162960    164430    165900    167370    168840    170310    171780    
197430    199125    200820    202515    204210    205905    207600    183870    185565    187260    188955    190650    192345    194040    195735    
221160    223080    225000    226920    228840    230760    232680    234600    207720    209640    211560    213480    215400    217320    219240    
244440    246585    248730    250875    253020    255165    257310    259455    261600    231570    233715    235860    238005    240150    242295    
5126      7496      9866      12236     14606     16976     19346     21716     24086     26456     255420    257790    260160    386       2756      
27506     30101     32696     35291     37886     40481     43076     45671     48266     50861     53456     17126     19721     22316     24911     
49436     52256     55076     57896     60716     63536     66356     69176     71996     74816     77636     80456     40976     43796     46616     
70916     73961     77006     80051     83096     86141     89186     92231     95276     98321     101366    104411    107456    64826     67871     
91946     95216     98486     101756    105026    108296    111566    114836    118106    121376    124646    127916    131186    134456    88676     
RESULT of P * G
 

168704    172960    177216    181472    185728    189984    194240    198496    202752    207008    211264    215520    219776    224032    228288    
14512     120702    244189    105532    229019    90362     213849    75192     198679    60022     183509    44852     168339    29682     153169    
82306     62880     72700     53274     33848     14422     257140    237714    218288    198862    179436    160010    140584    121158    101732    
173782    11443     111248    24698     124503    224308    61969     161774    261579    99240     199045    36706     136511    236316    73977     
26796     245832    202724    159616    238840    195732    152624    109516    66408     23300     242336    199228    156120    113012    69904     
165636    241759    55738     131861    207984    190838    4817      80940     157063    233186    47165     123288    199411    13390     89513     
66014     261368    194578    127788    60998     256352    142836    76046     9256      204610    137820    71030     4240      199594    132804    
252218    42515     94956     147397    199838    252279    42576     94834     147275    199716    252157    42454     94895     147336    199777    
199960    109488    19016     190688    100216    9744      181416    90944     46832     218504    128032    37560     209232    118760    28288     
171384    200143    228902    257661    24276     53035     81794     110553    139312    260974    27589     56348     85107     113866    142625    
166490    52336     200326    86172     234162    120008    5854      153844    39690     187680    212972    98818     246808    132654    18500     
185278    190355    195432    200509    205586    210663    215740    220817    225894    230971    236048    164970    170047    175124    180201    
227748    89912     214220    76384     200692    62856     187164    49328     173636    35800     160108    22272     116968    241276    103440    
31756     13151     256690    238085    219480    200875    182270    163665    145060    126455    107850    89245     70640     68966     50361     
121590    222216    60698     161324    261950    100432    201058    39540     140166    240792    79274     179900    18382     119008    20964     
RESULT of P G * G
 
 
1240      3040      4840      6640      8440      10240     12040     13840     15640     17440     19240     21040     22840     24640     26440     
75490     3040      8215      13390     18565     23740     28915     34090     39265     44440     49615     54790     59965     65140     70315     
115990    124540    4840      13390     21940     30490     39040     47590     56140     64690     73240     81790     90340     98890     107440    
149740    161665    173590    6640      18565     30490     42415     54340     66265     78190     90115     102040    113965    125890    137815    
176740    192040    207340    222640    8440      23740     39040     54340     69640     84940     100240    115540    130840    146140    161440    
196990    215665    234340    253015    9546      10240     28915     47590     66265     84940     103615    122290    140965    159640    178315    
210490    232540    254590    14496     36546     58596     12040     34090     56140     78190     100240    122290    144340    166390    188440    
217240    242665    5946      31371     56796     82221     107646    13840     39265     64690     90115     115540    140965    166390    191815    
217240    246040    12696     41496     70296     99096     127896    156696    15640     44440     73240     102040    130840    159640    188440    
210490    242665    12696     44871     77046     109221    141396    173571    205746    17440     49615     81790     113965    146140    178315    
196990    232540    5946      41496     77046     112596    148146    183696    219246    254796    19240     54790     90340     125890    161440    
176740    215665    254590    31371     70296     109221    148146    187071    225996    2777      41702     21040     59965     98890     137815    
149740    192040    234340    14496     56796     99096     141396    183696    225996    6152      48452     90752     22840     65140     107440    
115990    161665    207340    253015    36546     82221     127896    173571    219246    2777      48452     94127     139802    24640     70315     
75490     124540    173590    222640    9546      58596     107646    156696    205746    254796    41702     90752     139802    188852    26440     
RESULT of P * Gt
 

67648     35920     4192      234608    202880    171152    139424    107696    75968     44240     12512     242928    211200    179472    147744    
84270     131488    53217     237090    158819    80548     2277      186150    107879    29608     213481    135210    56939     240812    162541    
145610    20796     195328    70514     207844    83030     220360    95546     232876    108062    245392    120578    257908    133094    8280      
37892     128679    219466    259168    87811     178598    7241      98028     188815    17458     108245    199032    27675     118462    209249    
23260     67504     111748    155992    60864     105108    149352    193596    237840    19940     64184     108428    152672    196916    241160    
101714    99415     97116     94817     92518     124704    122405    120106    117807    115508    113209    110910    108611    106312    104013    
11110     224412    175570    126728    77886     29044     188544    139702    90860     42018     255320    206478    157636    108794    59952     
13592     180351    84966     251725    156340    60955     227714    252384    156999    61614     228373    132988    37603     204362    108977    
109160    229376    87448     207664    65736     185952    44024     164240    54080     174296    32368     152584    10656     130872    251088    
35670     109343    183016    256689    68218     141891    215564    27093     100766    117920    191593    3122      76795     150468    224141    
55266     82396     109526    136656    163786    190916    218046    245176    10162     37292     181760    208890    236020    1006      28136     
167948    148535    129122    109709    90296     70883     51470     32057     12644     255375    235962    245600    226187    206774    187361    
111572    45616     241804    175848    109892    43936     240124    174168    108212    42256     238444    172488    47296     243484    177528    
148282    35783     185428    72929     222574    110075    259720    147221    34722     184367    71868     221513    109014    111136    260781    
15934     119036    222138    63096     166198    7156      110258    213360    54318     157420    260522    101480    204582    45540     174976    
RESULT of PG * Gt
 
 
231540    233130    234720    236310    237900    239490    241080    242670    244260    245850    247440    249030    250620    252210    253800    
255600    233130    234735    236340    237945    239550    241155    242760    244365    245970    247575    249180    250785    252390    253995    
255780    257400    234720    236340    237960    239580    241200    242820    244440    246060    247680    249300    250920    252540    254160    
255930    257565    259200    236310    237945    239580    241215    242850    244485    246120    247755    249390    251025    252660    254295    
256050    257700    259350    261000    237900    239550    241200    242850    244500    246150    247800    249450    251100    252750    254400    
256140    257805    259470    261135    656       239490    241155    242820    244485    246150    247815    249480    251145    252810    254475    
256200    257880    259560    261240    776       2456      241080    242760    244440    246120    247800    249480    251160    252840    254520    
256230    257925    259620    261315    866       2561      4256      242670    244365    246060    247755    249450    251145    252840    254535    
256230    257940    259650    261360    926       2636      4346      6056      244260    245970    247680    249390    251100    252810    254520    
256200    257925    259650    261375    956       2681      4406      6131      7856      245850    247575    249300    251025    252750    254475    
256140    257880    259620    261360    956       2696      4436      6176      7916      9656      247440    249180    250920    252660    254400    
256050    257805    259560    261315    926       2681      4436      6191      7946      9701      11456     249030    250785    252540    254295    
255930    257700    259470    261240    866       2636      4406      6176      7946      9716      11486     13256     250620    252390    254160    
255780    257565    259350    261135    776       2561      4346      6131      7916      9701      11486     13271     15056     252210    253995    
255600    257400    259200    261000    656       2456      4256      6056      7856      9656      11456     13256     15056     16856     253800    
RESULT of Pt * G
 

93732     63766     33800     3834      236012    206046    176080    146114    116148    86182     56216     26250     258428    228462    198496    
166768    230342    225801    221260    216719    212178    207637    203096    198555    194014    189473    184932    180391    175850    171309    
114156    135040    104808    125692    146576    167460    188344    209228    230112    250996    9736      30620     51504     72388     93272     
10694     57003     103312    241418    25583     71892     118201    164510    210819    257128    41293     87602     133911    180220    226529    
118526    190260    261994    71584     115884    187618    259352    68942     140676    212410    22000     93734     165468    237202    46792     
175508    10523     107682    204841    39856     252494    87509     184668    19683     116842    214001    49016     146175    243334    78349     
181640    42080     164664    25104     147688    8128      126960    249544    109984    232568    93008     215592    76032     198616    59056     
136922    22787     170796    56661     204670    90535     238544    1426      149435    35300     183309    69174     217183    103048    251057    
41354     214788    126078    37368     210802    122092    33382     206816    138036    49326     222760    134050    45340     218774    130064    
157080    93795     30510     229369    166084    102799    39514     238373    175088    12502     211361    148076    84791     21506     220365    
221956    184096    146236    108376    70516     32656     256940    219080    181220    143360    149112    111252    73392     35532     259816    
235982    223547    211112    198677    186242    173807    161372    148937    136502    124067    111632    23578     11143     260852    248417    
199158    212148    225138    238128    251118    1964      14954     27944     40934     53924     66914     79904     160188    173178    186168    
111484    149899    188314    226729    3000      41415     79830     118245    156660    195075    233490    9761      48176     34654     73069     
235104    36800     100640    164480    228320    30016     93856     157696    221536    23232     87072     150912    214752    16448     171264    
RESULT of [PG]t * G
 
 
16920     40770     64620     88470     112320    136170    160020    183870    207720    231570    255420    17126     40976     64826     88676     
91946     17040     41115     65190     89265     113340    137415    161490    185565    209640    233715    257790    19721     43796     67871     
70916     95216     17160     41460     65760     90060     114360    138660    162960    187260    211560    235860    260160    22316     46616     
49436     73961     98486     17280     41805     66330     90855     115380    139905    164430    188955    213480    238005    386       24911     
27506     52256     77006     101756    17400     42150     66900     91650     116400    141150    165900    190650    215400    240150    2756      
5126      30101     55076     80051     105026    17520     42495     67470     92445     117420    142395    167370    192345    217320    242295    
244440    7496      32696     57896     83096     108296    17640     42840     68040     93240     118440    143640    168840    194040    219240    
221160    246585    9866      35291     60716     86141     111566    17760     43185     68610     94035     119460    144885    170310    195735    
197430    223080    248730    12236     37886     63536     89186     114836    17880     43530     69180     94830     120480    146130    171780    
173250    199125    225000    250875    14606     40481     66356     92231     118106    18000     43875     69750     95625     121500    147375    
148620    174720    200820    226920    253020    16976     43076     69176     95276     121376    18120     44220     70320     96420     122520    
123540    149865    176190    202515    228840    255165    19346     45671     71996     98321     124646    18240     44565     70890     97215     
98010     124560    151110    177660    204210    230760    257310    21716     48266     74816     101366    127916    18360     44910     71460     
72030     98805     125580    152355    179130    205905    232680    259455    24086     50861     77636     104411    131186    18480     45255     
45600     72600     99600     126600    153600    180600    207600    234600    261600    26456     53456     80456     107456    134456    18600     
RESULT of Pt * Gt
 

67648     131488    195328    259168    60864     124704    188544    252384    54080     117920    181760    245600    47296     111136    174976    
15934     35920     53217     70514     87811     105108    122405    139702    156999    174296    191593    208890    226187    243484    260781    
148282    119036    4192      237090    207844    178598    149352    120106    90860     61614     32368     3122      236020    206774    177528    
111572    35783     222138    234608    158819    83030     7241      193596    117807    42018     228373    152584    76795     1006      187361    
167948    45616     185428    63096     202880    80548     220360    98028     237840    115508    255320    132988    10656     150468    28136     
55266     148535    241804    72929     166198    171152    2277      95546     188815    19940     113209    206478    37603     130872    224141    
35670     82396     129122    175848    222574    7156      139424    186150    232876    17458     64184     110910    157636    204362    251088    
109160    109343    109526    109709    109892    110075    110258    107696    107879    108062    108245    108428    108611    108794    108977    
13592     229376    183016    136656    90296     43936     259720    213360    75968     29608     245392    199032    152672    106312    59952     
11110     180351    87448     256689    163786    70883     240124    147221    54318     44240     213481    120578    27675     196916    104013    
101714    224412    84966     207664    68218     190916    51470     174168    34722     157420    12512     135210    257908    118462    241160    
23260     99415     175570    251725    65736     141891    218046    32057     108212    184367    260522    242928    56939     133094    209249    
37892     67504     97116     126728    156340    185952    215564    245176    12644     42256     71868     101480    211200    240812    8280      
145610    128679    111748    94817     77886     60955     44024     27093     10162     255375    238444    221513    204582    179472    162541    
84270     20796     219466    155992    92518     29044     227714    164240    100766    37292     235962    172488    109014    45540     147744    
RESULT of [PG]t * Gt
 
