 
1         2         3         4         5         6         7         8         9         10        11        12        13        14        15        16        17        18        19        20        21        22        23        24        25        26        27        28        29        30        31        32        33        
66        34        35        36        37        38        39        40        41        42        43        44        45        46        47        48        49        50        51        52        53        54        55        56        57        58        59        60        61        62        63        64        65        
98        99        67        68        69        70        71        72        73        74        75        76        77        78        79        80        81        82        83        84        85        86        87        88        89        90        91        92        93        94        95        96        97        
130       131       132       100       101       102       103       104       105       106       107       108       109       110       111       112       113       114       115       116       117       118       119       120       121       122       123       124       125       126       127       128       129       
162       163       164       165       133       134       135       136       137       138       139       140       141       142       143       144       145       146       147       148       149       150       151       152       153       154       155       156       157       158       159       160       161       
194       195       196       197       198       166       167       168       169       170       171       172       173       174       175       176       177       178       179       180       181       182       183       184       185       186       187       188       189       190       191       192       193       
226       227       228       229       230       231       199       200       201       202       203       204       205       206       207       208       209       210       211       212       213       214       215       216       217       218       219       220       221       222       223       224       225       
258       259       260       261       262       263       264       232       233       234       235       236       237       238       239       240       241       242       243       244       245       246       247       248       249       250       251       252       253       254       255       256       257       
290       291       292       293       294       295       296       297       265       266       267       268       269       270       271       272       273       274       275       276       277       278       279       280       281       282       283       284       285       286       287       288       289       
322       323       324       325       326       327       328       329       330       298       299       300       301       302       303       304       305       306       307       308       309       310       311       312       313       314       315       316       317       318       319       320       321       
354       355       356       357       358       359       360       361       362       363       331       332       333       334       335       336       337       338       339       340       341       342       343       344       345       346       347       348       349       350       351       352       353       
386       387       388       389       390       391       392       393       394       395       396       364       365       366       367       368       369       370       371       372       373       374       375       376       377       378       379       380       381       382       383       384       385       
418       419       420       421       422       423       424       425       426       427       428       429       397       398       399       400       401       402       403       404       405       406       407       408       409       410       411       412       413       414       415       416       417       
450       451       452       453       454       455       456       457       458       459       460       461       462       430       431       432       433       434       435       436       437       438       439       440       441       442       443       444       445       446       447       448       449       
482       483       484       485       486       487       488       489       490       491       492       493       494       495       463       464       465       466       467       468       469       470       471       472       473       474       475       476       477       478       479       480       481       
514       515       516       517       518       519       520       521       522       523       524       525       526       527       528       496       497       498       499       500       501       502       503       504       505       506       507       508       509       510       511       512       513       
546       547       548       549       550       551       552       553       554       555       556       557       558       559       560       561       529       530       531       532       533       534       535       536       537       538       539       540       541       542       543       544       545       
578       579       580       581       582       583       584       585       586       587       588       589       590       591       592       593       594       562       563       564       565       566       567       568       569       570       571       572       573       574       575       576       577       
610       611       612       613       614       615       616       617       618       619       620       621       622       623       624       625       626       627       595       596       597       598       599       600       601       602       603       604       605       606       607       608       609       
642       643       644       645       646       647       648       649       650       651       652       653       654       655       656       657       658       659       660       628       629       630       631       632       633       634       635       636       637       638       639       640       641       
674       675       676       677       678       679       680       681       682       683       684       685       686       687       688       689       690       691       692       693       661       662       663       664       665       666       667       668       669       670       671       672       673       
706       707       708       709       710       711       712       713       714       715       716       717       718       719       720       721       722       723       724       725       726       694       695       696       697       698       699       700       701       702       703       704       705       
738       739       740       741       742       743       744       745       746       747       748       749       750       751       752       753       754       755       756       757       758       759       727       728       729       730       731       732       733       734       735       736       737       
770       771       772       773       774       775       776       777       778       779       780       781       782       783       784       785       786       787       788       789       790       791       792       760       761       762       763       764       765       766       767       768       769       
802       803       804       805       806       807       808       809       810       811       812       813       814       815       816       817       818       819       820       821       822       823       824       825       793       794       795       796       797       798       799       800       801       
834       835       836       837       838       839       840       841       842       843       844       845       846       847       848       849       850       851       852       853       854       855       856       857       858       826       827       828       829       830       831       832       833       
866       867       868       869       870       871       872       873       874       875       876       877       878       879       880       881       882       883       884       885       886       887       888       889       890       891       859       860       861       862       863       864       865       
898       899       900       901       902       903       904       905       906       907       908       909       910       911       912       913       914       915       916       917       918       919       920       921       922       923       924       892       893       894       895       896       897       
930       931       932       933       934       935       936       937       938       939       940       941       942       943       944       945       946       947       948       949       950       951       952       953       954       955       956       957       925       926       927       928       929       
962       963       964       965       966       967       968       969       970       971       972       973       974       975       976       977       978       979       980       981       982       983       984       985       986       987       988       989       990       958       959       960       961       
994       995       996       997       998       999       1000      1001      1002      1003      1004      1005      1006      1007      1008      1009      1010      1011      1012      1013      1014      1015      1016      1017      1018      1019      1020      1021      1022      1023      991       992       993       
1026      1027      1028      1029      1030      1031      1032      1033      1034      1035      1036      1037      1038      1039      1040      1041      1042      1043      1044      1045      1046      1047      1048      1049      1050      1051      1052      1053      1054      1055      1056      1024      1025      
1058      1059      1060      1061      1062      1063      1064      1065      1066      1067      1068      1069      1070      1071      1072      1073      1074      1075      1076      1077      1078      1079      1080      1081      1082      1083      1084      1085      1086      1087      1088      1089      1057      
INITIAL DATA
 

133361    133922    134483    135044    135605    136166    136727    137288    137849    138410    138971    139532    140093    140654    141215    141776    142337    142898    143459    144020    144581    145142    145703    146264    146825    147386    147947    148508    149069    149630    150191    150752    151313    
237954    185154    186804    188454    190104    191754    193404    195054    196704    198354    200004    201654    203304    204954    206604    208254    209904    211554    213204    214854    216504    218154    219804    221454    223104    224754    226404    228054    229704    231354    233004    234654    236304    
59712     62451     236947    239686    242425    245164    247903    250642    253381    256120    258859    261598    2193      4932      7671      10410     13149     15888     18627     21366     24105     26844     29583     32322     35061     37800     40539     43278     46017     48756     51495     54234     56973     
141436    145264    149092    26596     30424     34252     38080     41908     45736     49564     53392     57220     61048     64876     68704     72532     76360     80188     84016     87844     91672     95500     99328     103156    106984    110812    114640    118468    122296    126124    129952    133780    137608    
220982    225899    230816    235733    78389     83306     88223     93140     98057     102974    107891    112808    117725    122642    127559    132476    137393    142310    147227    152144    157061    161978    166895    171812    176729    181646    186563    191480    196397    201314    206231    211148    216065    
36206     42212     48218     54224     60230     130182    136188    142194    148200    154206    160212    166218    172224    178230    184236    190242    196248    202254    208260    214266    220272    226278    232284    238290    244296    250302    256308    170       6176      12182     18188     24194     30200     
111396    118491    125586    132681    139776    146871    181975    189070    196165    203260    210355    217450    224545    231640    238735    245830    252925    260020    4971      12066     19161     26256     33351     40446     47541     54636     61731     68826     75921     83016     90111     97206     104301    
184408    192592    200776    208960    217144    225328    233512    233768    241952    250136    258320    4360      12544     20728     28912     37096     45280     53464     61648     69832     78016     86200     94384     102568    110752    118936    127120    135304    143488    151672    159856    168040    176224    
255242    2371      11644     20917     30190     39463     48736     58009     23417     32690     41963     51236     60509     69782     79055     88328     97601     106874    116147    125420    134693    143966    153239    162512    171785    181058    190331    199604    208877    218150    227423    236696    245969    
61754     72116     82478     92840     103202    113564    123926    134288    144650    75210     85572     95934     106296    116658    127020    137382    147744    158106    168468    178830    189192    199554    209916    220278    230640    241002    251364    261726    9944      20306     30668     41030     51392     
128232    139683    151134    162585    174036    185487    196938    208389    219840    231291    127003    138454    149905    161356    172807    184258    195709    207160    218611    230062    241513    252964    2271      13722     25173     36624     48075     59526     70977     82428     93879     105330    116781    
192532    205072    217612    230152    242692    255232    5628      18168     30708     43248     55788     178796    191336    203876    216416    228956    241496    254036    4432      16972     29512     42052     54592     67132     79672     92212     104752    117292    129832    142372    154912    167452    179992    
254654    6139      19768     33397     47026     60655     74284     87913     101542    115171    128800    142429    230589    244218    257847    9332      22961     36590     50219     63848     77477     91106     104735    118364    131993    145622    159251    172880    186509    200138    213767    227396    241025    
52454     67172     81890     96608     111326    126044    140762    155480    170198    184916    199634    214352    229070    20238     34956     49674     64392     79110     93828     108546    123264    137982    152700    167418    182136    196854    211572    226290    241008    255726    8300      23018     37736     
110220    126027    141834    157641    173448    189255    205062    220869    236676    252483    6146      21953     37760     53567     72031     87838     103645    119452    135259    151066    166873    182680    198487    214294    230101    245908    261715    15378     31185     46992     62799     78606     94413     
165808    182704    199600    216496    233392    250288    5040      21936     38832     55728     72624     89520     106416    123312    140208    123824    140720    157616    174512    191408    208304    225200    242096    258992    13744     30640     47536     64432     81328     98224     115120    132016    148912    
219218    237203    255188    11029     29014     46999     64984     82969     100954    118939    136924    154909    172894    190879    208864    226849    175617    193602    211587    229572    247557    3398      21383     39368     57353     75338     93323     111308    129293    147278    165263    183248    201233    
8306      27380     46454     65528     84602     103676    122750    141824    160898    179972    199046    218120    237194    256268    13198     32272     51346     227410    246484    3414      22488     41562     60636     79710     98784     117858    136932    156006    175080    194154    213228    232302    251376    
57360     77523     97686     117849    138012    158175    178338    198501    218664    238827    258990    17009     37172     57335     77498     97661     117824    137987    17059     37222     57385     77548     97711     117874    138037    158200    178363    198526    218689    238852    259015    17034     37197     
104236    125488    146740    167992    189244    210496    231748    253000    12108     33360     54612     75864     97116     118368    139620    160872    182124    203376    224628    68852     90104     111356    132608    153860    175112    196364    217616    238868    260120    19228     40480     61732     82984     
148934    171275    193616    215957    238298    260639    20836     43177     65518     87859     110200    132541    154882    177223    199564    221905    244246    4443      26784     49125     120645    142986    165327    187668    210009    232350    254691    14888     37229     59570     81911     104252    126593    
191454    214884    238314    261744    23030     46460     69890     93320     116750    140180    163610    187040    210470    233900    257330    18616     42046     65476     88906     112336    135766    172438    195868    219298    242728    4014      27444     50874     74304     97734     121164    144594    168024    
231796    256315    18690     43209     67728     92247     116766    141285    165804    190323    214842    239361    1736      26255     50774     75293     99812     124331    148850    173369    197888    222407    224231    248750    11125     35644     60163     84682     109201    133720    158239    182758    207277    
7816      33424     59032     84640     110248    135856    161464    187072    212680    238288    1752      27360     52968     78576     104184    129792    155400    181008    206616    232224    257832    21296     46904     13880     39488     65096     90704     116312    141920    167528    193136    218744    244352    
43802     70499     97196     123893    150590    177287    203984    230681    257378    21931     48628     75325     102022    128719    155416    182113    208810    235507    60        26757     53454     80151     106848    133545    65673     92370     119067    145764    172461    199158    225855    252552    17105     
77610     105396    133182    160968    188754    216540    244326    9968      37754     65540     93326     121112    148898    176684    204470    232256    260042    25684     53470     81256     109042    136828    164614    192400    220186    117466    145252    173038    200824    228610    256396    22038     49824     
109240    138115    166990    195865    224740    253615    20346     49221     78096     106971    135846    164721    193596    222471    251346    18077     46952     75827     104702    133577    162452    191327    220202    249077    15808     44683     169259    198134    227009    255884    22615     51490     80365     
138692    168656    198620    228584    258548    26368     56332     86296     116260    146224    176188    206152    236116    3936      33900     63864     93828     123792    153756    183720    213684    243648    11468     41432     71396     101360    131324    221052    251016    18836     48800     78764     108728    
165966    197019    228072    259125    28034     59087     90140     121193    152246    183299    214352    245405    14314     45367     76420     107473    138526    169579    200632    231685    594       31647     62700     93753     124806    155859    186912    217965    10701     41754     72807     103860    134913    
191062    223204    255346    25344     57486     89628     121770    153912    186054    218196    250338    20336     52478     84620     116762    148904    181046    213188    245330    15328     47470     79612     111754    143896    176038    208180    240322    10320     42462     62494     94636     126778    158920    
213980    247211    18298     51529     84760     117991    151222    184453    217684    250915    22002     55233     88464     121695    154926    188157    221388    254619    25706     58937     92168     125399    158630    191861    225092    258323    29410     62641     95872     129103    114287    147518    180749    
234720    6896      41216     75536     109856    144176    178496    212816    247136    19312     53632     87952     122272    156592    190912    225232    259552    31728     66048     100368    134688    169008    203328    237648    9824      44144     78464     112784    147104    181424    215744    166080    200400    
253282    26547     61956     97365     132774    168183    203592    239001    12266     47675     83084     118493    153902    189311    224720    260129    33394     68803     104212    139621    175030    210439    245848    19113     54522     89931     125340    160749    196158    231567    4832      40241     217873    
RESULT of P * G
 

254689    233218    211747    190276    168805    147334    125863    104392    82921     61450     39979     18508     259181    237710    216239    194768    173297    151826    130355    108884    87413     65942     44471     23000     1529      242202    220731    199260    177789    156318    134847    113376    91905     
190818    136482    39876     205414    108808    12202     177740    81134     246672    150066    53460     218998    122392    25786     191324    94718     260256    163650    67044     232582    135976    39370     204908    108302    11696     177234    80628     246166    149560    52954     218492    121886    25280     
199328    27587     18275     108678    199081    27340     117743    208146    36405     126808    217211    45470     135873    226276    54535     144938    235341    63600     154003    244406    72665     163068    253471    81730     172133    392       90795     181198    9457      99860     190263    18522     108925    
95964     111232    126500    162212    177480    192748    208016    223284    238552    253820    6944      22212     37480     52748     68016     83284     98552     113820    129088    144356    159624    174892    190160    205428    220696    235964    251232    4356      19624     34892     50160     65428     80696     
142870    83003     23136     225413    44005     246282    186415    126548    66681     6814      209091    149224    89357     29490     231767    171900    112033    52166     254443    194576    134709    74842     14975     217252    157385    97518     37651     239928    180061    120194    60327     460       202737    
77902     205044    70042     197184    62182     187942    52940     180082    45080     172222    37220     164362    29360     156502    21500     148642    13640     140782    5780      132922    260064    125062    252204    117202    244344    109342    236484    101482    228624    93622     220764    85762     212904    
163204    215211    5074      57081     109088    161095    69735     121742    173749    225756    15619     67626     119633    171640    223647    13510     65517     117524    169531    221538    11401     63408     115415    167422    219429    9292      61299     113306    165313    217320    7183      59190     111197    
136632    113504    90376     67248     44120     20992     260008    213672    190544    167416    144288    121160    98032     74904     51776     28648     5520      244536    221408    198280    175152    152024    128896    105768    82640     59512     36384     13256     252272    229144    206016    182888    159760    
260330    162067    63804     227685    129422    31159     195040    96777     95465     259346    161083    62820     226701    128438    30175     194056    95793     259674    161411    63148     227029    128766    30503     194384    96121     260002    161739    63476     227357    129094    30831     194712    96449     
10010     98756     187502    14104     102850    191596    18198     106944    195690    239402    66004     154750    243496    70098     158844    247590    74192     162938    251684    78286     167032    255778    82380     171126    259872    86474     175220    1822      90568     179314    5916      94662     183408    
172104    185715    199326    212937    226548    240159    253770    5237      18848     32459     121195    134806    148417    162028    175639    189250    202861    216472    230083    243694    257305    8772      22383     35994     49605     63216     76827     90438     104049    117660    131271    144882    158493    
222324    160800    99276     37752     238372    176848    115324    53800     254420    192896    131372    2988      203608    142084    80560     19036     219656    158132    96608     35084     235704    174180    112656    51132     251752    190228    128704    67180     5656      206276    144752    83228     21704     
160670    24011     149496    12837     138322    1663      127148    252633    115974    241459    104800    230285    146925    10266     135751    261236    124577    250062    113403    238888    102229    227714    91055     216540    79881     205366    68707     194192    57533     183018    46359     171844    35185     
249286    37492     87842     138192    188542    238892    27098     77448     127798    178148    228498    16704     67054     28718     79068     129418    179768    230118    18324     68674     119024    169374    219724    7930      58280     108630    158980    209330    259680    47886     98236     148586    198936    
226028    201243    176458    151673    126888    102103    77318     52533     27748     2963      240322    215537    190752    165967    172655    147870    123085    98300     73515     48730     23945     261304    236519    211734    186949    162164    137379    112594    87809     63024     38239     13454     250813    
90896     253120    153200    53280     215504    115584    15664     177888    77968     240192    140272    40352     202576    102656    2736      54448     216672    116752    16832     179056    79136     241360    141440    41520     203744    103824    3904      166128    66208     228432    128512    28592     190816    
106034    193123    18068     105157    192246    17191     104280    191369    16314     103403    190492    15437     102526    189615    14560     101649    198385    23330     110419    197508    22453     109542    196631    21576     108665    195754    20699     107788    194877    19822     106911    194000    18945     
9298      21252     33206     45160     57114     69068     81022     92976     104930    116884    128838    140792    152746    164700    176654    188608    200562    80178     92132     104086    116040    127994    139948    151902    163856    175810    187764    199718    211672    223626    235580    247534    259488    
62832     261795    198614    135433    72252     9071      208034    144853    81672     18491     217454    154273    91092     27911     226874    163693    100512    37331     224115    160934    97753     34572     233535    170354    107173    43992     242955    179774    116593    53412     252375    189194    126013    
4492      128320    252148    113832    237660    99344     223172    84856     208684    70368     194196    55880     179708    41392     165220    26904     150732    12416     136244    105908    229736    91420     215248    76932     200760    62444     186272    47956     171784    33468     157296    18980     142808    
96422     145115    193808    242501    29050     77743     126436    175129    223822    10371     59064     107757    156450    205143    253836    40385     89078     137771    186464    235157    249845    36394     85087     133780    182473    231166    17715     66408     115101    163794    212487    261180    47729     
76478     50036     23594     259296    232854    206412    179970    153528    127086    100644    74202     47760     21318     257020    230578    204136    177694    151252    124810    98368     71926     131638    105196    78754     52312     25870     261572    235130    208688    182246    155804    129362    102920    
206804    105227    3650      164217    62640     223207    121630    20053     180620    79043     239610    138033    36456     197023    95446     256013    154436    52859     213426    111849    10272     170839    13431     173998    72421     232988    131411    29834     190401    88824     249391    147814    46237     
225256    48544     133976    219408    42696     128128    213560    36848     122280    207712    31000     116432    201864    25152     110584    196016    19304     104736    190168    13456     98888     184320    7608      157368    242800    66088     151520    236952    60240     145672    231104    54392     139824    
131834    142131    152428    162725    173022    183319    193616    203913    214210    224507    234804    245101    255398    3551      13848     24145     34442     44739     55036     65333     75630     85927     96224     106521    39161     49458     59755     70052     80349     90646     100943    111240    121537    
188682    123844    59006     256312    191474    126636    61798     259104    194266    129428    64590     261896    197058    132220    67382     2544      199850    135012    70174     5336      202642    137804    72966     8128      205434    183098    118260    53422     250728    185890    121052    56214     253520    
133656    255827    115854    238025    98052     220223    80250     202421    62448     184619    44646     166817    26844     149015    9042      131213    253384    113411    235582    95609     217780    77807     199978    60005     182176    42203     64891     187062    47089     169260    29287     151458    11485     
228900    13792     60828     107864    154900    201936    248972    33864     80900     127936    174972    222008    6900      53936     100972    148008    195044    242080    26972     74008     121044    168080    215116    8         47044     94080     141116    208828    255864    40756     87792     134828    181864    
212270    184171    156072    127973    99874     71775     43676     15577     249622    221523    193424    165325    137226    109127    81028     52929     24830     258875    230776    202677    174578    146479    118380    90281     62182     34083     5984      240029    90621     62522     34423     6324      240369    
83766     242676    139442    36208     195118    91884     250794    147560    44326     203236    100002    258912    155678    52444     211354    108120    4886      163796    60562     219472    116238    13004     171914    68680     227590    124356    21122     180032    76798     234558    131324    28090     187000    
105532    189307    10938     94713     178488    119       83894     167669    251444    73075     156850    240625    62256     146031    229806    51437     135212    218987    40618     124393    208168    29799     113574    197349    18980     102755    186530    8161      91936     175711    116351    200126    21757     
15424     24064     32704     41344     49984     58624     67264     75904     84544     93184     101824    110464    119104    127744    136384    145024    153664    162304    170944    179584    188224    196864    205504    214144    222784    231424    240064    248704    257344    3840      12480     260288    6784      
75586     9091      204740    138245    71750     5255      200904    134409    67914     1419      197068    130573    64078     259727    193232    126737    60242     255891    189396    122901    56406     252055    185560    119065    52570     248219    181724    115229    48734     244383    177888    111393    142081    
RESULT of P G * G
 
 
12529     31042     49555     68068     86581     105094    123607    142120    160633    179146    197659    216172    234685    253198    9567      28080     46593     65106     83619     102132    120645    139158    157671    176184    194697    213210    231723    250236    6605      25118     43631     62144     80657     
200578    31042     85492     139942    194392    248842    41148     95598     150048    204498    258948    51254     105704    160154    214604    6910      61360     115810    170260    224710    17016     71466     125916    180366    234816    27122     81572     136022    190472    244922    37228     91678     146128    
230112    58355     49555     139942    230329    58572     148959    239346    67589     157976    248363    76606     166993    257380    85623     176010    4253      94640     185027    13270     103657    194044    22287     112674    203061    31304     121691    212078    40321     130708    221095    49338     139725    
187772    51952     178276    68068     194392    58572     184896    49076     175400    39580     165904    30084     156408    20588     146912    11092     137416    1596      127920    254244    118424    244748    108928    235252    99432     225756    89936     216260    80440     206764    70944     197268    61448     
73558     235819    135936    36053     86581     248842    148959    49076     211337    111454    11571     173832    73949     236210    136327    36444     198705    98822     261083    161200    61317     223578    123695    23812     186073    86190     248451    148568    48685     210946    111063    11180     173441    
149614    85668     21722     219920    155974    105094    41148     239346    175400    111454    47508     245706    181760    117814    53868     252066    188120    124174    60228     258426    194480    130534    66588     2642      200840    136894    72948     9002      207200    143254    79308     15362     213560    
153796    125787    97778     69769     41760     13751     123607    95598     67589     39580     11571     245706    217697    189688    161679    133670    105661    77652     49643     21634     255769    227760    199751    171742    143733    115724    87715     59706     31697     3688      237823    209814    181805    
86104     94032     101960    109888    117816    125744    133672    142120    150048    157976    165904    173832    181760    189688    197616    205544    213472    221400    229328    237256    245184    253112    261040    6824      14752     22680     30608     38536     46464     54392     62320     70248     78176     
208682    252547    34268     78133     121998    165863    209728    253593    160633    204498    248363    30084     73949     117814    161679    205544    249409    31130     74995     118860    162725    206590    250455    32176     76041     119906    163771    207636    251501    33222     77087     120952    164817    
259386    77044     156846    236648    54306     134108    213910    31568     111370    179146    258948    76606     156408    236210    53868     133670    213472    31130     110932    190734    8392      88194     167996    247798    65456     145258    225060    42718     122520    202322    19980     99782     179584    
238216    91811     207550    61145     176884    30479     146218    261957    115552    231291    197659    51254     166993    20588     136327    252066    105661    221400    74995     190734    44329     160068    13663     129402    245141    98736     214475    68070     183809    37404     153143    6738      122477    
145172    34704     186380    75912     227588    117120    6652      158328    47860     199536    89068     216172    105704    257380    146912    36444     188120    77652     229328    118860    8392      160068    49600     201276    90808     242484    132016    21548     173224    62756     214432    103964    255640    
242398    167867    93336     18805     206418    131887    57356     244969    170438    95907     21376     208989    234685    160154    85623     11092     198705    124174    49643     237256    162725    88194     13663     201276    126745    52214     239827    165296    90765     16234     203847    129316    54785     
5606      229156    190562    151968    113374    74780     36186     259736    221142    182548    143954    105360    66766     253198    214604    176010    137416    98822     60228     21634     245184    206590    167996    129402    90808     52214     13620     237170    198576    159982    121388    82794     44200     
221228    218571    215914    213257    210600    207943    205286    202629    199972    197315    194658    192001    189344    186687    9567      6910      4253      1596      261083    258426    255769    253112    250455    247798    245141    242484    239827    237170    234513    231856    229199    226542    223885    
102832    136112    169392    202672    235952    7088      40368     73648     106928    140208    173488    206768    240048    11184     44464     28080     61360     94640     127920    161200    194480    227760    261040    32176     65456     98736     132016    165296    198576    231856    2992      36272     69552     
174706    243923    50996     120213    189430    258647    65720     134937    204154    11227     80444     149661    218878    25951     95168     164385    46593     115810    185027    254244    61317     130534    199751    6824      76041     145258    214475    21548     90765     159982    229199    36272     105489    
174706    17716     122870    228024    71034     176188    19198     124352    229506    72516     177670    20680     125834    230988    73998     179152    22162     65106     170260    13270     118424    223578    66588     171742    14752     119906    225060    68070     173224    16234     121388    226542    69552     
102832    243923    122870    1817      142908    21855     162946    41893     182984    61931     203022    81969     223060    102007    243098    122045    992       142083    83619     224710    103657    244748    123695    2642      143733    22680     163771    42718     183809    62756     203847    82794     223885    
221228    136112    50996     228024    142908    57792     234820    149704    64588     241616    156500    71384     248412    163296    78180     255208    170092    84976     262004    102132    17016     194044    108928    23812     200840    115724    30608     207636    122520    37404     214432    129316    44200     
5606      218571    169392    120213    71034     21855     234820    185641    136462    87283     38104     251069    201890    152711    103532    54353     5174      218139    168960    119781    120645    71466     22287     235252    186073    136894    87715     38536     251501    202322    153143    103964    54785     
242398    229156    215914    202672    189430    176188    162946    149704    136462    123220    109978    96736     83494     70252     57010     43768     30526     17284     4042      252944    239702    139158    125916    112674    99432     86190     72948     59706     46464     33222     19980     6738      255640    
145172    167867    190562    213257    235952    258647    19198     41893     64588     87283     109978    132673    155368    178063    200758    223453    246148    6699      29394     52089     74784     97479     157671    180366    203061    225756    248451    9002      31697     54392     77087     99782     122477    
238216    34704     93336     151968    210600    7088      65720     124352    182984    241616    38104     96736     155368    214000    10488     69120     127752    186384    245016    41504     100136    158768    217400    176184    234816    31304     89936     148568    207200    3688      62320     120952    179584    
259386    91811     186380    18805     113374    207943    40368     134937    229506    61931     156500    251069    83494     178063    10488     105057    199626    32051     126620    221189    53614     148183    242752    75177     194697    27122     121691    216260    48685     143254    237823    70248     164817    
208682    77044     207550    75912     206418    74780     205286    73648     204154    72516     203022    71384     201890    70252     200758    69120     199626    67988     198494    66856     197362    65724     196230    64592     195098    213210    81572     212078    80440     210946    79308     209814    78176     
86104     252547    156846    61145     227588    131887    36186     202629    106928    11227     177670    81969     248412    152711    57010     223453    127752    32051     198494    102793    7092      173535    77834     244277    148576    52875     231723    136022    40321     206764    111063    15362     181805    
153796    94032     34268     236648    176884    117120    57356     259736    199972    140208    80444     20680     223060    163296    103532    43768     246148    186384    126620    66856     7092      209472    149708    89944     30180     232560    172796    250236    190472    130708    70944     11180     213560    
149614    125787    101960    78133     54306     30479     6652      244969    221142    197315    173488    149661    125834    102007    78180     54353     30526     6699      245016    221189    197362    173535    149708    125881    102054    78227     54400     30573     6605      244922    221095    197268    173441    
73558     85668     97778     109888    121998    134108    146218    158328    170438    182548    194658    206768    218878    230988    243098    255208    5174      17284     29394     41504     53614     65724     77834     89944     102054    114164    126274    138384    150494    25118     37228     49338     61448     
187772    235819    21722     69769     117816    165863    213910    261957    47860     95907     143954    192001    240048    25951     73998     122045    170092    218139    4042      52089     100136    148183    196230    244277    30180     78227     126274    174321    222368    8271      43631     91678     139725    
230112    51952     135936    219920    41760     125744    209728    31568     115552    199536    21376     105360    189344    11184     95168     179152    992       84976     168960    252944    74784     158768    242752    64592     148576    232560    54400     138384    222368    44208     128192    62144     146128    
200578    58355     178276    36053     155974    13751     133672    253593    111370    231291    89068     208989    66766     186687    44464     164385    22162     142083    262004    119781    239702    97479     217400    75177     195098    52875     172796    30573     150494    8271      128192    248113    80657     
RESULT of P * Gt
 

2785      148770    32611     178596    62437     208422    92263     238248    122089    5930      151915    35756     181741    65582     211567    95408     241393    125234    9075      155060    38901     184886    68727     214712    98553     244538    128379    12220     158205    42046     188031    71872     217857    
120674    80674     106500    132326    158152    183978    209804    235630    261456    25138     50964     76790     102616    128442    154268    180094    205920    231746    257572    21254     47080     72906     98732     124558    150384    176210    202036    227862    253688    17370     43196     69022     94848     
117824    23491     158563    64230     232041    137708    43375     211186    116853    22520     190331    95998     1665      169476    75143     242954    148621    54288     222099    127766    33433     201244    106911    12578     180389    86056     253867    159534    65201     233012    138679    44346     212157    
93148     140800    188452    236452    21960     69612     117264    164916    212568    260220    45728     93380     141032    188684    236336    21844     69496     117148    164800    212452    260104    45612     93264     140916    188568    236220    21728     69380     117032    164684    212336    259988    45496     
46646     236283    163776    91269     52197     241834    169327    96820     24313     213950    141443    68936     258573    186066    113559    41052     230689    158182    85675     13168     202805    130298    57791     247428    174921    102414    29907     219544    147037    74530     2023      191660    119153    
240462    47796     117274    186752    256230    130086    199564    6898      76376     145854    215332    22666     92144     161622    231100    38434     107912    177390    246868    54202     123680    193158    492       69970     139448    208926    16260     85738     155216    224694    32028     101506    170984    
150308    99627     48946     260409    209728    159047    207975    157294    106613    55932     5251      216714    166033    115352    64671     13990     225453    174772    124091    73410     22729     234192    183511    132830    82149     31468     242931    192250    141569    90888     40207     251670    200989    
38328     129632    220936    50096     141400    232704    61864     23720     115024    206328    35488     126792    218096    47256     138560    229864    59024     150328    241632    70792     162096    253400    82560     173864    3024      94328     185632    14792     106096    197400    26560     117864    209168    
166666    137811    108956    80101     51246     22391     255680    226825    101609    72754     43899     15044     248333    219478    190623    161768    132913    104058    75203     46348     17493     250782    221927    193072    164217    135362    106507    77652     48797     19942     253231    224376    195521    
11034     124164    237294    88280     201410    52396     165526    16512     129642    179498    30484     143614    256744    107730    220860    71846     184976    35962     149092    78        113208    226338    77324     190454    41440     154570    5556      118686    231816    82802     195932    46918     160048    
95720     88691     81662     74633     67604     60575     53546     46517     39488     32459     257387    250358    243329    236300    229271    222242    215213    208184    201155    194126    187097    180068    173039    166010    158981    151952    144923    137894    130865    123836    116807    109778    102749    
158580    31392     166348    39160     174116    46928     181884    54696     189652    62464     197420    73132     208088    80900     215856    88668     223624    96436     231392    104204    239160    111972    246928    119740    254696    127508    320       135276    8088      143044    15856     150812    23624     
199614    214411    229208    244005    258802    11455     26252     41049     55846     70643     85440     100237    151021    165818    180615    195412    210209    225006    239803    254600    7253      22050     36847     51644     66441     81238     96035     110832    125629    140426    155223    170020    184817    
218822    113460    8098      164880    59518     216300    110938    5576      162358    56996     213778    108416    3054      228910    123548    18186     174968    69606     226388    121026    15664     172446    67084     223866    118504    13142     169924    64562     221344    115982    10620     167402    62040     
216204    252827    27306     63929     100552    137175    173798    210421    247044    21523     58146     94769     131392    168015    44655     81278     117901    154524    191147    227770    2249      38872     75495     112118    148741    185364    221987    258610    33089     69712     106335    142958    179581    
191760    108224    24688     203296    119760    36224     214832    131296    47760     226368    142832    59296     237904    154368    70832     122544    39008     217616    134080    50544     229152    145616    62080     240688    157152    73616     252224    168688    85152     1616      180224    96688     13152     
145490    203939    244       58693     117142    175591    234040    30345     88794     147243    205692    1997      60446     118895    177344    235793    200433    258882    55187     113636    172085    230534    26839     85288     143737    202186    260635    56940     115389    173838    232287    28592     87041     
77394     15684     216118    154408    92698     30988     231422    169712    108002    46292     246726    185016    123306    61596     262030    200320    138610    16178     216612    154902    93192     31482     231916    170206    108496    46786     247220    185510    123800    62090     380       200814    139104    
249616    67747     148022    228297    46428     126703    206978    25109     105384    185659    3790      84065     164340    244615    62746     143021    223296    41427     94067     174342    254617    72748     153023    233298    51429     131704    211979    30110     110385    190660    8791      89066     169341    
137868    97984     58100     18216     240476    200592    160708    120824    80940     41056     1172      223432    183548    143664    103780    63896     24012     246272    206388    171956    132072    92188     52304     12420     234680    194796    154912    115028    75144     35260     257520    217636    177752    
4294      106395    208496    48453     150554    252655    92612     194713    34670     136771    238872    78829     180930    20887     122988    225089    65046     167147    7104      109205    249845    89802     191903    31860     133961    236062    76019     178120    18077     120178    222279    62236     164337    
111038    92980     74922     56864     38806     20748     2690      246776    228718    210660    192602    174544    156486    138428    120370    102312    84254     66196     48138     30080     12022     65590     47532     29474     11416     255502    237444    219386    201328    183270    165212    147154    129096    
195956    57739     181666    43449     167376    29159     153086    14869     138796    579       124506    248433    110216    234143    95926     219853    81636     205563    67346     191273    53056     176983    143479    5262      129189    253116    114899    238826    100609    224536    86319     210246    72029     
259048    672       4440      8208      11976     15744     19512     23280     27048     30816     34584     38352     42120     45888     49656     53424     57192     60960     64728     68496     72264     76032     79800     221368    225136    228904    232672    236440    240208    243976    247744    251512    255280    
38170     183923    67532     213285    96894     242647    126256    9865      155618    39227     184980    68589     214342    97951     243704    127313    10922     156675    40284     186037    69646     215399    99008     244761    37113     182866    66475     212228    95837     241590    125199    8808      154561    
57610     83204     108798    134392    159986    185580    211174    236768    218       25812     51406     77000     102594    128188    153782    179376    204970    230564    256158    19608     45202     70796     96390     121984    147578    115002    140596    166190    191784    217378    242972    6422      32016     
55224     222803    128238    33673     201252    106687    12122     179701    85136     252715    158150    63585     231164    136599    42034     209613    115048    20483     188062    93497     261076    166511    71946     239525    144960    50395     192891    98326     3761      171340    76775     244354    149789    
31012     78432     125852    173272    220692    5968      53388     100808    148228    195648    243068    28344     75764     123184    170604    218024    3300      50720     98140     145560    192980    240400    25676     73096     120516    167936    215356    8636      56056     103476    150896    198316    245736    
247118    174379    101640    28901     218306    145567    72828     89        189494    116755    44016     233421    160682    87943     15204     204609    131870    59131     248536    175797    103058    30319     219724    146985    74246     1507      190912    118173    86525     13786     203191    130452    57713     
179254    248500    55602     124848    194094    1196      70442     139688    208934    16036     85282     154528    223774    30876     100122    169368    238614    45716     114962    184208    253454    60556     129802    199048    6150      75396     144642    213888    20990     164414    233660    40762     110008    
89564     38651     249882    198969    148056    97143     46230     257461    206548    155635    104722    53809     2896      214127    163214    112301    61388     10475     221706    170793    119880    68967     18054     229285    178372    127459    76546     25633     236864    185951    242303    191390    140477    
240192    69120     160192    251264    80192     171264    192       91264     182336    11264     102336    193408    22336     113408    204480    33408     124480    215552    44480     135552    226624    55552     146624    237696    66624     157696    248768    77696     168768    259840    88768     58048     149120    
106850    77763     48676     19589     252646    223559    194472    165385    136298    107211    78124     49037     19950     253007    223920    194833    165746    136659    107572    78485     49398     20311     253368    224281    195194    166107    137020    107933    78846     49759     20672     253729    135937    
RESULT of PG * Gt
 
 
172273    189730    207187    224644    242101    259558    14871     32328     49785     67242     84699     102156    119613    137070    154527    171984    189441    206898    224355    241812    259269    14582     32039     49496     66953     84410     101867    119324    136781    154238    171695    189152    206609    
225122    189730    207220    224710    242200    259690    15036     32526     50016     67506     84996     102486    119976    137466    154956    172446    189936    207426    224916    242406    259896    15242     32732     50222     67712     85202     102692    120182    137672    155162    172652    190142    207632    
226112    243635    207187    224710    242233    259756    15135     32658     50181     67704     85227     102750    120273    137796    155319    172842    190365    207888    225411    242934    260457    15836     33359     50882     68405     85928     103451    120974    138497    156020    173543    191066    208589    
227036    244592    4         224644    242200    259756    15168     32724     50280     67836     85392     102948    120504    138060    155616    173172    190728    208284    225840    243396    260952    16364     33920     51476     69032     86588     104144    121700    139256    156812    174368    191924    209480    
227894    245483    928       18517     242101    259690    15135     32724     50313     67902     85491     103080    120669    138258    155847    173436    191025    208614    226203    243792    261381    16826     34415     52004     69593     87182     104771    122360    139949    157538    175127    192716    210305    
228686    246308    1786      19408     37030     259558    15036     32658     50280     67902     85524     103146    120768    138390    156012    173634    191256    208878    226500    244122    261744    17222     34844     52466     70088     87710     105332    122954    140576    158198    175820    193442    211064    
229412    247067    2578      20233     37888     55543     14871     32526     50181     67836     85491     103146    120801    138456    156111    173766    191421    209076    226731    244386    262041    17552     35207     52862     70517     88172     105827    123482    141137    158792    176447    194102    211757    
230072    247760    3304      20992     38680     56368     74056     32328     50016     67704     85392     103080    120768    138456    156144    173832    191520    209208    226896    244584    128       17816     35504     53192     70880     88568     106256    123944    141632    159320    177008    194696    212384    
230666    248387    3964      21685     39406     57127     74848     92569     49785     67506     85227     102948    120669    138390    156111    173832    191553    209274    226995    244716    293       18014     35735     53456     71177     88898     106619    124340    142061    159782    177503    195224    212945    
231194    248948    4558      22312     40066     57820     75574     93328     111082    67242     84996     102750    120504    138258    156012    173766    191520    209274    227028    244782    392       18146     35900     53654     71408     89162     106916    124670    142424    160178    177932    195686    213440    
231656    249443    5086      22873     40660     58447     76234     94021     111808    129595    84699     102486    120273    138060    155847    173634    191421    209208    226995    244782    425       18212     35999     53786     71573     89360     107147    124934    142721    160508    178295    196082    213869    
232052    249872    5548      23368     41188     59008     76828     94648     112468    130288    148108    102156    119976    137796    155616    173436    191256    209076    226896    244716    392       18212     36032     53852     71672     89492     107312    125132    142952    160772    178592    196412    214232    
232382    250235    5944      23797     41650     59503     77356     95209     113062    130915    148768    166621    119613    137466    155319    173172    191025    208878    226731    244584    293       18146     35999     53852     71705     89558     107411    125264    143117    160970    178823    196676    214529    
232646    250532    6274      24160     42046     59932     77818     95704     113590    131476    149362    167248    185134    137070    154956    172842    190728    208614    226500    244386    128       18014     35900     53786     71672     89558     107444    125330    143216    161102    178988    196874    214760    
232844    250763    6538      24457     42376     60295     78214     96133     114052    131971    149890    167809    185728    203647    154527    172446    190365    208284    226203    244122    262041    17816     35735     53654     71573     89492     107411    125330    143249    161168    179087    197006    214925    
232976    250928    6736      24688     42640     60592     78544     96496     114448    132400    150352    168304    186256    204208    222160    171984    189936    207888    225840    243792    261744    17552     35504     53456     71408     89360     107312    125264    143216    161168    179120    197072    215024    
233042    251027    6868      24853     42838     60823     78808     96793     114778    132763    150748    168733    186718    204703    222688    240673    189441    207426    225411    243396    261381    17222     35207     53192     71177     89162     107147    125132    143117    161102    179087    197072    215057    
233042    251060    6934      24952     42970     60988     79006     97024     115042    133060    151078    169096    187114    205132    223150    241168    259186    206898    224916    242934    260952    16826     34844     52862     70880     88898     106916    124934    142952    160970    178988    197006    215024    
232976    251027    6934      24985     43036     61087     79138     97189     115240    133291    151342    169393    187444    205495    223546    241597    259648    15555     224355    242406    260457    16364     34415     52466     70517     88568     106619    124670    142721    160772    178823    196874    214925    
232844    250928    6868      24952     43036     61120     79204     97288     115372    133456    151540    169624    187708    205792    223876    241960    260044    15984     34068     241812    259896    15836     33920     52004     70088     88172     106256    124340    142424    160508    178592    196676    214760    
232646    250763    6736      24853     42970     61087     79204     97321     115438    133555    151672    169789    187906    206023    224140    242257    260374    16347     34464     52581     259269    15242     33359     51476     69593     87710     105827    123944    142061    160178    178295    196412    214529    
232382    250532    6538      24688     42838     60988     79138     97288     115438    133588    151738    169888    188038    206188    224338    242488    260638    16644     34794     52944     71094     14582     32732     50882     69032     87182     105332    123482    141632    159782    177932    196082    214232    
232052    250235    6274      24457     42640     60823     79006     97189     115372    133555    151738    169921    188104    206287    224470    242653    260836    16875     35058     53241     71424     89607     32039     50222     68405     86588     104771    122954    141137    159320    177503    195686    213869    
231656    249872    5944      24160     42376     60592     78808     97024     115240    133456    151672    169888    188104    206320    224536    242752    260968    17040     35256     53472     71688     89904     108120    49496     67712     85928     104144    122360    140576    158792    177008    195224    213440    
231194    249443    5548      23797     42046     60295     78544     96793     115042    133291    151540    169789    188038    206287    224536    242785    261034    17139     35388     53637     71886     90135     108384    126633    66953     85202     103451    121700    139949    158198    176447    194696    212945    
230666    248948    5086      23368     41650     59932     78214     96496     114778    133060    151342    169624    187906    206188    224470    242752    261034    17172     35454     53736     72018     90300     108582    126864    145146    84410     102692    120974    139256    157538    175820    194102    212384    
230072    248387    4558      22873     41188     59503     77818     96133     114448    132763    151078    169393    187708    206023    224338    242653    260968    17139     35454     53769     72084     90399     108714    127029    145344    163659    101867    120182    138497    156812    175127    193442    211757    
229412    247760    3964      22312     40660     59008     77356     95704     114052    132400    150748    169096    187444    205792    224140    242488    260836    17040     35388     53736     72084     90432     108780    127128    145476    163824    182172    119324    137672    156020    174368    192716    211064    
228686    247067    3304      21685     40066     58447     76828     95209     113590    131971    150352    168733    187114    205495    223876    242257    260638    16875     35256     53637     72018     90399     108780    127161    145542    163923    182304    200685    136781    155162    173543    191924    210305    
227894    246308    2578      20992     39406     57820     76234     94648     113062    131476    149890    168304    186718    205132    223546    241960    260374    16644     35058     53472     71886     90300     108714    127128    145542    163956    182370    200784    219198    154238    172652    191066    209480    
227036    245483    1786      20233     38680     57127     75574     94021     112468    130915    149362    167809    186256    204703    223150    241597    260044    16347     34794     53241     71688     90135     108582    127029    145476    163923    182370    200817    219264    237711    171695    190142    208589    
226112    244592    928       19408     37888     56368     74848     93328     111808    130288    148768    167248    185728    204208    222688    241168    259648    15984     34464     52944     71424     89904     108384    126864    145344    163824    182304    200784    219264    237744    256224    189152    207632    
225122    243635    4         18517     37030     55543     74056     92569     111082    129595    148108    166621    185134    203647    222160    240673    259186    15555     34068     52581     71094     89607     108120    126633    145146    163659    182172    200685    219198    237711    256224    12593     206609    
RESULT of Pt * G
 

162529    122626    82723     42820     2917      225158    185255    145352    105449    65546     25643     247884    207981    168078    128175    88272     48369     8466      230707    190804    150901    110998    71095     31192     253433    213530    173627    133724    93821     53918     14015     236256    196353    
80194     190722    220036    249350    16520     45834     75148     104462    133776    163090    192404    221718    251032    18202     47516     76830     106144    135458    164772    194086    223400    252714    19884     49198     78512     107826    137140    166454    195768    225082    254396    21566     50880     
127648    226179    218915    55302     153833    252364    88751     187282    23669     122200    220731    57118     155649    254180    90567     189098    25485     124016    222547    58934     157465    255996    92383     190914    27301     125832    224363    60750     159281    257812    94199     192730    29117     
36668     204416    110020    247108    152712    58316     226064    131668    37272     205020    110624    16228     183976    89580     257328    162932    68536     236284    141888    47492     215240    120844    26448     194196    99800     5404      173152    78756     246504    152108    57712     225460    131064    
69398     44219     19040     256005    13157     250122    224943    199764    174585    149406    124227    99048     73869     48690     23511     260476    235297    210118    184939    159760    134581    109402    84223     59044     33865     8686      245651    220472    195293    170114    144935    119756    94577     
225838    7732      51770     95808     139846    41350     85388     129426    173464    217502    261540    43434     87472     131510    175548    219586    1480      45518     89556     133594    177632    221670    3564      47602     91640     135678    179716    223754    5648      49686     93724     137762    181800    
243844    94955     208210    59321     172576    23687     69543     182798    33909     147164    260419    111530    224785    75896     189151    40262     153517    4628      117883    231138    82249     195504    46615     159870    10981     124236    237491    88602     201857    52968     166223    17334     130589    
123416    43744     226216    146544    66872     249344    169672    97736     18064     200536    120864    41192     223664    143992    64320     246792    167120    87448     7776      190248    110576    30904     213376    133704    54032     236504    156832    77160     259632    179960    100288    20616     203088    
126698    116243    105788    95333     84878     74423     63968     53513     125929    115474    105019    94564     84109     73654     63199     52744     42289     31834     21379     10924     469       252158    241703    231248    220793    210338    199883    189428    178973    168518    158063    147608    137153    
253690    50308     109070    167832    226594    23212     81974     140736    199498    154122    212884    9502      68264     127026    185788    244550    41168     99930     158692    217454    14072     72834     131596    190358    249120    45738     104500    163262    222024    18642     77404     136166    194928    
242248    108083    236062    101897    229876    95711     223690    89525     217504    83339     182315    48150     176129    41964     169943    35778     163757    29592     157571    23406     151385    17220     145199    11034     139013    4848      132827    260806    126641    254620    120455    248434    114269    
92372     27424     224620    159672    94724     29776     226972    162024    97076     32128     229324    210508    145560    80612     15664     212860    147912    82964     18016     215212    150264    85316     20368     217564    152616    87668     22720     219916    154968    90020     25072     222268    157320    
66206     70475     74744     79013     83282     87551     91820     96089     100358    104627    108896    113165    238701    242970    247239    251508    255777    260046    2171      6440      10709     14978     19247     23516     27785     32054     36323     40592     44861     49130     53399     57668     61937     
163750    237236    48578     122064    195550    6892      80378     153864    227350    38692     112178    185664    259150    4750      78236     151722    225208    36550     110036    183522    257008    68350     141836    215322    26664     100150    173636    247122    58464     131950    205436    16778     90264     
122860    3419      146122    26681     169384    49943     192646    73205     215908    96467     239170    119729    288       142991    32943     175646    56205     198908    79467     222170    102729    245432    125991    6550      149253    29812     172515    53074     195777    76336     219039    99598     242301    
205680    155456    105232    55008     4784      216704    166480    116256    66032     15808     227728    177504    127280    77056     26832     61136     10912     222832    172608    122384    72160     21936     233856    183632    133408    83184     32960     244880    194656    144432    94208     43984     255904    
150066    169059    188052    207045    226038    245031    1880      20873     39866     58859     77852     96845     115838    134831    153824    172817    89329     108322    127315    146308    165301    184294    203287    222280    241273    260266    17115     36108     55101     74094     93087     112080    131073    
218162    44228     132438    220648    46714     134924    223134    49200     137410    225620    51686     139896    228106    54172     142382    230592    56658     117522    205732    31798     120008    208218    34284     122494    210704    36770     124980    213190    39256     127466    215676    41742     129952    
147824    43107     200534    95817     253244    148527    43810     201237    96520     253947    149230    44513     201940    97223     254650    149933    45216     202643    145715    40998     198425    93708     251135    146418    41701     199128    94411     251838    147121    42404     199831    95114     252541    
201196    165696    130196    94696     59196     23696     250340    214840    179340    143840    108340    72840     37340     1840      228484    192984    157484    121984    86484     173908    138408    102908    67408     31908     258552    223052    187552    152052    116552    81052     45552     10052     236696    
116134    149851    183568    217285    251002    22575     56292     90009     123726    157443    191160    224877    258594    30167     63884     97601     131318    165035    198752    232469    202101    235818    7391      41108     74825     108542    142259    175976    209693    243410    14983     48700     82417     
154782    257716    98506     201440    42230     145164    248098    88888     191822    32612     135546    238480    79270     182204    22994     125928    228862    69652     172586    13376     116310    230294    71084     174018    14808     117742    220676    61466     164400    5190      108124    211058    51848     
54996     227147    137154    47161     219312    129319    39326     211477    121484    31491     203642    113649    23656     195807    105814    15821     187972    97979     7986      180137    90144     151       258487    168494    78501     250652    160659    70666     242817    152824    62831     234982    144989    
78920     58144     37368     16592     257960    237184    216408    195632    174856    154080    133304    112528    91752     70976     50200     29424     8648      250016    229240    208464    187688    166912    146136    24536     3760      245128    224352    203576    182800    162024    141248    120472    99696     
226554    12851     61292     109733    158174    206615    255056    41353     89794     138235    186676    235117    21414     69855     118296    166737    215178    1475      49916     98357     146798    195239    243680    29977     52729     101170    149611    198052    246493    32790     81231     129672    178113    
235754    91268     208926    64440     182098    37612     155270    10784     128442    246100    101614    219272    74786     192444    47958     165616    21130     138788    256446    111960    229618    85132     202790    58304     175962    80922     198580    54094     171752    27266     144924    438       118096    
106520    31251     218126    142857    67588     254463    179194    103925    28656     215531    140262    64993     251868    176599    101330    26061     212936    137667    62398     249273    174004    98735     23466     210341    135072    59803     109115    33846     220721    145452    70183     257058    181789    
100996    94944     88892     82840     76788     70736     64684     58632     52580     46528     40476     34424     28372     22320     16268     10216     4164      260256    254204    248152    242100    236048    229996    223944    217892    211840    205788    137308    131256    125204    119152    113100    107048    
219182    20203     83368     146533    209698    10719     73884     137049    200214    1235      64400     127565    190730    253895    54916     118081    181246    244411    45432     108597    171762    234927    35948     99113     162278    225443    26464     89629     165501    228666    29687     92852     156017    
198934    69172     201554    71792     204174    74412     206794    77032     209414    79652     212034    82272     214654    84892     217274    87512     219894    90132     222514    92752     225134    95372     227754    97992     230374    100612    232994    103232    235614    193694    63932     196314    66552     
40252     241851    181306    120761    60216     261815    201270    140725    80180     19635     221234    160689    100144    39599     241198    180653    120108    59563     261162    200617    140072    79527     18982     220581    160036    99491     38946     240545    180000    119455    221887    161342    100797    
5280      13952     22624     31296     39968     48640     57312     65984     74656     83328     92000     100672    109344    118016    126688    135360    144032    152704    161376    170048    178720    187392    196064    204736    213408    222080    230752    239424    248096    256768    3296      250080    258752    
94018     171907    249796    65541     143430    221319    37064     114953    192842    8587      86476     164365    242254    57999     135888    213777    29522     107411    185300    1045      78934     156823    234712    50457     128346    206235    21980     99869     177758    255647    71392     149281    16129     
RESULT of [PG]t * G
 
 
133361    185154    236947    26596     78389     130182    181975    233768    23417     75210     127003    178796    230589    20238     72031     123824    175617    227410    17059     68852     120645    172438    224231    13880     65673     117466    169259    221052    10701     62494     114287    166080    217873    
253282    133922    186804    239686    30424     83306     136188    189070    241952    32690     85572     138454    191336    244218    34956     87838     140720    193602    246484    37222     90104     142986    195868    248750    39488     92370     145252    198134    251016    41754     94636     147518    200400    
234720    26547     134483    188454    242425    34252     88223     142194    196165    250136    41963     95934     149905    203876    257847    49674     103645    157616    211587    3414      57385     111356    165327    219298    11125     65096     119067    173038    227009    18836     72807     126778    180749    
213980    6896      61956     135044    190104    245164    38080     93140     148200    203260    258320    51236     106296    161356    216416    9332      64392     119452    174512    229572    22488     77548     132608    187668    242728    35644     90704     145764    200824    255884    48800     103860    158920    
191062    247211    41216     97365     135605    191754    247903    41908     98057     154206    210355    4360      60509     116658    172807    228956    22961     79110     135259    191408    247557    41562     97711     153860    210009    4014      60163     116312    172461    228610    22615     78764     134913    
165966    223204    18298     75536     132774    136166    193404    250642    45736     102974    160212    217450    12544     69782     127020    184258    241496    36590     93828     151066    208304    3398      60636     117874    175112    232350    27444     84682     141920    199158    256396    51490     108728    
138692    197019    255346    51529     109856    168183    136727    195054    253381    49564     107891    166218    224545    20728     79055     137382    195709    254036    50219     108546    166873    225200    21383     79710     138037    196364    254691    50874     109201    167528    225855    22038     80365     
109240    168656    228072    25344     84760     144176    203592    137288    196704    256120    53392     112808    172224    231640    28912     88328     147744    207160    4432      63848     123264    182680    242096    39368     98784     158200    217616    14888     74304     133720    193136    252552    49824     
77610     138115    198620    259125    57486     117991    178496    239001    137849    198354    258859    57220     117725    178230    238735    37096     97601     158106    218611    16972     77477     137982    198487    258992    57353     117858    178363    238868    37229     97734     158239    218744    17105     
43802     105396    166990    228584    28034     89628     151222    212816    12266     138410    200004    261598    61048     122642    184236    245830    45280     106874    168468    230062    29512     91106     152700    214294    13744     75338     136932    198526    260120    59570     121164    182758    244352    
7816      70499     133182    195865    258548    59087     121770    184453    247136    47675     138971    201654    2193      64876     127559    190242    252925    53464     116147    178830    241513    42052     104735    167418    230101    30640     93323     156006    218689    19228     81911     144594    207277    
231796    33424     97196     160968    224740    26368     90140     153912    217684    19312     83084     139532    203304    4932      68704     132476    196248    260020    61648     125420    189192    252964    54592     118364    182136    245908    47536     111308    175080    238852    40480     104252    168024    
191454    256315    59032     123893    188754    253615    56332     121193    186054    250915    53632     118493    140093    204954    7671      72532     137393    202254    4971      69832     134693    199554    2271      67132     131993    196854    261715    64432     129293    194154    259015    61732     126593    
148934    214884    18690     84640     150590    216540    20346     86296     152246    218196    22002     87952     153902    140654    206604    10410     76360     142310    208260    12066     78016     143966    209916    13722     79672     145622    211572    15378     81328     147278    213228    17034     82984     
104236    171275    238314    43209     110248    177287    244326    49221     116260    183299    250338    55233     122272    189311    141215    208254    13149     80188     147227    214266    19161     86200     153239    220278    25173     92212     159251    226290    31185     98224     165263    232302    37197     
57360     125488    193616    261744    67728     135856    203984    9968      78096     146224    214352    20336     88464     156592    224720    141776    209904    15888     84016     152144    220272    26256     94384     162512    230640    36624     104752    172880    241008    46992     115120    183248    251376    
8306      77523     146740    215957    23030     92247     161464    230681    37754     106971    176188    245405    52478     121695    190912    260129    142337    211554    18627     87844     157061    226278    33351     102568    171785    241002    48075     117292    186509    255726    62799     132016    201233    
219218    27380     97686     167992    238298    46460     116766    187072    257378    65540     135846    206152    14314     84620     154926    225232    33394     142898    213204    21366     91672     161978    232284    40446     110752    181058    251364    59526     129832    200138    8300      78606     148912    
165808    237203    46454     117849    189244    260639    69890     141285    212680    21931     93326     164721    236116    45367     116762    188157    259552    68803     143459    214854    24105     95500     166895    238290    47541     118936    190331    261726    70977     142372    213767    23018     94413     
110220    182704    255188    65528     138012    210496    20836     93320     165804    238288    48628     121112    193596    3936      76420     148904    221388    31728     104212    144020    216504    26844     99328     171812    244296    54636     127120    199604    9944      82428     154912    227396    37736     
52454     126027    199600    11029     84602     158175    231748    43177     116750    190323    1752      75325     148898    222471    33900     107473    181046    254619    66048     139621    144581    218154    29583     103156    176729    250302    61731     135304    208877    20306     93879     167452    241025    
254654    67172     141834    216496    29014     103676    178338    253000    65518     140180    214842    27360     102022    176684    251346    63864     138526    213188    25706     100368    175030    145142    219804    32322     106984    181646    256308    68826     143488    218150    30668     105330    179992    
192532    6139      81890     157641    233392    46999     122750    198501    12108     87859     163610    239361    52968     128719    204470    18077     93828     169579    245330    58937     134688    210439    145703    221454    35061     110812    186563    170       75921     151672    227423    41030     116781    
128232    205072    19768     96608     173448    250288    64984     141824    218664    33360     110200    187040    1736      78576     155416    232256    46952     123792    200632    15328     92168     169008    245848    146264    223104    37800     114640    191480    6176      83016     159856    236696    51392     
61754     139683    217612    33397     111326    189255    5040      82969     160898    238827    54612     132541    210470    26255     104184    182113    260042    75827     153756    231685    47470     125399    203328    19113     146825    224754    40539     118468    196397    12182     90111     168040    245969    
255242    72116     151134    230152    47026     126044    205062    21936     100954    179972    258990    75864     154882    233900    50774     129792    208810    25684     104702    183720    594       79612     158630    237648    54522     147386    226404    43278     122296    201314    18188     97206     176224    
184408    2371      82478     162585    242692    60655     140762    220869    38832     118939    199046    17009     97116     177223    257330    75293     155400    235507    53470     133577    213684    31647     111754    191861    9824      89931     147947    228054    46017     126124    206231    24194     104301    
111396    192592    11644     92840     174036    255232    74284     155480    236676    55728     136924    218120    37172     118368    199564    18616     99812     181008    60        81256     162452    243648    62700     143896    225092    44144     125340    148508    229704    48756     129952    211148    30200     
36206     118491    200776    20917     103202    185487    5628      87913     170198    252483    72624     154909    237194    57335     139620    221905    42046     124331    206616    26757     109042    191327    11468     93753     176038    258323    78464     160749    149069    231354    51495     133780    216065    
220982    42212     125586    208960    30190     113564    196938    18168     101542    184916    6146      89520     172894    256268    77498     160872    244246    65476     148850    232224    53454     136828    220202    41432     124806    208180    29410     112784    196158    149630    233004    54234     137608    
141436    225899    48218     132681    217144    39463     123926    208389    30708     115171    199634    21953     106416    190879    13198     97661     182124    4443      88906     173369    257832    80151     164614    249077    71396     155859    240322    62641     147104    231567    150191    234654    56973     
59712     145264    230816    54224     139776    225328    48736     134288    219840    43248     128800    214352    37760     123312    208864    32272     117824    203376    26784     112336    197888    21296     106848    192400    15808     101360    186912    10320     95872     181424    4832      150752    236304    
237954    62451     149092    235733    60230     146871    233512    58009     144650    231291    55788     142429    229070    53567     140208    226849    51346     137987    224628    49125     135766    222407    46904     133545    220186    44683     131324    217965    42462     129103    215744    40241     151313    
RESULT of Pt * Gt
 

2785      80674     158563    236452    52197     130086    207975    23720     101609    179498    257387    73132     151021    228910    44655     122544    200433    16178     94067     171956    249845    65590     143479    221368    37113     115002    192891    8636      86525     164414    242303    58048     135937    
106850    148770    106500    64230     21960     241834    199564    157294    115024    72754     30484     250358    208088    165818    123548    81278     39008     258882    216612    174342    132072    89802     47532     5262      225136    182866    140596    98326     56056     13786     233660    191390    149120    
240192    77763     32611     132326    232041    69612     169327    6898      106613    206328    43899     143614    243329    80900     180615    18186     117901    217616    55187     154902    254617    92188     191903    29474     129189    228904    66475     166190    3761      103476    203191    40762     140477    
89564     69120     48676     178596    158152    137708    117264    96820     76376     55932     35488     15044     256744    236300    215856    195412    174968    154524    134080    113636    93192     72748     52304     31860     11416     253116    232672    212228    191784    171340    150896    130452    110008    
179254    38651     160192    19589     62437     183978    43375     164916    24313     145854    5251      126792    248333    107730    229271    88668     210209    69606     191147    50544     172085    31482     153023    12420     133961    255502    114899    236440    95837     217378    76775     198316    57713     
247118    248500    249882    251264    252646    208422    209804    211186    212568    213950    215332    216714    218096    219478    220860    222242    223624    225006    226388    227770    229152    230534    231916    233298    234680    236062    237444    238826    240208    241590    242972    244354    245736    
31012     174379    55602     198969    80192     223559    92263     235630    116853    260220    141443    22666     166033    47256     190623    71846     215213    96436     239803    121026    2249      145616    26839     170206    51429     194796    76019     219386    100609    243976    125199    6422      149789    
55224     78432     101640    124848    148056    171264    194472    238248    261456    22520     45728     68936     92144     115352    138560    161768    184976    208184    231392    254600    15664     38872     62080     85288     108496    131704    154912    178120    201328    224536    247744    8808      32016     
57610     222803    125852    28901     194094    97143     192       165385    122089    25138     190331    93380     258573    161622    64671     229864    132913    35962     201155    104204    7253      172446    75495     240688    143737    46786     211979    115028    18077     183270    86319     251512    154561    
38170     83204     128238    173272    218306    1196      46230     91264     136298    5930      50964     95998     141032    186066    231100    13990     59024     104058    149092    194126    239160    22050     67084     112118    157152    202186    247220    30110     75144     120178    165212    210246    255280    
259048    183923    108798    33673     220692    145567    70442     257461    182336    107211    151915    76790     1665      188684    113559    38434     225453    150328    75203     78        187097    111972    36847     223866    148741    73616     260635    185510    110385    35260     222279    147154    72029     
195956    672       67532     134392    201252    5968      72828     139688    206548    11264     78124     35756     102616    169476    236336    41052     107912    174772    241632    46348     113208    180068    246928    51644     118504    185364    252224    56940     123800    190660    257520    62236     129096    
111038    57739     4440      213285    159986    106687    53388     89        208934    155635    102336    49037     181741    128442    75143     21844     230689    177390    124091    70792     17493     226338    173039    119740    66441     13142     221987    168688    115389    62090     8791      217636    164337    
4294      92980     181666    8208      96894     185580    12122     100808    189494    16036     104722    193408    19950     65582     154268    242954    69496     158182    246868    73410     162096    250782    77324     166010    254696    81238     169924    258610    85152     173838    380       89066     177752    
137868    106395    74922     43449     11976     242647    211174    179701    148228    116755    85282     53809     22336     253007    211567    180094    148621    117148    85675     54202     22729     253400    221927    190454    158981    127508    96035     64562     33089     1616      232287    200814    169341    
249616    97984     208496    56864     167376    15744     126256    236768    85136     195648    44016     154528    2896      113408    223920    95408     205920    54288     164800    13168     123680    234192    82560     193072    41440     151952    320       110832    221344    69712     180224    28592     139104    
77394     67747     58100     48453     38806     29159     19512     9865      218       252715    243068    233421    223774    214127    204480    194833    241393    231746    222099    212452    202805    193158    183511    173864    164217    154570    144923    135276    125629    115982    106335    96688     87041     
145490    15684     148022    18216     150554    20748     153086    23280     155618    25812     158150    28344     160682    30876     163214    33408     165746    125234    257572    127766    260104    130298    492       132830    3024      135362    5556      137894    8088      140426    10620     142958    13152     
191760    203939    216118    228297    240476    252655    2690      14869     27048     39227     51406     63585     75764     87943     100122    112301    124480    136659    9075      21254     33433     45612     57791     69970     82149     94328     106507    118686    130865    143044    155223    167402    179581    
216204    108224    244       154408    46428     200592    92612     246776    138796    30816     184980    77000     231164    123184    15204     169368    61388     215552    107572    155060    47080     201244    93264     247428    139448    31468     185632    77652     231816    123836    15856     170020    62040     
218822    252827    24688     58693     92698     126703    160708    194713    228718    579       34584     68589     102594    136599    170604    204609    238614    10475     44480     78485     38901     72906     106911    140916    174921    208926    242931    14792     48797     82802     116807    150812    184817    
199614    113460    27306     203296    117142    30988     206978    120824    34670     210660    124506    38352     214342    128188    42034     218024    131870    45716     221706    135552    49398     184886    98732     12578     188568    102414    16260     192250    106096    19942     195932    109778    23624     
158580    214411    8098      63929     119760    175591    231422    25109     80940     136771    192602    248433    42120     97951     153782    209613    3300      59131     114962    170793    226624    20311     68727     124558    180389    236220    29907     85738     141569    197400    253231    46918     102749    
95720     31392     229208    164880    100552    36224     234040    169712    105384    41056     238872    174544    110216    45888     243704    179376    115048    50720     248536    184208    119880    55552     253368    214712    150384    86056     21728     219544    155216    90888     26560     224376    160048    
11034     88691     166348    244005    59518     137175    214832    30345     108002    185659    1172      78829     156486    234143    49656     127313    204970    20483     98140     175797    253454    68967     146624    224281    98553     176210    253867    69380     147037    224694    40207     117864    195521    
166666    124164    81662     39160     258802    216300    173798    131296    88794     46292     3790      223432    180930    138428    95926     53424     10922     230564    188062    145560    103058    60556     18054     237696    195194    244538    202036    159534    117032    74530     32028     251670    209168    
38328     137811    237294    74633     174116    11455     110938    210421    47760     147243    246726    84065     183548    20887     120370    219853    57192     156675    256158    93497     192980    30319     129802    229285    66624     166107    128379    227862    65201     164684    2023      101506    200989    
150308    129632    108956    88280     67604     46928     26252     5576      247044    226368    205692    185016    164340    143664    122988    102312    81636     60960     40284     19608     261076    240400    219724    199048    178372    157696    137020    12220     253688    233012    212336    191660    170984    
240462    99627     220936    80101     201410    60575     181884    41049     162358    21523     142832    1997      123306    244615    103780    225089    84254     205563    64728     186037    45202     166511    25676     146985    6150      127459    248768    107933    158205    17370     138679    259988    119153    
46646     47796     48946     50096     51246     52396     53546     54696     55846     56996     58146     59296     60446     61596     62746     63896     65046     66196     67346     68496     69646     70796     71946     73096     74246     75396     76546     77696     78846     42046     43196     44346     45496     
93148     236283    117274    260409    141400    22391     165526    46517     189652    70643     213778    94769     237904    118895    262030    143021    24012     167147    48138     191273    72264     215399    96390     239525    120516    1507      144642    25633     168768    49759     188031    69022     212157    
117824    140800    163776    186752    209728    232704    255680    16512     39488     62464     85440     108416    131392    154368    177344    200320    223296    246272    7104      30080     53056     76032     99008     121984    144960    167936    190912    213888    236864    259840    20672     71872     94848     
120674    23491     188452    91269     256230    159047    61864     226825    129642    32459     197420    100237    3054      168015    70832     235793    138610    41427     206388    109205    12022     176983    79800     244761    147578    50395     215356    118173    20990     185951    88768     253729    217857    
RESULT of [PG]t * Gt
 
