 
1         0         0         4         
0         3         1         7         
1         6         1         10        
1         9         0         13        
INITIAL DATA
 

371       231       36        96        
60        201       0         301       
0         171       435       87        
256       9         76        13        
RESULT of P * G
 

7527      4635      1132      1568      
496       5123      0         7119      
0         3519      9951      2331      
5880      9         384       13        
RESULT of P G * G
 
 
320       369       117       150       
195       129       0         205       
0         81        342       69        
319       9         247       13        
RESULT of P * Gt
 

5853      3909      1651      2486      
754       3131      0         4671      
0         1173      7428      801       
5400      9         1014      13        
RESULT of PG * Gt
 
 
327       187       4         219       
16        309       0         334       
0         144       360       123       
333       3         12        4         
RESULT of Pt * G
 

3696      3943      4         1120      
876       4625      0         5035      
0         3087      5421      2031      
4956      309       1236      219       
RESULT of [PG]t * G
 
 
226       369       99        235       
96        169       0         194       
0         55        230       71        
463       3         93        4         
RESULT of Pt * Gt
 

775       883       1647      73        
1009      61        0         1551      
0         718       5230      2728      
5766      169       917       235       
RESULT of [PG]t * Gt
 
