0 0 0 0 0 0 0 0 0 0 0 0 
0 0 0 0 0 0 0 0 0 0 0 0 
0 0 0 0 0 0 0 0 0 0 0 0 
0 0 0 0 0 0 0 0 0 0 0 0 
0 0 0 0 0 0 0 0 0 0 0 0 
0 0 0 0 0 0 0 0 0 0 0 0 
0 0 0 0 0 0 0 0 0 0 0 0 
0 0 0 0 0 0 0 0 0 0 0 0 
0 0 0 0 0 0 0 0 0 0 0 0 
0 0 0 0 0 0 0 0 0 0 0 0 
0 0 0 0 0 0 0 0 0 0 0 0 
0 0 0 0 0 0 0 0 0 0 0 0 
INITIAL DATA of Matrix with size 12 X 12


0 0 0 0 0 0 0 0 0 0 0 0 
0 0 0 0 0 0 0 0 0 0 0 0 
0 0 0 0 0 0 0 0 0 0 0 0 
0 0 0 0 0 0 0 0 0 0 0 0 
0 0 0 0 0 0 0 0 0 0 0 0 
0 0 0 0 0 0 0 0 0 0 0 0 
0 0 0 0 0 0 0 0 0 0 0 0 
0 0 0 0 0 0 0 0 0 0 0 0 
0 0 0 0 0 0 0 0 0 0 0 0 
0 0 0 0 0 0 0 0 0 0 0 0 
0 0 0 0 0 0 0 0 0 0 0 0 
0 0 0 0 0 0 0 0 0 0 0 0 
RESULT of P * G of Matrix with size 12 X 12


6029312 6029312 6029312 6291456 6291456 6291456 6553600 6553600 6553600 6815744 6815744 6815744 
17039360 14680064 14680064 14942208 15204352 15466496 15728640 15728640 15990784 16252928 16515072 16777216 
26476544 27000832 23330816 23592960 23855104 24117248 24641536 24903680 25165824 25690112 25952256 26214400 
35913728 36438016 36962304 31981568 32243712 32768000 33292288 33816576 34078720 34603008 35127296 35651584 
45088768 45875200 46399488 46923776 40370176 41156608 41680896 42205184 42729472 43515904 44040192 44564480 
54263808 54788096 55574528 56360960 56885248 49020928 49807360 50593792 51380224 51904512 52690944 53477376 
62914560 63700992 64487424 65273856 66060288 67108864 57671680 58720256 59506688 60293120 61079552 61865984 
71303168 72089600 73138176 74186752 74973184 76021760 77070336 66322432 67371008 68419584 69206016 70254592 
79429632 80478208 81526784 82575360 83886080 84934656 85983232 87031808 74973184 76021760 77332480 78381056 
87293952 88604672 89653248 90963968 92274688 93323264 94633984 95944704 96993280 83623936 84934656 86245376 
94896128 96468992 97779712 99090432 100401152 101711872 103022592 104333312 105644032 107216896 92274688 93585408 
102498304 103809024 105381888 106954752 108265472 109838336 111149056 112721920 114294784 115605504 117178368 100925440 
RESULT of P G * G of Matrix with size 12 X 12


0 0 0 0 0 0 0 0 0 0 0 0 
0 0 0 0 0 0 0 0 0 0 0 0 
0 0 0 0 0 0 0 0 0 0 0 0 
0 0 0 0 0 0 0 0 0 0 0 0 
0 0 0 0 0 0 0 0 0 0 0 0 
0 0 0 0 0 0 0 0 0 0 0 0 
0 0 0 0 0 0 0 0 0 0 0 0 
0 0 0 0 0 0 0 0 0 0 0 0 
0 0 0 0 0 0 0 0 0 0 0 0 
0 0 0 0 0 0 0 0 0 0 0 0 
0 0 0 0 0 0 0 0 0 0 0 0 
0 0 0 0 0 0 0 0 0 0 0 0 
RESULT of P * Gt of Matrix with size 12 X 12


524288 1310720 2097152 2883584 3670016 4718592 5505024 6291456 7077888 7864320 8912896 9699328 
27262976 1572864 3932160 6291456 8650752 10747904 13107200 15466496 17825792 20185088 22544384 24903680 
40894464 44826624 2621440 6291456 10223616 14155776 17825792 21757952 25690112 29360128 33292288 37224448 
51642368 57147392 62390272 3670016 8912896 14417920 19660800 24903680 30408704 35651584 41156608 46399488 
59506688 66322432 73138176 79953920 4718592 11534336 18350080 25165824 31981568 39059456 45875200 52690944 
64225280 72613888 81002496 89391104 97517568 5767168 14155776 22544384 30932992 39059456 47448064 55836672 
66060288 75759616 85721088 95420416 105381888 115343360 6815744 16777216 26476544 36438016 46137344 56098816 
64749568 76021760 87293952 98828288 110100480 121372672 132907008 7864320 19136512 30670848 41943040 53215232 
60293120 73138176 86245376 99090432 111935488 124780544 137625600 150470656 8912896 21757952 34603008 47448064 
53215232 67371008 81788928 96206848 110624768 125042688 139198464 153616384 168034304 9961472 24379392 38797312 
42729472 58720256 74448896 90439680 106168320 122159104 137887744 153878528 169869312 185597952 11010048 27000832 
29622272 46923776 64225280 81526784 99090432 116391936 133693440 150994944 168558592 185860096 203161600 12058624 
RESULT of PG * Gt of Matrix with size 12 X 12


0 0 0 0 0 0 0 0 0 0 0 0 
0 0 0 0 0 0 0 0 0 0 0 0 
0 0 0 0 0 0 0 0 0 0 0 0 
0 0 0 0 0 0 0 0 0 0 0 0 
0 0 0 0 0 0 0 0 0 0 0 0 
0 0 0 0 0 0 0 0 0 0 0 0 
0 0 0 0 0 0 0 0 0 0 0 0 
0 0 0 0 0 0 0 0 0 0 0 0 
0 0 0 0 0 0 0 0 0 0 0 0 
0 0 0 0 0 0 0 0 0 0 0 0 
0 0 0 0 0 0 0 0 0 0 0 0 
0 0 0 0 0 0 0 0 0 0 0 0 
RESULT of Pt * G of Matrix with size 12 X 12


64749568 65536000 66584576 67633152 68419584 69468160 70254592 71303168 72351744 73138176 74186752 74973184 
76021760 65273856 66322432 67371008 68157440 69206016 70254592 71041024 72089600 73138176 73924608 74973184 
75759616 76808192 66060288 67108864 68157440 68943872 69992448 71041024 71827456 72876032 73924608 74711040 
75759616 76546048 77594624 66846720 67895296 68681728 69730304 70778880 71827456 72613888 73662464 74711040 
75497472 76546048 77332480 78381056 67633152 68419584 69468160 70516736 71565312 72613888 73400320 74448896 
75235328 76283904 77332480 78381056 79167488 68157440 69206016 70254592 71303168 72351744 73138176 74186752 
74973184 76021760 77070336 78118912 79167488 80216064 68943872 69992448 71041024 72089600 73138176 73924608 
74711040 75759616 76808192 77856768 78905344 79953920 81002496 69730304 70778880 71827456 72876032 73662464 
74448896 75497472 76546048 77594624 78643200 79691776 80740352 81788928 70516736 71565312 72613888 73400320 
74186752 75235328 76283904 77332480 78381056 79429632 80478208 81526784 82575360 71041024 72089600 73138176 
73924608 74973184 76021760 77070336 78118912 79167488 80216064 81264640 82313216 83361792 71827456 72876032 
73662464 74711040 75759616 76808192 77856768 78905344 79953920 81002496 82051072 83099648 84148224 72613888 
RESULT of [PG]t * G of Matrix with size 12 X 12


0 0 0 0 0 0 0 0 0 0 0 0 
0 0 0 0 0 0 0 0 0 0 0 0 
0 0 0 0 0 0 0 0 0 0 0 0 
0 0 0 0 0 0 0 0 0 0 0 0 
0 0 0 0 0 0 0 0 0 0 0 0 
0 0 0 0 0 0 0 0 0 0 0 0 
0 0 0 0 0 0 0 0 0 0 0 0 
0 0 0 0 0 0 0 0 0 0 0 0 
0 0 0 0 0 0 0 0 0 0 0 0 
0 0 0 0 0 0 0 0 0 0 0 0 
0 0 0 0 0 0 0 0 0 0 0 0 
0 0 0 0 0 0 0 0 0 0 0 0 
RESULT of Pt * Gt of Matrix with size 12 X 12


524288 1572864 2621440 3670016 4718592 5767168 6815744 7864320 8912896 9961472 11010048 12058624 
29622272 1310720 3932160 6291456 8912896 11534336 14155776 16777216 19136512 21757952 24379392 27000832 
42729472 46923776 2097152 6291456 10223616 14417920 18350080 22544384 26476544 30670848 34603008 38797312 
53215232 58720256 64225280 2883584 8650752 14155776 19660800 25165824 30932992 36438016 41943040 47448064 
60293120 67371008 74448896 81526784 3670016 10747904 17825792 24903680 31981568 39059456 46137344 53215232 
64749568 73138176 81788928 90439680 99090432 4718592 13107200 21757952 30408704 39059456 47448064 56098816 
66060288 76021760 86245376 96206848 106168320 116391936 5505024 15466496 25690112 35651584 45875200 55836672 
64225280 75759616 87293952 99090432 110624768 122159104 133693440 6291456 17825792 29360128 41156608 52690944 
59506688 72613888 85721088 98828288 111935488 125042688 137887744 150994944 7077888 20185088 33292288 46399488 
51642368 66322432 81002496 95420416 110100480 124780544 139198464 153878528 168558592 7864320 22544384 37224448 
40894464 57147392 73138176 89391104 105381888 121372672 137625600 153616384 169869312 185860096 8912896 24903680 
27262976 44826624 62390272 79953920 97517568 115343360 132907008 150470656 168034304 185597952 203161600 9699328 
RESULT of [PG]t * Gt of Matrix with size 12 X 12


