0 0 0 0 0 0 0 0 0 0 0 0 0 
0 0 0 0 0 0 0 0 0 0 0 0 0 
0 0 0 0 0 0 0 0 0 0 0 0 0 
0 0 0 0 0 0 0 0 0 0 0 0 0 
0 0 0 0 0 0 0 0 0 0 0 0 0 
0 0 0 0 0 0 0 0 0 0 0 0 0 
0 0 0 0 0 0 0 0 0 0 0 0 0 
0 0 0 0 0 0 0 0 0 0 0 0 0 
0 0 0 0 0 0 0 0 0 0 0 0 0 
0 0 0 0 0 0 0 0 0 0 0 0 0 
0 0 0 0 0 0 0 0 0 0 0 0 0 
0 0 0 0 0 0 0 0 0 0 0 0 0 
0 0 0 0 0 0 0 0 0 0 0 0 0 
INITIAL DATA of Matrix with size 13 X 13


0 0 0 0 0 0 0 0 0 0 0 0 0 
0 0 0 0 0 0 0 0 0 0 0 0 0 
0 0 0 0 0 0 0 0 0 0 0 0 0 
0 0 0 0 0 0 0 0 0 0 0 0 0 
0 0 0 0 0 0 0 0 0 0 0 0 0 
0 0 0 0 0 0 0 0 0 0 0 0 0 
0 0 0 0 0 0 0 0 0 0 0 0 0 
0 0 0 0 0 0 0 0 0 0 0 0 0 
0 0 0 0 0 0 0 0 0 0 0 0 0 
0 0 0 0 0 0 0 0 0 0 0 0 0 
0 0 0 0 0 0 0 0 0 0 0 0 0 
0 0 0 0 0 0 0 0 0 0 0 0 0 
0 0 0 0 0 0 0 0 0 0 0 0 0 
RESULT of P * G of Matrix with size 13 X 13


10485760 10485760 10747904 10747904 11010048 11010048 11272192 11272192 11534336 11534336 11796480 11796480 12058624 
29360128 25690112 25952256 26214400 26476544 27000832 27262976 27525120 27787264 28049408 28573696 28835840 29097984 
46399488 46923776 40632320 41156608 41680896 42205184 42729472 43253760 43778048 44302336 44826624 45350912 45875200 
62914560 63438848 64225280 55836672 56623104 57409536 57933824 58720256 59244544 60030976 60817408 61341696 62128128 
78905344 79953920 80740352 81526784 71041024 71827456 72876032 73662464 74711040 75497472 76283904 77332480 78118912 
94633984 95682560 96993280 98041856 99090432 86245376 87293952 88342528 89391104 90439680 91488256 92536832 93585408 
110100480 111411200 112721920 113770496 115081216 116391936 101449728 102498304 103809024 105119744 106430464 107741184 108789760 
125042688 126615552 127926272 129499136 130809856 132382720 133693440 116654080 117964800 119275520 120848384 122159104 123731968 
139722752 141557760 143130624 144703488 146276352 147849216 149684224 151257088 131596288 133431296 135004160 136577024 138149888 
154140672 155975680 157810688 159645696 161218560 163053568 164888576 166723584 168558592 146800640 148635648 150470656 152305664 
168034304 169869312 171966464 174063616 175898624 177995776 180092928 181927936 184025088 185860096 162004992 164102144 165937152 
181403648 183762944 185860096 187957248 190316544 192413696 194510848 196870144 198967296 201064448 203423744 177209344 179306496 
194772992 197132288 199491584 201850880 204210176 206569472 208928768 211288064 213647360 216006656 218365952 220725248 192413696 
RESULT of P G * G of Matrix with size 13 X 13


0 0 0 0 0 0 0 0 0 0 0 0 0 
0 0 0 0 0 0 0 0 0 0 0 0 0 
0 0 0 0 0 0 0 0 0 0 0 0 0 
0 0 0 0 0 0 0 0 0 0 0 0 0 
0 0 0 0 0 0 0 0 0 0 0 0 0 
0 0 0 0 0 0 0 0 0 0 0 0 0 
0 0 0 0 0 0 0 0 0 0 0 0 0 
0 0 0 0 0 0 0 0 0 0 0 0 0 
0 0 0 0 0 0 0 0 0 0 0 0 0 
0 0 0 0 0 0 0 0 262144 0 0 0 0 
0 0 0 0 0 0 0 0 262144 262144 0 0 0 
0 0 0 0 0 0 0 0 262144 262144 262144 0 0 
0 0 0 0 0 0 0 0 262144 262144 262144 262144 0 
RESULT of P * Gt of Matrix with size 13 X 13


786432 2097152 3407872 4718592 6029312 7602176 8912896 10223616 11534336 12845056 14155776 15466496 16777216 
47710208 2621440 6291456 9961472 13893632 17563648 21233664 25165824 28835840 32768000 36438016 40108032 44040192 
72351744 78643200 4194304 10485760 16515072 22806528 29097984 35127296 41418752 47448064 53739520 60030976 66060288 
92012544 100663296 109314048 6029312 14417920 23068672 31719424 40370176 49020928 57671680 66322432 74973184 83623936 
106954752 118226944 129236992 140247040 7602176 18612224 29622272 40894464 51904512 62914560 73924608 84934656 95944704 
117178368 130547712 144179200 157548544 171180032 9437184 22806528 36175872 49807360 63176704 76808192 90177536 103546880 
122421248 138149888 154140672 170131456 186122240 201850880 11010048 27000832 42729472 58720256 74711040 90439680 106430464 
122683392 141033472 159383552 177733632 196083712 214433792 232783872 12845056 31195136 49545216 67633152 85983232 104333312 
118226944 138936320 159907840 180617216 201326592 222035968 242745344 263454720 14417920 35127296 56098816 76808192 97517568 
108789760 132120576 155189248 178520064 201588736 224919552 247988224 271319040 294387712 16252928 39321600 62652416 85721088 
94633984 120324096 146014208 171442176 197132288 222822400 248512512 273940480 299630592 325320704 17825792 43515904 69206016 
75759616 103809024 131858432 159907840 187957248 216006656 243793920 271843328 299892736 327942144 355991552 19660800 47710208 
51642368 82313216 112721920 143130624 173539328 204210176 234618880 265027584 295436288 326107136 356515840 386924544 21233664 
RESULT of PG * Gt of Matrix with size 13 X 13


0 0 0 0 0 0 0 0 0 0 0 0 0 
0 0 0 0 0 0 0 0 0 0 0 0 0 
0 0 0 0 0 0 0 0 0 0 0 0 0 
0 0 0 0 0 0 0 0 0 0 0 0 0 
0 0 0 0 0 0 0 0 0 0 0 0 0 
0 0 0 0 0 0 0 0 0 0 0 0 0 
0 0 0 0 0 0 0 0 0 0 0 0 0 
0 0 0 0 0 0 0 0 0 0 0 0 0 
0 0 0 0 0 0 0 0 0 0 0 0 0 
0 0 0 0 0 0 0 0 0 0 0 0 0 
0 0 0 0 0 0 0 0 0 0 0 0 0 
0 0 0 0 0 0 0 0 0 0 0 0 0 
0 0 0 0 0 0 0 0 0 0 0 0 0 
RESULT of Pt * G of Matrix with size 13 X 13


123469824 125042688 126615552 128188416 129761280 131334144 132644864 134217728 135790592 137363456 138936320 140509184 142082048 
143392768 124780544 126353408 127926272 129236992 130809856 132382720 133955584 135528448 137101312 138674176 140247040 141819904 
143130624 144703488 125829120 127401984 128974848 130547712 132120576 133693440 135266304 136839168 138412032 139984896 141557760 
142868480 144441344 146014208 127139840 128712704 130285568 131858432 133431296 135004160 136577024 138149888 139722752 141295616 
142606336 144179200 145752064 147324928 128188416 129761280 131334144 132907008 134479872 136052736 137625600 139460608 141033472 
142344192 143917056 145489920 147062784 148635648 129236992 131072000 132644864 134217728 135790592 137363456 138936320 140509184 
141819904 143392768 145227776 146800640 148373504 149946368 130547712 132120576 133693440 135266304 137101312 138674176 140247040 
141557760 143130624 144703488 146538496 148111360 149684224 151257088 131596288 133431296 135004160 136577024 138149888 139984896 
141033472 142868480 144441344 146014208 147587072 149422080 150994944 152567808 132907008 134479872 136052736 137887744 139460608 
140771328 142344192 143917056 145752064 147324928 148897792 150732800 152305664 153878528 133955584 135790592 137363456 138936320 
140247040 141819904 143654912 145227776 147062784 148635648 150208512 152043520 153616384 155451392 135266304 136839168 138674176 
139722752 141557760 143130624 144703488 146538496 148111360 149946368 151519232 153354240 154927104 156762112 136314880 138149888 
139198464 141033472 142606336 144441344 146014208 147849216 149422080 151257088 152829952 154664960 156237824 158072832 137625600 
RESULT of [PG]t * G of Matrix with size 13 X 13


0 0 0 0 0 0 0 0 0 0 0 0 0 
0 0 0 0 0 0 0 0 0 0 0 0 0 
0 0 0 0 0 0 0 0 0 0 0 0 0 
0 0 0 0 0 0 0 0 0 0 0 0 0 
0 0 0 0 0 0 0 0 0 0 0 0 0 
0 0 0 0 0 0 0 0 0 0 0 0 0 
0 0 0 0 0 0 0 0 0 0 0 0 0 
0 0 0 0 0 0 0 0 0 0 0 0 0 
0 0 0 0 0 0 0 0 0 0 0 0 0 
0 0 0 0 0 0 0 0 0 0 0 0 0 
0 0 0 0 0 0 0 0 0 0 0 0 0 
0 0 0 0 0 0 0 0 0 0 0 0 0 
0 0 0 0 0 0 0 0 0 0 0 0 0 
RESULT of Pt * Gt of Matrix with size 13 X 13


786432 2621440 4194304 6029312 7602176 9437184 11010048 12845056 14417920 16252928 17825792 19660800 21233664 
51642368 2097152 6291456 10485760 14417920 18612224 22806528 27000832 31195136 35127296 39321600 43515904 47710208 
75759616 82313216 3407872 9961472 16515072 23068672 29622272 36175872 42729472 49545216 56098816 62652416 69206016 
94633984 103809024 112721920 4718592 13893632 22806528 31719424 40894464 49807360 58720256 67633152 76808192 85721088 
108789760 120324096 131858432 143130624 6029312 17563648 29097984 40370176 51904512 63176704 74711040 85983232 97517568 
118226944 132120576 146014208 159907840 173539328 7602176 21233664 35127296 49020928 62914560 76808192 90439680 104333312 
122683392 138936320 155189248 171442176 187957248 204210176 8912896 25165824 41418752 57671680 73924608 90177536 106430464 
122421248 141033472 159907840 178520064 197132288 216006656 234618880 10223616 28835840 47448064 66322432 84934656 103546880 
117178368 138149888 159383552 180617216 201588736 222822400 243793920 265027584 11534336 32768000 53739520 74973184 95944704 
106954752 130547712 154140672 177733632 201326592 224919552 248512512 271843328 295436288 12845056 36438016 60030976 83623936 
92012544 118226944 144179200 170131456 196083712 222035968 247988224 273940480 299892736 326107136 14155776 40108032 66060288 
72351744 100663296 129236992 157548544 186122240 214433792 242745344 271319040 299630592 327942144 356515840 15466496 44040192 
47710208 78643200 109314048 140247040 171180032 201850880 232783872 263454720 294387712 325320704 355991552 386924544 16777216 
RESULT of [PG]t * Gt of Matrix with size 13 X 13


