0 0 0 0 0 0 0 0 0 0 0 0 0 0 0 
0 0 0 0 0 0 0 0 0 0 0 0 0 0 0 
0 0 0 0 0 0 0 0 0 0 0 0 0 0 0 
0 0 0 0 0 0 0 0 0 0 0 0 0 0 0 
0 0 0 0 0 0 0 0 0 0 0 0 0 0 0 
0 0 0 0 0 0 0 0 0 0 0 0 0 0 0 
0 0 0 0 0 0 0 0 0 0 0 0 0 0 0 
0 0 0 0 0 0 0 0 0 0 0 0 0 0 0 
0 0 0 0 0 0 0 0 0 0 0 0 0 0 0 
0 0 0 0 0 0 0 0 0 0 0 0 0 0 0 
0 0 0 0 0 0 0 0 0 0 0 0 0 0 0 
0 0 0 0 0 0 0 0 0 0 0 0 0 0 0 
0 0 0 0 0 0 0 0 0 0 0 0 0 0 0 
0 0 0 0 0 0 0 0 0 0 0 0 0 0 0 
0 0 0 0 0 0 0 0 0 0 0 0 0 0 0 
INITIAL DATA of Matrix with size 15 X 15


0 0 0 0 0 0 0 0 0 0 0 0 0 0 0 
0 0 0 0 0 0 0 0 0 0 0 0 0 0 0 
0 0 0 0 0 0 0 0 0 0 0 0 0 0 0 
0 0 0 0 0 0 0 0 0 0 0 0 0 0 0 
0 0 0 0 0 0 0 0 0 0 0 0 0 0 0 
0 0 0 0 0 0 0 0 0 0 0 0 0 0 0 
0 0 0 0 0 0 0 0 0 0 0 0 0 0 0 
0 0 0 0 0 0 0 0 0 0 0 0 0 0 0 
0 0 0 0 0 0 0 0 0 0 0 0 0 0 0 
0 0 0 0 0 0 0 0 0 0 0 0 0 0 0 
262144 262144 262144 262144 262144 262144 262144 262144 262144 262144 0 0 0 262144 262144 
262144 262144 262144 262144 262144 262144 262144 262144 262144 262144 262144 262144 262144 262144 262144 
262144 262144 262144 262144 262144 262144 262144 262144 262144 262144 262144 262144 262144 262144 262144 
262144 262144 262144 262144 262144 262144 262144 262144 262144 262144 262144 262144 262144 262144 262144 
262144 262144 262144 262144 262144 262144 262144 262144 262144 262144 262144 262144 262144 262144 262144 
RESULT of P * G of Matrix with size 15 X 15


28573696 28835840 29097984 29360128 29622272 29884416 30146560 30408704 30670848 30932992 31195136 31457280 31719424 31981568 32243712 
79167488 69992448 70516736 71303168 71827456 72613888 73138176 73924608 74448896 75235328 75759616 76546048 77070336 77856768 78381056 
124780544 125829120 111411200 112459776 113508352 114556928 115343360 116391936 117440512 118489088 119537664 120586240 121634816 122683392 123731968 
169607168 171180032 172490752 152829952 154140672 155451392 157024256 158334976 159645696 161218560 162529280 164102144 165412864 166723584 168296448 
213909504 215482368 217317376 219152384 193986560 195821568 197656576 199491584 201326592 203161600 204734464 206569472 208404480 210239488 212074496 
257163264 259260416 261619712 263716864 265814016 235405312 237764608 239861760 241958912 244056064 246415360 248512512 250609664 252968960 255066112 
299892736 302252032 304873472 307494912 310116352 312475648 276824064 279445504 282066944 284426240 287047680 289669120 292290560 294649856 297271296 
341573632 344719360 347602944 350486528 353370112 356253696 359399424 318242816 321126400 324009984 326893568 330039296 332922880 335806464 338690048 
382730240 386138112 389545984 392691712 396099584 399507456 402653184 406061056 359661568 362807296 366215168 369623040 372768768 376176640 379584512 
423100416 426770432 430440448 434110464 438042624 441712640 445382656 449052672 452722688 400818176 404750336 408420352 412090368 415760384 419430400 
462684160 466878464 470810624 475004928 478937088 483131392 487325696 491257856 495452160 499384320 442236928 446431232 450363392 454557696 458752000 
501481472 505937920 510394368 514850816 519307264 523763712 528220160 532676608 537133056 541589504 546045952 483655680 488112128 492568576 497025024 
539492352 544473088 549191680 554172416 558891008 563871744 568590336 573571072 578289664 583270400 587988992 592969728 525074432 529793024 534773760 
576978944 582221824 587202560 592445440 597688320 602931200 608174080 613416960 618659840 623902720 629145600 634388480 639631360 566493184 571736064 
613416960 618921984 624689152 630194176 635699200 641466368 646971392 652738560 658243584 663748608 669515776 675020800 680787968 686292992 607911936 
RESULT of P G * G of Matrix with size 15 X 15


0 0 0 0 0 0 0 0 0 0 0 0 0 0 0 
0 0 0 0 0 0 0 0 0 0 0 0 0 0 0 
0 0 0 0 0 0 0 0 0 0 0 0 0 0 0 
0 0 0 0 0 0 0 0 0 0 0 0 0 0 0 
0 0 0 0 0 0 0 0 0 0 0 0 0 0 0 
0 0 0 0 262144 0 0 0 0 0 0 0 0 0 0 
0 0 0 262144 262144 262144 0 0 0 0 0 0 0 0 0 
0 0 262144 262144 262144 262144 262144 0 0 0 0 0 0 0 0 
0 0 262144 262144 262144 262144 262144 262144 0 0 0 0 0 0 0 
0 0 262144 262144 262144 262144 262144 262144 262144 0 0 0 0 0 0 
0 0 262144 262144 262144 262144 262144 262144 262144 262144 0 0 0 0 0 
0 0 0 262144 262144 262144 262144 262144 262144 524288 524288 0 0 0 0 
0 0 0 262144 262144 262144 262144 262144 262144 524288 524288 524288 0 0 0 
0 0 0 0 262144 262144 262144 262144 262144 524288 524288 524288 524288 0 0 
0 0 0 0 262144 262144 262144 262144 262144 262144 524288 524288 524288 524288 0 
RESULT of P * Gt of Matrix with size 15 X 15


2097152 5242880 8388608 11272192 14417920 17563648 20709376 23855104 27000832 30146560 33292288 36175872 39321600 42467328 45613056 
129761280 6029312 14942208 23592960 32505856 41418752 50331648 58982400 67895296 76808192 85458944 94371840 103284736 111935488 120848384 
199229440 213909504 9961472 24641536 39059456 53739520 68157440 82837504 97255424 111935488 126353408 141033472 155451392 170131456 184811520 
257425408 277610496 297795584 13893632 34340864 54525952 74973184 95158272 115343360 135790592 155975680 176160768 196608000 216793088 236978176 
304087040 330039296 355991552 381943808 18087936 44040192 69992448 95944704 121896960 148111360 174063616 200015872 225968128 251920384 277872640 
339214336 370933760 402653184 434372608 466092032 22020096 53739520 85458944 117178368 148897792 180617216 212336640 244056064 275775488 307494912 
363069440 400293888 437780480 475267072 512753664 550240256 25952256 63438848 100925440 138412032 175636480 213123072 250609664 288096256 325582848 
375390208 418381824 461635584 504627200 547880960 591134720 634126336 29884416 73138176 116391936 159383552 202637312 245891072 288882688 332136448 
376176640 424935424 473956352 522715136 571736064 620494848 669515776 718274560 34078720 82837504 131858432 180617216 229638144 278396928 327155712 
365690880 420216832 474742784 529268736 584056832 638582784 693108736 747896832 802422784 38010880 92536832 147324928 201850880 256376832 310902784 
343670784 403963904 464257024 524550144 584843264 645136384 705429504 765722624 826277888 886571008 41943040 102236160 162529280 223084544 283377664 
310116352 376176640 442236928 508297216 574357504 640417792 706478080 772538368 838598656 904396800 970457088 45875200 111935488 177995776 244056064 
265289728 337117184 408682496 480509952 552337408 624164864 695730176 767557632 839385088 911212544 982777856 1054605312 50069504 121634816 193462272 
208928768 286523392 363855872 441450496 518782976 596377600 673710080 751304704 828899328 906231808 983826432 1061158912 1138753536 54001664 131334144 
141295616 224395264 307494912 390856704 473956352 557318144 640417792 723517440 806879232 889978880 973078528 1056440320 1139539968 1222901760 57933824 
RESULT of PG * Gt of Matrix with size 15 X 15


0 0 0 0 0 0 0 0 0 0 0 0 0 0 0 
0 0 0 0 0 0 0 0 0 0 0 0 0 0 0 
0 0 0 0 0 0 0 0 0 0 0 0 0 0 0 
0 0 0 0 0 0 0 0 0 0 0 0 0 0 0 
0 0 0 0 0 0 0 0 0 0 0 0 0 0 0 
0 0 0 0 262144 0 0 0 0 0 0 0 0 0 0 
0 0 0 0 262144 262144 0 0 0 0 0 0 0 0 0 
0 0 0 0 262144 262144 262144 0 0 0 0 0 0 0 0 
0 0 0 0 262144 262144 262144 262144 0 0 0 0 0 0 0 
0 0 0 0 262144 262144 262144 262144 262144 0 0 0 0 0 0 
0 0 0 0 262144 262144 262144 262144 262144 262144 0 0 0 0 0 
0 0 0 0 262144 262144 262144 262144 262144 262144 262144 0 0 0 0 
0 0 0 0 262144 262144 262144 262144 262144 262144 262144 262144 0 0 0 
0 0 0 0 262144 262144 262144 262144 262144 262144 262144 262144 262144 0 0 
0 0 0 0 262144 262144 262144 262144 262144 262144 262144 262144 262144 262144 0 
RESULT of Pt * G of Matrix with size 15 X 15


392429568 396099584 399769600 403439616 406847488 410517504 414187520 417857536 421527552 425197568 428867584 432537600 435945472 439615488 443285504 
446431232 395051008 398721024 402391040 406061056 409731072 413401088 417071104 420741120 424411136 428081152 431751168 435421184 439091200 442761216 
445906944 449576960 397934592 401604608 405274624 408944640 412614656 416284672 419954688 423624704 427556864 431226880 434896896 438566912 442236928 
445382656 449052672 452722688 400556032 404488192 408158208 411828224 415498240 419168256 422838272 426770432 430440448 434110464 437780480 441450496 
444596224 448266240 451936256 455868416 403439616 407109632 410779648 414711808 418381824 422051840 425984000 429654016 433324032 436994048 440926208 
443809792 447741952 451411968 455081984 459014144 406061056 409993216 413663232 417595392 421265408 424935424 428867584 432537600 436207616 440139776 
443023360 446955520 450625536 454557696 458227712 462159872 408944640 412614656 416546816 420216832 424148992 427819008 431751168 435421184 439353344 
442236928 446169088 449839104 453771264 457441280 461373440 465043456 411828224 415498240 419430400 423100416 427032576 430702592 434634752 438304768 
441450496 445120512 449052672 452984832 456654848 460587008 464519168 468189184 414449664 418381824 422051840 425984000 429916160 433586176 437518336 
440401920 444334080 448266240 451936256 455868416 459800576 463732736 467402752 471334912 417333248 421003264 424935424 428867584 432799744 436469760 
439353344 443285504 447217664 451149824 455081984 459014144 462684160 466616320 470548480 474480640 419954688 423886848 427819008 431751168 435421184 
438304768 442236928 446169088 450101248 454033408 457965568 461897728 465829888 469762048 473694208 477626368 422838272 426770432 430440448 434372608 
437256192 441188352 445120512 449052672 452984832 457179136 461111296 465043456 468975616 472907776 476839936 480772096 425459712 429391872 433324032 
436207616 440139776 444071936 448004096 452198400 456130560 460062720 463994880 467927040 471859200 475791360 479985664 483917824 428343296 432275456 
434896896 439091200 443023360 446955520 450887680 455081984 459014144 462946304 466878464 471072768 475004928 478937088 482869248 487063552 430964736 
RESULT of [PG]t * G of Matrix with size 15 X 15


0 0 0 0 0 0 0 0 0 0 0 262144 262144 262144 262144 
262144 0 0 0 0 0 0 0 0 0 0 0 262144 262144 262144 
262144 262144 0 0 0 0 0 0 0 0 0 0 0 262144 262144 
262144 262144 262144 0 0 0 0 0 0 0 0 0 0 262144 262144 
262144 262144 262144 262144 0 0 0 0 0 0 0 0 0 0 262144 
262144 262144 262144 262144 262144 0 0 0 0 0 0 0 0 0 0 
0 262144 262144 262144 262144 262144 0 0 0 0 0 0 0 0 0 
0 0 262144 262144 262144 262144 262144 0 0 0 0 0 0 0 0 
0 0 0 262144 262144 262144 262144 262144 0 0 0 0 0 0 0 
0 0 0 0 262144 262144 262144 262144 262144 0 0 0 0 0 0 
0 0 0 0 0 262144 262144 262144 262144 262144 0 0 0 0 0 
0 0 0 0 0 0 262144 262144 262144 262144 262144 0 0 0 0 
0 0 0 0 0 0 0 262144 262144 262144 262144 262144 0 0 0 
0 0 0 0 0 0 0 0 262144 262144 262144 262144 262144 0 0 
0 0 0 0 0 0 0 0 0 262144 262144 262144 262144 262144 0 
RESULT of Pt * Gt of Matrix with size 15 X 15


2097152 6029312 9961472 13893632 18087936 22020096 25952256 29884416 34078720 38010880 41943040 45875200 50069504 54001664 57933824 
141295616 5242880 14942208 24641536 34340864 44040192 53739520 63438848 73138176 82837504 92536832 102236160 111935488 121634816 131334144 
208928768 224395264 8388608 23592960 39059456 54525952 69992448 85458944 100925440 116391936 131858432 147324928 162529280 177995776 193462272 
265289728 286523392 307494912 11272192 32505856 53739520 74973184 95944704 117178368 138412032 159383552 180617216 201850880 223084544 244056064 
310116352 337117184 363855872 390856704 14417920 41418752 68157440 95158272 121896960 148897792 175636480 202637312 229638144 256376832 283377664 
343670784 376176640 408682496 441450496 473956352 17563648 50331648 82837504 115343360 148111360 180617216 213123072 245891072 278396928 310902784 
365690880 403963904 442236928 480509952 518782976 557318144 20709376 58982400 97255424 135790592 174063616 212336640 250609664 288882688 327155712 
376176640 420216832 464257024 508297216 552337408 596377600 640417792 23855104 67895296 111935488 155975680 200015872 244056064 288096256 332136448 
375390208 424935424 474742784 524550144 574357504 624164864 673710080 723517440 27000832 76808192 126353408 176160768 225968128 275775488 325582848 
363069440 418381824 473956352 529268736 584843264 640417792 695730176 751304704 806879232 30146560 85458944 141033472 196608000 251920384 307494912 
339214336 400293888 461635584 522715136 584056832 645136384 706478080 767557632 828899328 889978880 33292288 94371840 155451392 216793088 277872640 
304087040 370933760 437780480 504627200 571736064 638582784 705429504 772538368 839385088 906231808 973078528 36175872 103284736 170131456 236978176 
257425408 330039296 402653184 475267072 547880960 620494848 693108736 765722624 838598656 911212544 983826432 1056440320 39321600 111935488 184811520 
199229440 277610496 355991552 434372608 512753664 591134720 669515776 747896832 826277888 904396800 982777856 1061158912 1139539968 42467328 120848384 
129761280 213909504 297795584 381943808 466092032 550240256 634126336 718274560 802422784 886571008 970457088 1054605312 1138753536 1222901760 45613056 
RESULT of [PG]t * Gt of Matrix with size 15 X 15


