0 0 0 0 0 0 0 0 0 0 0 0 0 0 0 0 
0 0 0 0 0 0 0 0 0 0 0 0 0 0 0 0 
0 0 0 0 0 0 0 0 0 0 0 0 0 0 0 0 
0 0 0 0 0 0 0 0 0 0 0 0 0 0 0 0 
0 0 0 0 0 0 0 0 0 0 0 0 0 0 0 0 
0 0 0 0 0 0 0 0 0 0 0 0 0 0 0 0 
0 0 0 0 0 0 0 0 0 0 0 0 0 0 0 0 
0 0 0 0 0 0 0 0 0 0 0 0 0 0 0 0 
0 0 0 0 0 0 0 0 0 0 0 0 0 0 0 0 
0 0 0 0 0 0 0 0 0 0 0 0 0 0 0 0 
0 0 0 0 0 0 0 0 0 0 0 0 0 0 0 0 
0 0 0 0 0 0 0 0 0 0 0 0 0 0 0 0 
0 0 0 0 0 0 0 0 0 0 0 0 0 0 0 0 
0 0 0 0 0 0 0 0 0 0 0 0 0 0 0 0 
0 0 0 0 0 0 0 0 0 0 0 0 0 0 0 0 
0 0 0 0 0 0 0 0 0 0 0 0 0 0 0 0 
INITIAL DATA of Matrix with size 16 X 16


0 0 0 0 0 0 0 0 0 0 0 0 0 0 0 0 
0 0 0 0 0 0 0 0 0 0 0 0 0 0 0 0 
0 0 0 0 0 0 0 0 0 0 0 0 0 0 0 0 
0 0 0 0 0 0 0 0 0 0 0 0 0 0 0 0 
0 0 0 0 0 0 0 0 0 0 0 0 0 0 0 0 
0 0 0 0 0 0 0 0 0 0 0 0 0 0 0 0 
0 0 0 0 0 0 0 0 0 0 0 0 0 0 0 0 
0 0 0 0 262144 262144 262144 0 0 0 0 0 0 0 0 0 
262144 262144 262144 262144 262144 262144 262144 262144 262144 262144 262144 262144 262144 262144 262144 262144 
262144 262144 262144 262144 262144 262144 262144 262144 262144 262144 262144 262144 262144 262144 262144 262144 
262144 262144 262144 262144 262144 262144 262144 262144 262144 262144 262144 262144 262144 262144 262144 262144 
262144 262144 262144 262144 262144 262144 262144 262144 262144 262144 262144 262144 262144 262144 262144 262144 
262144 262144 262144 262144 262144 262144 262144 262144 262144 262144 262144 262144 262144 262144 262144 262144 
262144 262144 262144 262144 262144 262144 262144 262144 262144 262144 262144 262144 262144 262144 262144 262144 
262144 262144 262144 262144 262144 262144 262144 262144 262144 262144 262144 262144 262144 262144 262144 262144 
262144 262144 262144 262144 262144 262144 262144 262144 262144 524288 524288 524288 524288 524288 524288 262144 
RESULT of P * G of Matrix with size 16 X 16


45088768 45350912 45613056 46137344 46399488 46923776 47185920 47448064 47972352 48234496 48758784 49020928 49283072 49807360 50069504 50593792 
123469824 110100480 110886912 111935488 112721920 113508352 114556928 115343360 116391936 117178368 117964800 119013376 119799808 120848384 121634816 122683392 
195035136 196345856 175112192 176422912 177995776 179306496 180879360 182190080 183762944 185073664 186384384 187957248 189267968 190840832 192151552 193462272 
265551872 267386880 269484032 240123904 242221056 244056064 246153216 247988224 249823232 251920384 253755392 255852544 257687552 259784704 261619712 263454720 
335020032 337379328 340000768 342360064 305397760 307757056 310116352 312737792 315097088 317718528 320077824 322699264 325058560 327417856 330039296 332398592 
403439616 406323200 409468928 412352512 415236096 370409472 373293056 376438784 379322368 382468096 385351680 388235264 391380992 394264576 397410304 400293888 
470810624 474218496 477626368 481296384 484704256 488374272 435421184 439091200 442499072 445906944 449576960 452984832 456654848 460062720 463732736 467140608 
536870912 541065216 544997376 549191680 553123840 557318144 561250304 500432896 504627200 508559360 512753664 516685824 520880128 524812288 529006592 532938752 
602144768 606863360 611319808 616038400 620494848 625213440 629669888 634388480 565706752 570163200 574881792 579338240 583794688 588513280 592969728 597688320 
666370048 671612928 676593664 681836544 686817280 692060160 697040896 702021632 707264512 630718464 635699200 640942080 645922816 651165696 656146432 661389312 
729546752 735051776 740818944 746323968 752091136 757596160 763363328 768868352 774635520 780140544 695730176 701497344 707002368 712769536 718274560 724041728 
791674880 797704192 803995648 810024960 816316416 822345728 828637184 834666496 840957952 846987264 853278720 760741888 767033344 773062656 779354112 785383424 
852754432 859308032 866123776 872677376 879493120 886046720 892862464 899416064 906231808 912785408 919601152 926154752 826015744 832569344 839385088 845938688 
912523264 919863296 926941184 934281216 941359104 948699136 955777024 963117056 970194944 977534976 984612864 991952896 999030784 891027456 898105344 905445376 
971505664 979369984 986972160 994836480 1002438656 1010302976 1017905152 1025769472 1033371648 1041235968 1048838144 1056702464 1064304640 1072168960 956039168 963903488 
1029439488 1037565952 1045954560 1054081024 1062469632 1070858240 1078984704 1087373312 1095499776 1103888384 1112014848 1120403456 1128529920 1136918528 1145044992 1021050880 
RESULT of P G * G of Matrix with size 16 X 16


0 0 0 0 0 0 0 0 0 0 0 0 0 0 0 0 
0 0 0 0 0 0 0 0 0 0 0 0 0 0 0 0 
0 0 0 0 0 0 0 0 0 0 0 0 0 0 0 0 
0 0 0 0 0 0 0 0 0 0 0 0 0 0 0 0 
0 0 262144 262144 0 0 0 0 0 0 0 0 0 0 0 0 
0 262144 262144 262144 262144 0 0 0 0 0 0 0 0 0 0 0 
262144 262144 262144 262144 262144 262144 0 0 0 0 0 0 0 0 0 0 
262144 262144 262144 262144 262144 262144 262144 0 0 0 0 0 0 0 0 262144 
262144 262144 262144 262144 262144 262144 262144 524288 0 0 0 0 0 0 0 262144 
262144 262144 262144 262144 262144 262144 524288 524288 524288 0 0 0 0 0 0 0 
262144 262144 262144 262144 262144 262144 524288 524288 524288 524288 0 0 0 0 0 0 
0 262144 262144 262144 262144 262144 524288 524288 524288 524288 524288 0 0 0 0 0 
0 262144 262144 262144 262144 262144 524288 524288 524288 524288 524288 786432 0 0 0 0 
0 0 262144 262144 262144 262144 524288 524288 524288 524288 524288 786432 786432 0 0 0 
0 0 262144 262144 262144 262144 262144 524288 524288 524288 524288 786432 786432 786432 0 0 
0 0 0 262144 262144 262144 262144 524288 524288 524288 524288 786432 786432 786432 786432 0 
RESULT of P * Gt of Matrix with size 16 X 16


3145728 7602176 12058624 16777216 21233664 25952256 30408704 34865152 39583744 44040192 48758784 53215232 57671680 62390272 66846720 71565312 
203685888 8912896 21757952 34865152 47972352 60817408 73924608 86769664 99876864 112721920 125829120 138674176 151781376 164626432 177733632 190578688 
314310656 335806464 14680064 36175872 57671680 78905344 100401152 121896960 143130624 164626432 186122240 207355904 228851712 250085376 271581184 293076992 
408420352 438304768 467927040 20709376 50331648 80216064 110100480 139984896 169869312 199491584 229376000 259260416 289144832 318767104 348651520 378535936 
485490688 523763712 562036736 600309760 26476544 64749568 103022592 141295616 179568640 217841664 255852544 294125568 332398592 370671616 408944640 447217664 
545783808 592445440 639107072 685768704 732430336 32243712 78905344 125829120 172490752 219152384 265814016 312475648 359137280 405798912 452460544 499122176 
589037568 644087808 699400192 754450432 809500672 864550912 38273024 93323264 148373504 203423744 258473984 313786368 368836608 423886848 478937088 533987328 
615776256 679215104 742653952 806092800 869793792 933232640 996671488 44040192 107479040 171180032 234618880 298057728 361758720 425197568 488636416 552075264 
625475584 697303040 769392640 841220096 913047552 985137152 1056964608 1129054208 50069504 121896960 193724416 265814016 337641472 409731072 481558528 553385984 
618397696 698613760 779091968 859308032 939786240 1020002304 1100480512 1180696576 1261174784 55836672 136052736 216530944 297009152 377225216 457703424 537919488 
594280448 683147264 772014080 860618752 949485568 1038090240 1126957056 1215823872 1304428544 1393295360 61603840 150470656 239337472 327942144 416808960 505675776 
553648128 650641408 747896832 845152256 942407680 1039400960 1136656384 1233911808 1331167232 1428422656 1525415936 67633152 164888576 261881856 359137280 456392704 
495976448 601620480 707264512 812646400 918290432 1023934464 1129578496 1235222528 1340866560 1446510592 1552154624 1657798656 73400320 179044352 284688384 390332416 
421527552 535560192 649592832 763625472 877658112 991690752 1105723392 1219756032 1333788672 1447821312 1561853952 1675886592 1789919232 79167488 193462272 307494912 
330039296 452460544 574881792 697565184 819986432 942407680 1064828928 1187250176 1309671424 1432354816 1554776064 1677197312 1799618560 1922039808 85196800 207618048 
222035968 352845824 483655680 614465536 745537536 876347392 1007157248 1137967104 1269039104 1399848960 1530658816 1661730816 1792540672 1923350528 2054160384 90963968 
RESULT of PG * Gt of Matrix with size 16 X 16


262144 262144 262144 262144 262144 262144 262144 262144 262144 262144 262144 262144 262144 262144 262144 262144 
262144 262144 262144 262144 262144 262144 262144 262144 262144 262144 262144 262144 262144 262144 262144 262144 
262144 262144 262144 262144 262144 262144 262144 262144 262144 262144 262144 262144 262144 262144 262144 262144 
262144 262144 262144 262144 262144 262144 262144 262144 262144 262144 262144 262144 262144 262144 262144 262144 
262144 262144 262144 262144 262144 262144 262144 262144 262144 262144 262144 262144 262144 262144 262144 262144 
262144 262144 262144 262144 262144 262144 262144 262144 262144 262144 262144 262144 262144 262144 262144 262144 
262144 262144 262144 262144 262144 262144 262144 262144 262144 262144 262144 262144 262144 262144 262144 262144 
262144 262144 262144 262144 262144 262144 262144 262144 262144 262144 262144 262144 262144 262144 262144 262144 
262144 262144 262144 262144 262144 262144 262144 262144 262144 262144 262144 262144 262144 262144 262144 262144 
262144 262144 262144 262144 262144 262144 262144 262144 262144 262144 262144 262144 262144 262144 262144 262144 
262144 262144 262144 262144 262144 262144 262144 262144 262144 262144 262144 262144 262144 262144 262144 262144 
262144 262144 262144 262144 262144 262144 262144 262144 262144 262144 262144 262144 262144 262144 262144 262144 
262144 262144 262144 262144 262144 262144 262144 262144 262144 262144 262144 262144 262144 262144 262144 262144 
262144 262144 262144 262144 262144 262144 262144 262144 262144 262144 262144 262144 262144 262144 262144 262144 
262144 262144 262144 262144 262144 262144 262144 262144 262144 262144 262144 262144 262144 262144 262144 262144 
262144 262144 262144 262144 262144 262144 262144 262144 262144 262144 262144 262144 262144 262144 262144 262144 
RESULT of Pt * G of Matrix with size 16 X 16


660602880 665845760 671350784 676593664 682098688 687341568 692846592 698089472 703594496 708837376 714342400 719585280 725090304 730333184 735838208 741081088 
745799680 664535040 670040064 675545088 680787968 686292992 691535872 697040896 702545920 707788800 713293824 718536704 724041728 729546752 734789632 740294656 
744751104 750256128 668729344 674234368 679477248 684982272 690487296 695992320 701235200 706740224 712245248 717750272 722993152 728498176 734003200 739508224 
743964672 749469696 754712576 672661504 678166528 683671552 689176576 694681600 700186624 705691648 710934528 716439552 721944576 727449600 732954624 738459648 
742916096 748421120 753926144 759431168 676855808 682360832 687865856 693370880 698875904 704380928 709885952 715390976 720896000 726401024 731906048 737411072 
741867520 747372544 752877568 758382592 763887616 680787968 686292992 692060160 697565184 703070208 708575232 714080256 719585280 725090304 730595328 736362496 
740556800 746323968 751828992 757334016 762839040 768606208 684982272 690487296 695992320 701759488 707264512 712769536 718274560 724041728 729546752 735051776 
739508224 745013248 750780416 756285440 761790464 767557632 773062656 688914432 694681600 700186624 705953792 711458816 716963840 722731008 728236032 733741056 
738197504 743702528 749469696 754974720 760741888 766246912 772014080 777519104 693108736 698613760 704380928 709885952 715653120 721158144 726925312 732430336 
736886784 742391808 748158976 753926144 759431168 765198336 770965504 776470528 782237696 697040896 702808064 708575232 714080256 719847424 725614592 731119616 
735313920 741081088 746848256 752615424 758120448 763887616 769654784 775421952 780926976 786694144 701235200 707002368 712507392 718274560 724041728 729808896 
734003200 739770368 745537536 751042560 756809728 762576896 768344064 774111232 779878400 785645568 791412736 705167360 710934528 716701696 722468864 728236032 
732430336 738197504 743964672 749731840 755499008 761266176 767033344 772800512 778567680 784334848 790102016 795869184 709361664 715128832 720896000 726663168 
730857472 736624640 742391808 748158976 753926144 759693312 765722624 771489792 777256960 783024128 788791296 794558464 800325632 713293824 719323136 725090304 
729022464 735051776 740818944 746586112 752615424 758382592 764149760 769916928 775946240 781713408 787480576 793247744 799277056 805044224 717488128 723255296 
727449600 733216768 739246080 745013248 750780416 756809728 762576896 768606208 774373376 780140544 786169856 791937024 797704192 803733504 809500672 721682432 
RESULT of [PG]t * G of Matrix with size 16 X 16


0 0 0 0 0 0 0 0 262144 262144 262144 262144 262144 262144 262144 262144 
262144 0 0 0 0 0 0 0 0 262144 262144 262144 262144 262144 262144 262144 
262144 262144 0 0 0 0 0 0 0 0 262144 262144 262144 262144 262144 262144 
262144 262144 262144 0 0 0 0 0 0 0 0 262144 262144 262144 262144 262144 
262144 262144 262144 262144 0 0 0 0 0 0 0 0 262144 262144 262144 262144 
262144 262144 262144 262144 262144 0 0 0 0 0 0 0 0 262144 262144 262144 
262144 262144 262144 262144 262144 262144 0 0 0 0 0 0 0 0 262144 262144 
262144 262144 262144 262144 262144 262144 262144 0 0 0 0 0 0 0 0 262144 
262144 262144 262144 262144 262144 262144 262144 262144 0 0 0 0 0 0 0 0 
0 262144 262144 262144 262144 262144 262144 262144 262144 0 0 0 0 0 0 0 
0 0 262144 262144 262144 262144 262144 262144 262144 524288 0 0 0 0 0 0 
0 0 0 262144 262144 262144 262144 262144 262144 262144 524288 0 0 0 0 0 
0 0 0 0 262144 262144 262144 262144 262144 262144 262144 524288 0 0 0 0 
0 0 0 0 262144 262144 262144 262144 262144 262144 262144 262144 524288 0 0 0 
0 0 0 0 0 262144 262144 262144 262144 262144 262144 262144 262144 524288 0 0 
0 0 0 0 0 0 262144 262144 262144 262144 262144 262144 262144 262144 524288 0 
RESULT of Pt * Gt of Matrix with size 16 X 16


3145728 8912896 14680064 20709376 26476544 32243712 38273024 44040192 50069504 55836672 61603840 67633152 73400320 79167488 85196800 90963968 
222035968 7602176 21757952 36175872 50331648 64749568 78905344 93323264 107479040 121896960 136052736 150470656 164888576 179044352 193462272 207618048 
330039296 352845824 12058624 34865152 57671680 80216064 103022592 125829120 148373504 171180032 193724416 216530944 239337472 261881856 284688384 307494912 
421527552 452460544 483655680 16777216 47972352 78905344 110100480 141295616 172490752 203423744 234618880 265814016 297009152 327942144 359137280 390332416 
495976448 535560192 574881792 614465536 21233664 60817408 100401152 139984896 179568640 219152384 258473984 298057728 337641472 377225216 416808960 456392704 
553648128 601620480 649592832 697565184 745537536 25952256 73924608 121896960 169869312 217841664 265814016 313786368 361758720 409731072 457703424 505675776 
594280448 650641408 707264512 763625472 819986432 876347392 30408704 86769664 143130624 199491584 255852544 312475648 368836608 425197568 481558528 537919488 
618397696 683147264 747896832 812646400 877658112 942407680 1007157248 34865152 99876864 164626432 229376000 294125568 359137280 423886848 488636416 553385984 
625475584 698613760 772014080 845152256 918290432 991690752 1064828928 1137967104 39583744 112721920 186122240 259260416 332398592 405798912 478937088 552075264 
615776256 697303040 779091968 860618752 942407680 1023934464 1105723392 1187250176 1269039104 44040192 125829120 207355904 289144832 370671616 452460544 533987328 
589037568 679215104 769392640 859308032 949485568 1039400960 1129578496 1219756032 1309671424 1399848960 48758784 138674176 228851712 318767104 408944640 499122176 
545783808 644087808 742653952 841220096 939786240 1038090240 1136656384 1235222528 1333788672 1432354816 1530658816 53215232 151781376 250085376 348651520 447217664 
485490688 592445440 699400192 806092800 913047552 1020002304 1126957056 1233911808 1340866560 1447821312 1554776064 1661730816 57671680 164626432 271581184 378535936 
408420352 523763712 639107072 754450432 869793792 985137152 1100480512 1215823872 1331167232 1446510592 1561853952 1677197312 1792540672 62390272 177733632 293076992 
314310656 438304768 562036736 685768704 809500672 933232640 1056964608 1180696576 1304428544 1428422656 1552154624 1675886592 1799618560 1923350528 66846720 190578688 
203685888 335806464 467927040 600309760 732430336 864550912 996671488 1129054208 1261174784 1393295360 1525415936 1657798656 1789919232 1922039808 2054160384 71565312 
RESULT of [PG]t * Gt of Matrix with size 16 X 16


