0 0 0 0 0 0 0 0 0 0 0 0 0 0 0 0 0 
0 0 0 0 0 0 0 0 0 0 0 0 0 0 0 0 0 
0 0 0 0 0 0 0 0 0 0 0 0 0 0 0 0 0 
0 0 0 0 0 0 0 0 0 0 0 0 0 0 0 0 0 
0 0 0 0 0 0 0 0 0 0 0 0 0 0 0 0 0 
0 0 0 0 0 0 0 0 0 0 0 0 0 0 0 0 0 
0 0 0 0 0 0 0 0 0 0 0 0 0 0 0 0 0 
0 0 0 0 0 0 0 0 0 0 0 0 0 0 0 0 0 
0 0 0 0 0 0 0 0 0 0 0 0 0 0 0 0 0 
0 0 0 0 0 0 0 0 0 0 0 0 0 0 0 0 0 
0 0 0 0 0 0 0 0 0 0 0 0 0 0 0 0 0 
0 0 0 0 0 0 0 0 0 0 0 0 0 0 0 0 0 
0 0 0 0 0 0 0 0 0 0 0 0 0 0 0 0 0 
0 0 0 0 0 0 0 0 0 0 0 0 0 0 0 0 0 
0 0 0 0 0 0 0 0 0 0 0 0 0 0 0 0 0 
0 0 0 0 0 0 0 0 0 0 0 0 0 0 0 0 0 
0 0 0 0 0 0 0 0 0 0 0 0 0 0 0 0 0 
INITIAL DATA of Matrix with size 17 X 17


0 0 0 0 0 0 0 0 0 0 0 0 0 0 0 0 0 
0 0 0 0 0 0 0 0 0 0 0 0 0 0 0 0 0 
0 0 0 0 0 0 0 0 0 0 0 0 0 0 0 0 0 
0 0 0 0 0 0 0 0 0 0 0 0 0 0 0 0 0 
0 0 0 0 0 0 0 0 0 0 0 0 0 0 0 0 0 
0 0 0 0 0 0 0 0 0 0 0 0 0 0 0 0 0 
262144 262144 262144 262144 262144 262144 262144 262144 262144 262144 262144 262144 262144 262144 262144 262144 262144 
262144 262144 262144 262144 262144 262144 262144 262144 262144 262144 262144 262144 262144 262144 262144 262144 262144 
262144 262144 262144 262144 262144 262144 262144 262144 262144 262144 262144 262144 262144 262144 262144 262144 262144 
262144 262144 262144 262144 262144 262144 262144 262144 262144 262144 262144 262144 262144 262144 262144 262144 262144 
262144 262144 262144 262144 262144 262144 262144 262144 262144 262144 262144 262144 262144 262144 262144 262144 262144 
262144 262144 262144 262144 262144 262144 262144 262144 262144 262144 262144 262144 262144 262144 262144 262144 262144 
262144 524288 524288 524288 524288 524288 524288 524288 524288 524288 524288 524288 262144 262144 262144 262144 262144 
524288 524288 524288 524288 524288 524288 524288 524288 524288 524288 524288 524288 524288 524288 524288 524288 524288 
524288 524288 524288 524288 524288 524288 524288 524288 524288 524288 524288 524288 524288 524288 524288 524288 524288 
524288 524288 524288 524288 524288 524288 524288 524288 524288 524288 524288 524288 524288 524288 524288 524288 524288 
524288 524288 524288 524288 524288 524288 524288 524288 524288 524288 524288 524288 524288 524288 524288 524288 524288 
RESULT of P * G of Matrix with size 17 X 17


68681728 69206016 69730304 70254592 70778880 71303168 71827456 72089600 72613888 73138176 73662464 74186752 74711040 75235328 75759616 76283904 76546048 
187695104 168296448 169607168 170655744 171966464 173277184 174325760 175636480 176685056 177995776 179306496 180355072 181665792 182714368 184025088 185335808 186384384 
296747008 298582016 267911168 269746176 271843328 273678336 275513344 277610496 279445504 281280512 283377664 285212672 287047680 289144832 290979840 292814848 294912000 
404488192 407109632 409731072 367525888 370147328 372768768 375390208 378011648 380633088 383254528 385875968 388497408 391118848 394002432 396623872 399245312 401866752 
510656512 514064384 517210112 520617984 467140608 470548480 473956352 477102080 480509952 483917824 487325696 490471424 493879296 497287168 500695040 503840768 507248640 
615514112 619446272 623640576 627572736 631767040 566755328 570687488 574881792 578813952 583008256 586940416 591134720 595066880 599261184 603193344 607387648 611319808 
718798848 723517440 728236032 733216768 737935360 742653952 666370048 671088640 675807232 680787968 685506560 690225152 694943744 699662336 704643072 709361664 714080256 
820772864 826277888 831782912 837287936 842792960 848297984 853540864 765984768 771489792 776994816 782499840 788004864 793247744 798752768 804257792 809762816 815267840 
921436160 927465472 933756928 939786240 946077696 952369152 958398464 964689920 865599488 871628800 877920256 884211712 890241024 896532480 902823936 908853248 915144704 
1020526592 1027342336 1034158080 1041235968 1048051712 1054867456 1061945344 1068761088 1075576832 965214208 972029952 979107840 985923584 992739328 999817216 1006632960 1013448704 
1118044160 1125646336 1133248512 1140850688 1148452864 1156317184 1163919360 1171521536 1179123712 1186725888 1064828928 1072431104 1080033280 1087635456 1095237632 1102839808 1110441984 
1214251008 1222639616 1231028224 1239416832 1247805440 1255931904 1264320512 1272709120 1281097728 1289224192 1297612800 1164443648 1172570112 1180958720 1189347328 1197735936 1206124544 
1309147136 1318322176 1327235072 1336410112 1345323008 1354498048 1363410944 1372585984 1381498880 1390673920 1399586816 1408761856 1264058368 1272971264 1282146304 1291059200 1300234240 
1402470400 1412431872 1422131200 1431830528 1441529856 1451491328 1461190656 1470889984 1480589312 1490288640 1500250112 1509949440 1519648768 1363673088 1373372416 1383071744 1392771072 
1494482944 1504968704 1515454464 1525940224 1536425984 1546911744 1557397504 1567883264 1578369024 1588854784 1599340544 1609826304 1620312064 1630535680 1463287808 1473511424 1483997184 
1585184768 1596194816 1607467008 1618739200 1629749248 1641021440 1652293632 1663303680 1674575872 1685848064 1696858112 1708130304 1719402496 1730412544 1741684736 1562902528 1573912576 
1674313728 1686110208 1698168832 1709965312 1721761792 1733820416 1745616896 1757413376 1769472000 1781268480 1793327104 1805123584 1816920064 1828978688 1840775168 1852571648 1662255104 
RESULT of P G * G of Matrix with size 17 X 17


0 0 0 0 0 0 0 0 0 0 0 0 0 0 0 0 0 
0 0 0 0 0 0 0 0 0 0 0 0 0 0 0 0 0 
0 0 0 0 0 0 0 0 0 0 0 0 0 0 0 0 0 
0 262144 262144 0 0 0 0 0 0 0 0 0 0 0 0 0 0 
262144 262144 262144 262144 0 0 0 0 0 0 0 0 0 0 0 0 262144 
262144 262144 262144 262144 262144 0 0 0 0 0 0 0 0 0 0 262144 262144 
262144 262144 262144 262144 262144 524288 0 0 0 0 0 0 0 0 262144 262144 262144 
262144 262144 262144 262144 524288 524288 524288 0 0 0 0 0 0 0 262144 262144 262144 
262144 262144 262144 524288 524288 524288 524288 524288 0 0 0 0 0 0 262144 262144 262144 
262144 262144 262144 524288 524288 524288 524288 524288 524288 0 0 0 0 0 0 262144 262144 
262144 262144 262144 524288 524288 524288 524288 524288 786432 786432 0 0 0 0 0 262144 262144 
262144 262144 262144 524288 524288 524288 524288 524288 786432 786432 786432 0 0 0 0 0 262144 
262144 262144 262144 524288 524288 524288 524288 524288 786432 786432 786432 786432 0 0 0 0 262144 
262144 262144 262144 262144 524288 524288 524288 524288 786432 786432 786432 786432 1048576 0 0 0 0 
0 262144 262144 262144 524288 524288 524288 524288 786432 786432 786432 786432 1048576 1048576 0 0 0 
0 262144 262144 262144 262144 524288 524288 524288 786432 786432 786432 786432 1048576 1048576 1048576 0 0 
0 0 262144 262144 262144 524288 524288 524288 524288 786432 786432 786432 1048576 1048576 1048576 1310720 0 
RESULT of P * Gt of Matrix with size 17 X 17


4456448 11010048 17563648 23855104 30408704 36962304 43515904 50069504 56623104 63176704 69730304 76283904 82837504 89391104 95682560 102236160 108789760 
311164928 12845056 31457280 50069504 68681728 87293952 105906176 124518400 143392768 162004992 180617216 199229440 217841664 236453888 255066112 273678336 292290560 
482344960 513277952 21233664 51904512 82837504 113508352 144179200 174850048 205783040 236453888 267124736 298057728 328728576 359399424 390332416 421003264 451674112 
629669888 672661504 715390976 29622272 72613888 115343360 158334976 201064448 244056064 286785536 329777152 372506624 415498240 458227712 501219328 543948800 586940416 
752615424 807665664 862715904 917504000 38010880 93061120 148111360 202899456 257949696 312999936 367788032 422838272 477888512 532676608 587726848 642777088 697827328 
851443712 918552576 985661440 1052770304 1119879168 46399488 113508352 180617216 247726080 314834944 381943808 449052672 516161536 583008256 650117120 717225984 784334848 
925892608 1005322240 1084489728 1163657216 1242824704 1321992192 54788096 133955584 213385216 292552704 371720192 450887680 530055168 609222656 688390144 767557632 846725120 
976224256 1067712512 1158938624 1250164736 1341652992 1432879104 1524105216 63176704 154664960 245891072 337117184 428605440 519831552 611057664 702545920 793772032 884998144 
1002438656 1105723392 1209270272 1312555008 1416101888 1519386624 1622933504 1726218240 71827456 175112192 278659072 381943808 485490688 588775424 692322304 795607040 899153920 
1004273664 1119879168 1235484672 1350828032 1466433536 1582039040 1697382400 1812987904 1928593408 80216064 195559424 311164928 426770432 542113792 657719296 773324800 888930304 
981991424 1109655552 1237319680 1364983808 1492647936 1620049920 1747714048 1875378176 2003042304 2130706432 88604672 216268800 343932928 471334912 598999040 726663168 854327296 
935329792 1075052544 1215037440 1354760192 1494482944 1634205696 1773928448 1913651200 2053373952 -2101870592 -1962147840 96993280 236716032 376438784 516161536 655884288 795607040 
864550912 1016594432 1168375808 1320157184 1472200704 1623982080 1775763456 1927544832 2079588352 -2063597568 -1911816192 -1759772672 105381888 257163264 409206784 560988160 712769536 
769654784 933756928 1097596928 1261436928 1425539072 1589379072 1753481216 1917321216 2081423360 -2049703936 -1885601792 -1721761792 -1557659648 113770496 277872640 441712640 605814784 
650379264 826540032 1002700800 1178599424 1354760192 1530920960 1706819584 1882980352 2059141120 -2059927552 -1883766784 -1707606016 -1531707392 -1355546624 122159104 298319872 474480640 
506986496 695205888 883425280 1071644672 1259864064 1447821312 1636040704 1824260096 2012479488 -2094268416 -1906049024 -1717829632 -1529610240 -1341652992 -1153433600 130547712 318767104 
339214336 539754496 740032512 940310528 1140588544 1340866560 1541144576 1741422592 1941700608 2141978624 -1952710656 -1752432640 -1552154624 -1351876608 -1151336448 -951058432 138936320 
RESULT of PG * Gt of Matrix with size 17 X 17


262144 262144 262144 262144 262144 262144 262144 262144 262144 262144 262144 262144 262144 262144 262144 262144 262144 
262144 262144 262144 262144 262144 262144 262144 262144 262144 262144 262144 262144 262144 262144 262144 262144 262144 
262144 262144 262144 262144 262144 262144 262144 262144 262144 262144 262144 262144 262144 262144 262144 262144 262144 
262144 262144 262144 262144 262144 262144 262144 262144 262144 262144 262144 262144 262144 262144 262144 262144 262144 
262144 262144 262144 262144 262144 262144 262144 262144 262144 262144 262144 262144 262144 262144 262144 262144 262144 
262144 262144 262144 262144 262144 262144 262144 262144 262144 262144 262144 262144 262144 262144 262144 262144 262144 
262144 262144 262144 262144 262144 262144 262144 262144 262144 262144 262144 262144 262144 262144 262144 262144 262144 
262144 262144 262144 262144 262144 262144 262144 262144 262144 262144 262144 262144 262144 262144 262144 262144 262144 
262144 262144 262144 262144 262144 262144 262144 262144 262144 262144 262144 262144 262144 262144 262144 262144 262144 
262144 262144 262144 262144 262144 262144 262144 262144 262144 262144 262144 262144 262144 262144 262144 262144 262144 
262144 262144 262144 262144 262144 262144 262144 262144 262144 262144 262144 262144 262144 262144 262144 262144 262144 
262144 262144 262144 262144 262144 262144 262144 262144 262144 262144 262144 262144 262144 262144 262144 262144 262144 
262144 262144 262144 262144 262144 262144 262144 262144 262144 262144 262144 262144 262144 262144 262144 262144 262144 
262144 262144 262144 262144 262144 262144 262144 262144 262144 262144 262144 262144 262144 262144 262144 262144 262144 
262144 262144 262144 262144 262144 262144 262144 262144 262144 262144 262144 262144 262144 262144 262144 262144 262144 
262144 262144 262144 262144 262144 262144 262144 262144 262144 262144 262144 262144 262144 262144 262144 262144 262144 
262144 262144 262144 262144 262144 262144 262144 262144 262144 262144 262144 262144 262144 262144 262144 262144 262144 
RESULT of Pt * G of Matrix with size 17 X 17


1077149696 1085014016 1092616192 1100480512 1108082688 1115947008 1123549184 1131413504 1139015680 1146880000 1154482176 1162346496 1170210816 1177812992 1185677312 1193279488 1201143808 
1207697408 1082916864 1090781184 1098645504 1106247680 1114112000 1121976320 1129840640 1137442816 1145307136 1153171456 1160773632 1168637952 1176502272 1184366592 1191968768 1199833088 
1206386688 1214251008 1088946176 1096810496 1104412672 1112276992 1120141312 1128005632 1135869952 1143734272 1151598592 1159462912 1167065088 1174929408 1182793728 1190658048 1198522368 
1204813824 1212678144 1220542464 1094713344 1102577664 1110441984 1118306304 1126170624 1134034944 1141899264 1149763584 1157627904 1165492224 1173356544 1181220864 1189085184 1196949504 
1203503104 1211367424 1219231744 1227096064 1100480512 1108606976 1116471296 1124335616 1132199936 1140064256 1148190720 1156055040 1163919360 1171783680 1179648000 1187512320 1195638784 
1201930240 1209794560 1217921024 1225785344 1233649664 1106509824 1114374144 1122238464 1130364928 1138229248 1146093568 1154220032 1162084352 1170210816 1178075136 1185939456 1194065920 
1200357376 1208221696 1216348160 1224212480 1232338944 1240203264 1112276992 1120403456 1128267776 1136394240 1144258560 1152385024 1160249344 1168375808 1176240128 1184366592 1192230912 
1198522368 1206648832 1214513152 1222639616 1230766080 1238630400 1246756864 1118044160 1126170624 1134297088 1142161408 1150287872 1158414336 1166278656 1174405120 1182531584 1190395904 
1196687360 1204813824 1212940288 1221066752 1229193216 1237057536 1245184000 1253310464 1124073472 1132199936 1140064256 1148190720 1156317184 1164443648 1172570112 1180696576 1188560896 
1194852352 1202978816 1211105280 1219231744 1227358208 1235484672 1243611136 1251737600 1259864064 1129840640 1137967104 1146093568 1154220032 1162346496 1170472960 1178599424 1186725888 
1193017344 1201143808 1209270272 1217396736 1225523200 1233649664 1241776128 1250164736 1258291200 1266417664 1135869952 1143996416 1152122880 1160249344 1168375808 1176502272 1184628736 
1190920192 1199046656 1207173120 1215561728 1223688192 1231814656 1240203264 1248329728 1256456192 1264582656 1272971264 1141637120 1149763584 1157890048 1166278656 1174405120 1182531584 
1188823040 1196949504 1205075968 1213464576 1221591040 1229979648 1238106112 1246494720 1254621184 1263009792 1271136256 1279524864 1147404288 1155792896 1163919360 1172307968 1180434432 
1186463744 1194852352 1202978816 1211367424 1219756032 1227882496 1236271104 1244397568 1252786176 1261174784 1269301248 1277689856 1286078464 1153433600 1161560064 1169948672 1178075136 
1184104448 1192493056 1200881664 1209270272 1217396736 1225785344 1234173952 1242562560 1250951168 1259077632 1267466240 1275854848 1284243456 1292369920 1159200768 1167589376 1175715840 
1181745152 1190133760 1198522368 1206910976 1215299584 1223688192 1232076800 1240465408 1248854016 1257242624 1265631232 1274019840 1282146304 1290534912 1298923520 1164967936 1173356544 
1179385856 1187774464 1196163072 1204551680 1212940288 1221328896 1229717504 1238106112 1246756864 1255145472 1263534080 1271922688 1280311296 1288699904 1297088512 1305477120 1170997248 
RESULT of [PG]t * G of Matrix with size 17 X 17


0 0 0 0 0 0 262144 262144 262144 262144 262144 262144 262144 524288 524288 524288 524288 
524288 0 0 0 0 0 0 262144 262144 262144 262144 262144 262144 262144 524288 524288 524288 
524288 524288 0 0 0 0 0 0 262144 262144 262144 262144 262144 262144 262144 524288 524288 
524288 524288 524288 0 0 0 0 0 0 262144 262144 262144 262144 262144 262144 262144 524288 
524288 524288 524288 524288 0 0 0 0 0 0 262144 262144 262144 262144 262144 262144 262144 
262144 524288 524288 524288 524288 0 0 0 0 0 0 262144 262144 262144 262144 262144 262144 
262144 524288 524288 524288 524288 524288 0 0 0 0 0 0 262144 262144 262144 262144 262144 
262144 262144 524288 524288 524288 524288 524288 0 0 0 0 0 0 262144 262144 262144 262144 
262144 262144 262144 524288 524288 524288 524288 524288 0 0 0 0 0 0 262144 262144 262144 
262144 262144 262144 262144 524288 524288 524288 524288 524288 0 0 0 0 0 0 262144 262144 
262144 262144 262144 262144 262144 524288 524288 524288 524288 524288 0 0 0 0 0 0 262144 
262144 262144 262144 262144 262144 262144 524288 524288 524288 524288 524288 0 0 0 0 0 0 
0 262144 262144 262144 262144 262144 262144 524288 524288 524288 524288 524288 0 0 0 0 0 
0 0 262144 262144 262144 262144 262144 262144 524288 524288 524288 524288 524288 0 0 0 0 
0 0 0 262144 262144 262144 262144 262144 262144 524288 524288 524288 524288 524288 0 0 0 
0 0 0 0 262144 262144 262144 262144 262144 262144 524288 524288 524288 524288 524288 0 0 
0 0 0 0 0 262144 262144 262144 262144 262144 262144 524288 524288 524288 524288 524288 0 
RESULT of Pt * Gt of Matrix with size 17 X 17


4456448 12845056 21233664 29622272 38010880 46399488 54788096 63176704 71827456 80216064 88604672 96993280 105381888 113770496 122159104 130547712 138936320 
339214336 11010048 31457280 51904512 72613888 93061120 113508352 133955584 154664960 175112192 195559424 216268800 236716032 257163264 277872640 298319872 318767104 
506986496 539754496 17563648 50069504 82837504 115343360 148111360 180617216 213385216 245891072 278659072 311164928 343932928 376438784 409206784 441712640 474480640 
650379264 695205888 740032512 23855104 68681728 113508352 158334976 202899456 247726080 292552704 337117184 381943808 426770432 471334912 516161536 560988160 605814784 
769654784 826540032 883425280 940310528 30408704 87293952 144179200 201064448 257949696 314834944 371720192 428605440 485490688 542113792 598999040 655884288 712769536 
864550912 933756928 1002700800 1071644672 1140588544 36962304 105906176 174850048 244056064 312999936 381943808 450887680 519831552 588775424 657719296 726663168 795607040 
935329792 1016594432 1097596928 1178599424 1259864064 1340866560 43515904 124518400 205783040 286785536 367788032 449052672 530055168 611057664 692322304 773324800 854327296 
981991424 1075052544 1168375808 1261436928 1354760192 1447821312 1541144576 50069504 143392768 236453888 329777152 422838272 516161536 609222656 702545920 795607040 888930304 
1004273664 1109655552 1215037440 1320157184 1425539072 1530920960 1636040704 1741422592 56623104 162004992 267124736 372506624 477888512 583008256 688390144 793772032 899153920 
1002438656 1119879168 1237319680 1354760192 1472200704 1589379072 1706819584 1824260096 1941700608 63176704 180617216 298057728 415498240 532676608 650117120 767557632 884998144 
976224256 1105723392 1235484672 1364983808 1494482944 1623982080 1753481216 1882980352 2012479488 2141978624 69730304 199229440 328728576 458227712 587726848 717225984 846725120 
925892608 1067712512 1209270272 1350828032 1492647936 1634205696 1775763456 1917321216 2059141120 -2094268416 -1952710656 76283904 217841664 359399424 501219328 642777088 784334848 
851443712 1005322240 1158938624 1312555008 1466433536 1620049920 1773928448 1927544832 2081423360 -2059927552 -1906049024 -1752432640 82837504 236453888 390332416 543948800 697827328 
752615424 918552576 1084489728 1250164736 1416101888 1582039040 1747714048 1913651200 2079588352 -2049703936 -1883766784 -1717829632 -1552154624 89391104 255066112 421003264 586940416 
629669888 807665664 985661440 1163657216 1341652992 1519386624 1697382400 1875378176 2053373952 -2063597568 -1885601792 -1707606016 -1529610240 -1351876608 95682560 273678336 451674112 
482344960 672661504 862715904 1052770304 1242824704 1432879104 1622933504 1812987904 2003042304 -2101870592 -1911816192 -1721761792 -1531707392 -1341652992 -1151336448 102236160 292290560 
311164928 513277952 715390976 917504000 1119879168 1321992192 1524105216 1726218240 1928593408 2130706432 -1962147840 -1759772672 -1557659648 -1355546624 -1153433600 -951058432 108789760 
RESULT of [PG]t * Gt of Matrix with size 17 X 17


