0 0 0 0 0 0 0 0 0 0 0 0 0 0 0 0 0 0 0 0 0 0 
0 0 0 0 0 0 0 0 0 0 0 0 0 0 0 0 0 0 0 0 0 0 
0 0 0 0 0 0 0 0 0 0 0 0 0 0 0 0 0 0 0 0 0 0 
0 0 0 0 0 0 0 0 0 0 0 0 0 0 0 0 0 0 0 0 0 0 
0 0 0 0 0 0 0 0 0 0 0 0 0 0 0 0 0 0 0 0 0 0 
0 0 0 0 0 0 0 0 0 0 0 0 0 0 0 0 0 0 0 0 0 0 
0 0 0 0 0 0 0 0 0 0 0 0 0 0 0 0 0 0 0 0 0 0 
0 0 0 0 0 0 0 0 0 0 0 0 0 0 0 0 0 0 0 0 0 0 
0 0 0 0 0 0 0 0 0 0 0 0 0 0 0 0 0 0 0 0 0 0 
0 0 0 0 0 0 0 0 0 0 0 0 0 0 0 0 0 0 0 0 0 0 
0 0 0 0 0 0 0 0 0 0 0 0 0 0 0 0 0 0 0 0 0 0 
0 0 0 0 0 0 0 0 0 0 0 0 0 0 0 0 0 0 0 0 0 0 
0 0 0 0 0 0 0 0 0 0 0 0 0 0 0 0 0 0 0 0 0 0 
0 0 0 0 0 0 0 0 0 0 0 0 0 0 0 0 0 0 0 0 0 0 
0 0 0 0 0 0 0 0 0 0 0 0 0 0 0 0 0 0 0 0 0 0 
0 0 0 0 0 0 0 0 0 0 0 0 0 0 0 0 0 0 0 0 0 0 
0 0 0 0 0 0 0 0 0 0 0 0 0 0 0 0 0 0 0 0 0 0 
0 0 0 0 0 0 0 0 0 0 0 0 0 0 0 0 0 0 0 0 0 0 
0 0 0 0 0 0 0 0 0 0 0 0 0 0 0 0 0 0 0 0 0 0 
0 0 0 0 0 0 0 0 0 0 0 0 0 0 0 0 0 0 0 0 0 0 
0 0 0 0 0 0 0 0 0 0 0 0 0 0 0 0 0 0 0 0 0 0 
0 0 0 0 0 0 0 0 0 0 0 0 0 0 0 0 0 0 0 0 0 0 
INITIAL DATA of Matrix with size 22 X 22


0 0 0 0 0 0 0 0 0 0 0 0 0 0 0 0 0 0 0 0 0 0 
0 0 0 0 0 0 0 0 0 0 0 0 0 0 0 0 0 0 0 0 0 0 
262144 262144 262144 262144 262144 262144 262144 262144 262144 262144 262144 262144 262144 262144 262144 262144 262144 262144 262144 262144 262144 262144 
262144 262144 262144 262144 262144 262144 262144 262144 262144 262144 262144 262144 262144 262144 262144 262144 262144 262144 262144 262144 262144 262144 
524288 524288 524288 524288 524288 524288 524288 524288 524288 524288 524288 524288 524288 524288 524288 524288 524288 524288 524288 524288 524288 524288 
524288 524288 524288 524288 524288 524288 524288 524288 524288 524288 524288 524288 524288 524288 524288 524288 524288 524288 524288 524288 524288 524288 
786432 786432 786432 786432 786432 786432 524288 524288 524288 524288 524288 524288 524288 524288 524288 524288 524288 786432 786432 786432 786432 786432 
786432 786432 786432 786432 786432 786432 786432 786432 786432 786432 786432 786432 786432 786432 786432 786432 786432 786432 786432 786432 786432 786432 
786432 786432 786432 786432 1048576 1048576 1048576 1048576 786432 786432 786432 786432 786432 786432 786432 786432 786432 786432 786432 786432 786432 786432 
1048576 1048576 1048576 1048576 1048576 1048576 1048576 1048576 1048576 1048576 1048576 1048576 1048576 1048576 1048576 1048576 1048576 1048576 1048576 1048576 1048576 1048576 
1048576 1048576 1048576 1048576 1048576 1048576 1048576 1048576 1048576 1048576 1048576 1048576 1048576 1048576 1048576 1048576 1048576 1048576 1048576 1048576 1048576 1048576 
1310720 1310720 1310720 1310720 1310720 1310720 1310720 1310720 1310720 1310720 1310720 1310720 1310720 1310720 1310720 1310720 1310720 1310720 1310720 1310720 1310720 1310720 
1310720 1310720 1310720 1310720 1310720 1310720 1310720 1310720 1310720 1310720 1310720 1310720 1310720 1310720 1310720 1310720 1310720 1310720 1310720 1310720 1310720 1310720 
1572864 1572864 1572864 1572864 1572864 1572864 1572864 1572864 1572864 1572864 1572864 1572864 1572864 1310720 1310720 1310720 1310720 1310720 1310720 1572864 1572864 1572864 
1572864 1572864 1572864 1572864 1572864 1572864 1572864 1572864 1572864 1572864 1572864 1572864 1572864 1572864 1572864 1572864 1572864 1572864 1572864 1572864 1572864 1572864 
1572864 1572864 1572864 1835008 1835008 1835008 1835008 1835008 1835008 1835008 1835008 1835008 1835008 1835008 1835008 1572864 1572864 1572864 1572864 1572864 1572864 1572864 
1835008 1835008 1835008 1835008 1835008 1835008 1835008 1835008 1835008 1835008 1835008 1835008 1835008 1835008 1835008 1835008 1835008 1835008 1835008 1835008 1835008 1835008 
1835008 1835008 1835008 1835008 1835008 1835008 1835008 1835008 2097152 2097152 2097152 2097152 2097152 2097152 2097152 2097152 2097152 1835008 1835008 1835008 1835008 1835008 
2097152 2097152 2097152 2097152 2097152 2097152 2097152 2097152 2097152 2097152 2097152 2097152 2097152 2097152 2097152 2097152 2097152 2097152 2097152 2097152 2097152 2097152 
2097152 2097152 2097152 2097152 2097152 2097152 2097152 2097152 2097152 2097152 2097152 2097152 2097152 2359296 2359296 2359296 2359296 2359296 2359296 2097152 2097152 2097152 
2097152 2097152 2359296 2359296 2359296 2359296 2359296 2359296 2359296 2359296 2359296 2359296 2359296 2359296 2359296 2359296 2359296 2359296 2359296 2359296 2097152 2097152 
2359296 2359296 2359296 2359296 2359296 2359296 2359296 2359296 2359296 2359296 2359296 2359296 2359296 2359296 2359296 2359296 2359296 2621440 2621440 2621440 2621440 2359296 
RESULT of P * G of Matrix with size 22 X 22


417333248 419168256 421003264 422576128 424411136 426246144 428081152 429916160 431489024 433324032 435159040 436994048 438829056 440401920 442236928 444071936 445906944 447479808 449314816 451149824 452984832 454819840 
1117519872 1025769472 1030225920 1034682368 1038876672 1043333120 1047789568 1051983872 1056440320 1060634624 1065091072 1069547520 1073741824 1078198272 1082654720 1086849024 1091305472 1095499776 1099956224 1104412672 1108606976 1113063424 
1773142016 1780219904 1634467840 1641283584 1648099328 1655177216 1661992960 1669070848 1675886592 1682964480 1689780224 1696858112 1703673856 1710751744 1717567488 1724645376 1731461120 1738539008 1745354752 1752432640 1759248384 1766326272 
-1871183872 -1861746688 -1852047360 -2052063232 -2042626048 -2033188864 -2023489536 -2014052352 -2004615168 -1994915840 -1985478656 -1976041472 -1966342144 -1956904960 -1947467776 -1937768448 -1928331264 -1918894080 -1909194752 -1899757568 -1890320384 -1880621056 
-1225785344 -1213726720 -1201405952 -1189347328 -1443627008 -1431568384 -1419509760 -1407451136 -1395130368 -1383071744 -1371013120 -1358954496 -1346895872 -1334575104 -1322516480 -1310457856 -1298399232 -1286340608 -1274281984 -1261961216 -1249902592 -1237843968 
-585367552 -570687488 -556007424 -541327360 -526647296 -835190784 -820510720 -805830656 -791150592 -776470528 -761790464 -747110400 -732430336 -717750272 -703070208 -688390144 -673710080 -659030016 -644087808 -629407744 -614727680 -600047616 
49545216 66846720 84148224 101449728 118751232 136052736 -226754560 -209453056 -192151552 -174850048 -157548544 -140247040 -122945536 -105906176 -88604672 -71303168 -54001664 -36700160 -19398656 -2097152 15204352 32505856 
679477248 699400192 719323136 739246080 758906880 778829824 798752768 381681664 401604608 421527552 441450496 461111296 481034240 500957184 520880128 540540928 560463872 580386816 600309760 619970560 639893504 659816448 
1304428544 1326710784 1349255168 1371799552 1394081792 1416626176 1438908416 1461452800 990380032 1012662272 1035206656 1057488896 1080033280 1102577664 1124859904 1147404288 1169686528 1192230912 1214513152 1237057536 1259601920 1281884160 
1923874816 1949040640 1973944320 1999110144 2024013824 2049179648 2074083328 2099249152 2124152832 1598816256 1623719936 1648885760 1673789440 1698955264 1723858944 1748762624 1773928448 1798832128 1823997952 1848901632 1874067456 1898971136 
-1756626944 -1728839680 -1701314560 -1673789440 -1646002176 -1618477056 -1590951936 -1563426816 -1535639552 -1508114432 -2087714816 -2060189696 -2032402432 -2004877312 -1977352192 -1949827072 -1922039808 -1894514688 -1866989568 -1839202304 -1811677184 -1784152064 
-1147142144 -1116995584 -1086849024 -1056702464 -1026555904 -996409344 -966262784 -935854080 -905707520 -875560960 -845414400 -1479278592 -1449132032 -1418985472 -1388576768 -1358430208 -1328283648 -1298137088 -1267990528 -1237843968 -1207697408 -1177288704 
-543162368 -510394368 -477626368 -444858368 -412090368 -379322368 -346554368 -313786368 -281018368 -248250368 -215482368 -182714368 -870842368 -838074368 -805306368 -772538368 -739770368 -707002368 -674234368 -641466368 -608698368 -575930368 
55836672 91226112 126615552 162004992 197132288 232521728 267911168 303300608 338690048 374079488 409206784 444596224 479985664 -262144000 -227016704 -191627264 -156237824 -120848384 -85458944 -50069504 -14942208 20447232 
649592832 687603712 725614592 763363328 801374208 839385088 877133824 915144704 953155584 990904320 1028915200 1066926080 1104674816 1142685696 346292224 384040960 422051840 460062720 498073600 535822336 573833216 611844096 
1238368256 1278738432 1319370752 1359740928 1400373248 1440743424 1481375744 1521745920 1562378240 1603010560 1643380736 1684013056 1724383232 1765015552 1805385728 954728448 995098624 1035730944 1076363264 1116733440 1157365760 1197735936 
1821638656 1864892416 1907884032 1951137792 1994129408 2037121024 2080374784 2123366400 -2128347136 -2085355520 -2042363904 -1999110144 -1956118528 -1913126912 -1869873152 -1826881536 1563164672 1606418432 1649410048 1692401664 1735655424 1778647040 
-1894776832 -1849163776 -1803550720 -1757937664 -1712324608 -1666449408 -1620836352 -1575223296 -1529610240 -1483735040 -1438121984 -1392508928 -1346895872 -1301020672 -1255407616 -1209794560 -1164181504 -2123366400 -2077491200 -2031878144 -1986265088 -1940652032 
-1321730048 -1273495552 -1225261056 -1177026560 -1128792064 -1080557568 -1032323072 -984088576 -935591936 -887357440 -839122944 -790888448 -742653952 -694419456 -646184960 -597950464 -549715968 -501481472 -1514668032 -1466433536 -1418199040 -1369964544 
-753664000 -703070208 -652214272 -601358336 -550502400 -499646464 -448790528 -397934592 -347078656 -296222720 -245366784 -194510848 -143654912 -92798976 -41943040 8912896 59506688 110362624 161218560 -906231808 -855375872 -804519936 
-191102976 -137625600 -84148224 -30670848 22806528 76021760 129499136 182976512 236453888 289931264 343146496 396623872 450101248 503578624 556793856 610271232 663748608 717225984 770703360 823918592 -297795584 -244318208 
366739456 422576128 478674944 534773760 590610432 646709248 702808064 758644736 814743552 870580224 926679040 982777856 1038614528 1094713344 1150812160 1206648832 1262747648 1318846464 1374683136 1430781952 1486618624 310640640 
RESULT of P G * G of Matrix with size 22 X 22


0 0 0 0 0 0 0 0 0 0 0 0 0 0 0 0 0 0 0 0 0 0 
262144 0 0 0 0 0 0 0 0 0 0 0 0 0 0 0 0 262144 262144 262144 262144 262144 
524288 524288 0 0 0 0 0 0 0 0 0 0 262144 262144 262144 262144 262144 262144 262144 262144 262144 524288 
524288 524288 786432 0 0 0 0 0 0 0 262144 262144 262144 262144 262144 262144 262144 524288 524288 524288 524288 524288 
786432 786432 786432 786432 0 0 0 0 0 262144 262144 262144 262144 262144 262144 524288 524288 524288 524288 524288 786432 786432 
786432 1048576 1048576 1048576 1048576 0 0 0 0 262144 262144 262144 262144 262144 524288 524288 524288 524288 786432 786432 786432 786432 
1048576 1048576 1048576 1310720 1310720 1310720 0 0 0 0 262144 262144 262144 262144 524288 524288 524288 786432 786432 786432 786432 1048576 
1048576 1310720 1310720 1310720 1310720 1572864 1572864 0 0 0 262144 262144 262144 262144 524288 524288 524288 786432 786432 786432 1048576 1048576 
1310720 1310720 1310720 1572864 1572864 1572864 1835008 1835008 0 0 0 262144 262144 262144 524288 524288 524288 786432 786432 786432 1048576 1048576 
1310720 1310720 1572864 1572864 1572864 1835008 1835008 1835008 2097152 0 0 0 262144 262144 524288 524288 524288 786432 786432 1048576 1048576 1048576 
1310720 1310720 1572864 1572864 1835008 1835008 1835008 2097152 2097152 2359296 0 0 262144 262144 262144 524288 524288 786432 786432 1048576 1048576 1048576 
1310720 1310720 1572864 1572864 1835008 1835008 2097152 2097152 2359296 2359296 2621440 0 0 262144 262144 524288 524288 786432 786432 786432 1048576 1048576 
1310720 1310720 1572864 1572864 1835008 1835008 2097152 2097152 2359296 2359296 2621440 2621440 0 0 262144 262144 524288 524288 786432 786432 1048576 1048576 
1310720 1310720 1572864 1572864 1835008 1835008 2097152 2359296 2359296 2621440 2621440 2883584 2883584 0 0 262144 262144 524288 786432 786432 1048576 1048576 
1310720 1310720 1572864 1572864 1835008 1835008 2097152 2359296 2359296 2621440 2621440 2883584 3145728 3145728 0 0 262144 524288 524288 786432 786432 1048576 
1048576 1310720 1572864 1572864 1835008 1835008 2097152 2359296 2359296 2621440 2883584 2883584 3145728 3145728 3407872 0 0 262144 524288 524288 786432 1048576 
1048576 1310720 1310720 1572864 1835008 1835008 2097152 2359296 2359296 2621440 2883584 2883584 3145728 3407872 3407872 3670016 0 262144 262144 524288 786432 786432 
786432 1048576 1310720 1572864 1572864 1835008 2097152 2097152 2359296 2621440 2883584 2883584 3145728 3407872 3407872 3670016 3932160 0 262144 262144 524288 786432 
786432 1048576 1048576 1310720 1572864 1835008 1835008 2097152 2359296 2621440 2621440 2883584 3145728 3407872 3407872 3670016 3932160 4194304 0 262144 262144 524288 
524288 786432 1048576 1310720 1310720 1572864 1835008 2097152 2359296 2359296 2621440 2883584 3145728 3407872 3407872 3670016 3932160 4194304 4456448 0 262144 524288 
524288 524288 786432 1048576 1310720 1572864 1835008 1835008 2097152 2359296 2621440 2883584 3145728 3145728 3407872 3670016 3932160 4194304 4456448 4456448 0 262144 
262144 524288 786432 786432 1048576 1310720 1572864 1835008 2097152 2359296 2621440 2621440 2883584 3145728 3407872 3670016 3932160 4194304 4456448 4456448 4718592 0 
RESULT of P * Gt of Matrix with size 22 X 22


20447232 50593792 80740352 110886912 141033472 171180032 201326592 231473152 261619712 291766272 321650688 351797248 381943808 412090368 442236928 472383488 502530048 532676608 562823168 592969728 623116288 653000704 
1885077504 59768832 146538496 233570304 320339968 407371776 494403584 581173248 668205056 755236864 842006528 929038336 1015808000 1102839808 1189871616 1276641280 1363673088 1450442752 1537474560 1624506368 1711276032 1798307840 
-1321467904 -1177812992 98828288 242483200 386138112 530055168 673710080 817364992 961282048 1104936960 1248591872 1392508928 1536163840 1679818752 1823735808 1967390720 2111045632 -2040004608 -1896349696 -1752694784 -1608777728 -1465122816 
-346816512 -146276352 54263808 137887744 338427904 538968064 739508224 940048384 1140588544 1341128704 1541668864 1742209024 1942749184 2143289344 -1951137792 -1750597632 -1550057472 -1349517312 -1148977152 -948436992 -747896832 -547356672 
514326528 771751936 1029177344 1286340608 176947200 434372608 691798016 948961280 1206386688 1463812096 1721237504 1978400768 -2059141120 -1801715712 -1544290304 -1287127040 -1029701632 -772276224 -515112960 -257687552 -262144 257163264 
1261961216 1576009728 1890320384 -2090598400 -1776549888 216268800 530317312 844365824 1158676480 1472724992 1787035648 2101084160 -1879572480 -1565523968 -1251475456 -937164800 -623116288 -308805632 5242880 319291392 633602048 947650560 
1895825408 -2028208128 -1657274368 -1286340608 -915406848 -544473088 255328256 626262016 997195776 1368129536 1739063296 2109997056 -1813774336 -1442840576 -1071906816 -700973056 -330039296 40894464 411828224 782761984 1153957888 1524891648 
-1879048192 -1451229184 -1023410176 -595591168 -167772160 260046848 687603712 294387712 722206720 1150025728 1577844736 2005401600 -1861746688 -1433927680 -1006108672 -578289664 -150732800 277086208 704905216 1132724224 1560543232 1988362240 
-1472200704 -987758592 -503054336 -18612224 466092032 950534144 1435238400 1919680512 333447168 818151424 1302593536 1787297792 -2023227392 -1538523136 -1054081024 -569376768 -84672512 399769600 884473856 1368915968 1853620224 -1956904960 
-1179123712 -637796352 -96468992 444858368 986185728 1527775232 2069102592 -1684537344 -1143209984 372768768 914096128 1455423488 1996750848 -1756889088 -1215299584 -673972224 -132644864 408682496 950272000 1491599360 2032926720 -1720713216 
-999817216 -401604608 196608000 794820608 1393033216 1991245824 -1705508864 -1107558400 -509345792 88866816 411828224 1010040832 1608253440 -2088501248 -1490288640 -892338176 -294125568 304087040 902299648 1500512256 2098724864 -1598029824 
-934019072 -278921216 375914496 1031012352 1686110208 -1954021376 -1298923520 -644087808 11010048 666107904 1320943616 450887680 1105985536 1760821248 -1879048192 -1223950336 -569114624 85983232 740818944 1395916800 2051014656 -1589116928 
-981729280 -270008320 441712640 1153695744 1865416704 -1717829632 -1005846528 -294125568 417595392 1129578496 1841299456 -1741946880 489947136 1201930240 1913651200 -1669595136 -957612032 -245891072 465829888 1177812992 1889533952 -1693712384 
-1143209984 -374603776 394002432 1162608640 1931214848 -1595146240 -826540032 -57933824 710672384 1479278592 -2047082496 -1278476288 -509870080 529268736 1297874944 2066481152 -1459879936 -691273728 77332480 845938688 1614544896 -1911816192 
-1418199040 -592969728 232521728 1058013184 1883504640 -1586233344 -760741888 64749568 890241024 1715470336 -1754005504 -928514048 -103022592 722206720 568328192 1393819648 -2075918336 -1250426880 -424935424 400293888 1225785344 2051276800 
-1806958592 -924581888 -42467328 839647232 1722023936 -1690828800 -808452096 73662464 956039168 1838153728 -1574699008 -692322304 189792256 1072168960 1954283520 607387648 1489502208 -1923088384 -1040973824 -158597120 723517440 1605894144 
1985740800 -1370226688 -431226880 508035072 1447034880 -1908932608 -969932800 -30932992 908066816 1847066624 -1508638720 -569638912 369360896 1308360704 -2047606784 -1108606976 646447104 1585446912 -1770258432 -831258624 107741184 1046740992 
1369964544 -1929117696 -933494784 62390272 1058275328 2054160384 -1244921856 -249036800 746586112 1742471168 -1556611072 -560726016 435159040 1431044096 -1868038144 -872415232 123469824 685768704 1681391616 -1617690624 -621805568 374079488 
640417792 1692925952 -1549271040 -496500736 556007424 1608777728 -1633681408 -580911104 471597056 1524367360 -1718091776 -665321472 387186688 1439956992 -1802240000 -749731840 303038464 1355546624 724828160 1777336320 -1464860672 -412352512 
-202637312 906756096 2016149504 -1169424384 -59768832 1049624576 -2135949312 -1026555904 83099648 1192493056 -1993080832 -883687424 225968128 1335361536 -1850212352 -740818944 368836608 1478230016 -1707343872 763887616 1873281024 -1312292864 
-1159462912 6815744 1173094400 -1955594240 -789315584 376963072 1543241728 -1585446912 -419168256 747110400 1913389056 -1215299584 -49020928 1116995584 -2011693056 -845414400 320864256 1487142912 -1641545728 -475267072 802947072 1969225728 
2065170432 -1006632960 216268800 1439432704 -1632370688 -409468928 813694976 2036858880 -1035206656 187957248 1411121152 -1660944384 -437780480 785383424 2008285184 -1063518208 159645696 1382547456 -1689255936 -466354176 756809728 842006528 
RESULT of PG * Gt of Matrix with size 22 X 22


1572864 1572864 1572864 1572864 1572864 1572864 1572864 1572864 1572864 1572864 1572864 1572864 1572864 1572864 1572864 1572864 1572864 1572864 1572864 1572864 1572864 1572864 
1572864 1572864 1572864 1572864 1572864 1572864 1572864 1572864 1572864 1572864 1572864 1572864 1572864 1572864 1572864 1572864 1572864 1572864 1572864 1572864 1572864 1572864 
1572864 1572864 1572864 1572864 1572864 1572864 1572864 1572864 1572864 1572864 1572864 1572864 1572864 1572864 1572864 1572864 1572864 1572864 1572864 1572864 1572864 1572864 
1572864 1572864 1572864 1572864 1572864 1572864 1572864 1572864 1572864 1572864 1572864 1572864 1572864 1572864 1572864 1572864 1572864 1572864 1572864 1572864 1572864 1572864 
1572864 1572864 1572864 1572864 1572864 1572864 1572864 1572864 1572864 1572864 1572864 1572864 1572864 1572864 1572864 1572864 1572864 1572864 1572864 1572864 1572864 1572864 
1572864 1572864 1572864 1572864 1572864 1572864 1572864 1572864 1572864 1572864 1572864 1572864 1572864 1572864 1572864 1572864 1572864 1572864 1572864 1572864 1572864 1572864 
1572864 1572864 1572864 1572864 1572864 1572864 1572864 1572864 1572864 1572864 1572864 1572864 1572864 1572864 1572864 1572864 1572864 1572864 1572864 1572864 1572864 1572864 
1572864 1572864 1572864 1572864 1572864 1572864 1572864 1572864 1572864 1572864 1572864 1572864 1572864 1572864 1572864 1572864 1572864 1572864 1572864 1572864 1572864 1572864 
1572864 1572864 1572864 1572864 1572864 1572864 1572864 1572864 1572864 1572864 1572864 1572864 1572864 1572864 1572864 1572864 1572864 1572864 1572864 1572864 1572864 1572864 
1572864 1572864 1572864 1572864 1572864 1572864 1572864 1572864 1572864 1572864 1572864 1572864 1572864 1572864 1572864 1572864 1572864 1572864 1572864 1572864 1572864 1572864 
1572864 1572864 1572864 1572864 1572864 1572864 1572864 1572864 1572864 1572864 1572864 1572864 1572864 1572864 1572864 1572864 1572864 1572864 1572864 1572864 1572864 1572864 
1572864 1572864 1572864 1572864 1572864 1572864 1572864 1572864 1572864 1572864 1572864 1572864 1572864 1572864 1572864 1572864 1572864 1572864 1572864 1572864 1572864 1572864 
1572864 1572864 1572864 1572864 1572864 1572864 1572864 1572864 1572864 1572864 1572864 1572864 1572864 1572864 1572864 1572864 1572864 1572864 1572864 1572864 1572864 1572864 
1572864 1572864 1572864 1572864 1572864 1572864 1572864 1572864 1572864 1572864 1572864 1572864 1572864 1572864 1572864 1572864 1572864 1572864 1572864 1572864 1572864 1572864 
1572864 1572864 1572864 1572864 1572864 1572864 1572864 1572864 1572864 1572864 1572864 1572864 1572864 1572864 1572864 1572864 1572864 1572864 1572864 1572864 1572864 1572864 
1572864 1572864 1572864 1572864 1572864 1572864 1572864 1572864 1572864 1572864 1572864 1572864 1572864 1572864 1572864 1572864 1572864 1572864 1572864 1572864 1572864 1572864 
1572864 1572864 1572864 1572864 1572864 1572864 1572864 1572864 1572864 1572864 1572864 1572864 1572864 1572864 1572864 1572864 1572864 1572864 1572864 1572864 1572864 1572864 
1572864 1572864 1572864 1572864 1572864 1572864 1572864 1572864 1572864 1572864 1572864 1572864 1572864 1572864 1572864 1572864 1572864 1572864 1572864 1572864 1572864 1572864 
1572864 1572864 1572864 1572864 1572864 1572864 1572864 1572864 1572864 1572864 1572864 1572864 1572864 1572864 1572864 1572864 1572864 1572864 1572864 1572864 1572864 1572864 
1572864 1572864 1572864 1572864 1572864 1572864 1572864 1572864 1572864 1572864 1572864 1572864 1572864 1572864 1572864 1572864 1572864 1572864 1572864 1572864 1572864 1572864 
1572864 1572864 1572864 1572864 1572864 1572864 1572864 1572864 1572864 1572864 1572864 1572864 1572864 1572864 1572864 1572864 1572864 1572864 1572864 1572864 1572864 1572864 
1572864 1572864 1572864 1572864 1572864 1572864 1572864 1572864 1572864 1572864 1572864 1572864 1572864 1572864 1572864 1572864 1572864 1572864 1572864 1572864 1835008 1572864 
RESULT of Pt * G of Matrix with size 22 X 22


14155776 50855936 87556096 124256256 160694272 197394432 234094592 270794752 307494912 344195072 380633088 417333248 454033408 490733568 527433728 564133888 600834048 637272064 673972224 710672384 747372544 784072704 
814219264 41943040 78643200 115343360 152043520 189005824 225705984 262406144 299368448 336068608 372768768 409468928 446431232 483131392 519831552 556793856 593494016 630194176 666894336 703856640 740556800 777256960 
807403520 844365824 69468160 106430464 143392768 180092928 217055232 254017536 290717696 327680000 364642304 401604608 438304768 475267072 512229376 549191680 585891840 622854144 659816448 696778752 733478912 770441216 
800325632 837287936 874250240 97255424 134217728 171180032 208142336 245104640 282329088 319291392 356253696 393216000 430178304 467140608 504365056 541327360 578289664 615251968 652214272 689438720 726401024 763363328 
792985600 830210048 867434496 904396800 124780544 162004992 198967296 236191744 273416192 310378496 347602944 384827392 421789696 459014144 495976448 533200896 570425344 607387648 644612096 681836544 718798848 756023296 
785645568 822870016 860094464 897318912 934543360 152567808 189792256 227016704 264241152 301465600 338690048 375914496 413138944 450363392 487587840 524812288 562036736 599523328 636747776 673972224 711196672 748421120 
778043392 815267840 852754432 889978880 927465472 964689920 180092928 217579520 254803968 292290560 329515008 367001600 404226048 441712640 478937088 516423680 553648128 591134720 628359168 665845760 703332352 740556800 
769916928 807403520 844890112 882376704 919863296 957349888 994836480 207880192 245366784 282853376 320339968 357826560 395051008 432537600 470024192 507510784 544997376 582483968 619970560 657457152 694943744 732430336 
761790464 799277056 837025792 874512384 912261120 949747712 987496448 1024983040 235405312 273154048 310640640 348127232 385875968 423362560 461111296 498597888 536346624 573833216 611319808 649068544 686555136 724303872 
753401856 791150592 828899328 866648064 904134656 941883392 979632128 1017380864 1055129600 263192576 300941312 338427904 376176640 413925376 451674112 489422848 527171584 564920320 602406912 640155648 677904384 715653120 
744751104 782499840 820510720 858259456 896008192 934019072 971767808 1009516544 1047527424 1085276160 290717696 328466432 366477312 404226048 441974784 479985664 517734400 555483136 593494016 631242752 668991488 707002368 
735838208 773849088 811859968 849608704 887619584 925630464 963641344 1001390080 1039400960 1077411840 1115422720 318504960 356253696 394264576 432275456 470286336 508035072 546045952 584056832 622067712 660078592 697827328 
726663168 764936192 802947072 840957952 878968832 916979712 955252736 993263616 1031274496 1069285376 1107296256 1145569280 346030080 384040960 422313984 460324864 498335744 536346624 574357504 612630528 650641408 688652288 
717488128 755499008 793772032 832045056 870055936 908328960 946601984 984612864 1022885888 1061158912 1099169792 1137442816 1175715840 373817344 411828224 450101248 488374272 526385152 564658176 602931200 640942080 679215104 
707788800 746061824 784334848 822607872 860880896 899416064 937689088 975962112 1014235136 1052508160 1090781184 1129054208 1167327232 1205600256 401342464 439615488 477888512 516423680 554696704 592969728 631242752 669515776 
698089472 736362496 774897664 813170688 851705856 889978880 928514048 966787072 1005322240 1043857408 1082130432 1120665600 1158938624 1197473792 1235746816 429129728 467402752 505937920 544210944 582746112 621019136 659554304 
687865856 726401024 764936192 803471360 842006528 880541696 919076864 957612032 996147200 1034682368 1073217536 1111752704 1150287872 1188823040 1227358208 1265893376 456654848 495190016 533725184 572260352 610795520 649330688 
677642240 716177408 754974720 793509888 832307200 870842368 909639680 948174848 986972160 1025507328 1064042496 1102839808 1141374976 1180172288 1218707456 1257504768 1296039936 484442112 522977280 561774592 600309760 639107072 
667156480 705953792 744751104 783548416 822083584 860880896 899678208 938475520 977272832 1016070144 1054867456 1093664768 1132462080 1171259392 1209794560 1248591872 1287389184 1326186496 511967232 550764544 589561856 628359168 
656408576 695205888 734003200 773062656 811859968 850919424 889716736 928514048 967573504 1006370816 1045168128 1084227584 1123024896 1161822208 1200881664 1239678976 1278476288 1317535744 1356333056 539754496 578551808 617349120 
645398528 684457984 723255296 762314752 801374208 840433664 879493120 918290432 957349888 996409344 1035468800 1074528256 1113325568 1152385024 1191444480 1230503936 1269563392 1308360704 1347420160 1386479616 567279616 606339072 
634126336 673185792 712245248 751566848 790626304 829685760 868745216 908066816 947126272 986185728 1025245184 1064566784 1103626240 1142685696 1181745152 1221066752 1260126208 1299185664 1338245120 1377566720 1416626176 595066880 
RESULT of [PG]t * G of Matrix with size 22 X 22


0 0 262144 262144 524288 524288 524288 786432 786432 1048576 1048576 1310720 1310720 1310720 1572864 1572864 1835008 1835008 2097152 2097152 2097152 2359296 
2359296 0 0 262144 262144 524288 524288 524288 786432 786432 1048576 1048576 1310720 1310720 1310720 1572864 1572864 1835008 1835008 2097152 2097152 2097152 
2097152 2359296 0 0 262144 262144 524288 524288 524288 786432 786432 1048576 1048576 1310720 1310720 1310720 1572864 1572864 1835008 1835008 2097152 2097152 
2097152 2097152 2359296 0 0 262144 262144 524288 524288 524288 786432 786432 1048576 1048576 1310720 1310720 1310720 1572864 1572864 1835008 1835008 2097152 
2097152 2097152 2359296 2359296 0 0 262144 262144 524288 524288 524288 786432 786432 1048576 1048576 1310720 1310720 1310720 1572864 1572864 1835008 1835008 
1835008 2097152 2097152 2359296 2359296 0 0 262144 262144 524288 524288 524288 786432 786432 1048576 1048576 1310720 1310720 1310720 1572864 1572864 1835008 
1835008 1835008 2097152 2097152 2359296 2359296 0 0 262144 262144 524288 524288 524288 786432 786432 1048576 1048576 1310720 1310720 1572864 1572864 1572864 
1572864 1835008 1835008 2097152 2097152 2359296 2359296 0 0 262144 262144 524288 524288 524288 786432 786432 1048576 1048576 1310720 1310720 1572864 1572864 
1572864 1572864 1835008 1835008 2097152 2097152 2359296 2359296 0 0 262144 262144 524288 524288 524288 786432 786432 1048576 1048576 1310720 1310720 1572864 
1572864 1572864 1572864 1835008 1835008 2097152 2097152 2359296 2359296 0 0 262144 262144 524288 524288 524288 786432 786432 1048576 1048576 1310720 1310720 
1310720 1572864 1572864 1835008 1835008 1835008 2097152 2097152 2359296 2359296 0 0 262144 262144 524288 524288 524288 786432 786432 1048576 1048576 1310720 
1310720 1310720 1572864 1572864 1835008 1835008 1835008 2097152 2097152 2359296 2359296 0 0 262144 262144 524288 524288 786432 786432 786432 1048576 1048576 
1048576 1310720 1310720 1572864 1572864 1835008 1835008 1835008 2097152 2097152 2359296 2359296 0 0 262144 262144 524288 524288 786432 786432 786432 1048576 
1048576 1048576 1310720 1310720 1572864 1572864 1835008 1835008 2097152 2097152 2097152 2359296 2359296 0 0 262144 262144 524288 524288 786432 786432 786432 
786432 1048576 1048576 1310720 1310720 1572864 1572864 1835008 1835008 2097152 2097152 2097152 2359296 2359296 0 0 262144 262144 524288 524288 786432 786432 
786432 786432 1048576 1048576 1310720 1310720 1572864 1572864 1835008 1835008 2097152 2097152 2097152 2359296 2359296 0 0 262144 262144 524288 524288 786432 
786432 786432 786432 1048576 1048576 1310720 1310720 1572864 1572864 1835008 1835008 2097152 2097152 2359296 2359296 2359296 0 0 262144 262144 524288 524288 
524288 786432 786432 786432 1048576 1048576 1310720 1310720 1572864 1572864 1835008 1835008 2097152 2097152 2359296 2359296 2359296 0 0 262144 262144 524288 
524288 524288 786432 786432 1048576 1048576 1048576 1310720 1310720 1572864 1572864 1835008 1835008 2097152 2097152 2359296 2359296 2621440 0 0 262144 262144 
262144 524288 524288 786432 786432 1048576 1048576 1048576 1310720 1310720 1572864 1572864 1835008 1835008 2097152 2097152 2359296 2359296 2621440 0 0 262144 
262144 262144 524288 524288 786432 786432 1048576 1048576 1048576 1310720 1310720 1572864 1572864 1835008 1835008 2097152 2097152 2359296 2359296 2621440 0 0 
0 262144 262144 524288 524288 786432 786432 1048576 1048576 1048576 1310720 1310720 1572864 1572864 1835008 1835008 2097152 2097152 2359296 2359296 2621440 0 
RESULT of Pt * Gt of Matrix with size 22 X 22


20447232 59768832 98828288 137887744 176947200 216268800 255328256 294387712 333447168 372768768 411828224 450887680 489947136 529268736 568328192 607387648 646447104 685768704 724828160 763887616 802947072 842006528 
2065170432 50593792 146538496 242483200 338427904 434372608 530317312 626262016 722206720 818151424 914096128 1010040832 1105985536 1201930240 1297874944 1393819648 1489502208 1585446912 1681391616 1777336320 1873281024 1969225728 
-1159462912 -1006632960 80740352 233570304 386138112 538968064 691798016 844365824 997195776 1150025728 1302593536 1455423488 1608253440 1760821248 1913651200 2066481152 -2075918336 -1923088384 -1770258432 -1617690624 -1464860672 -1312292864 
-202637312 6815744 216268800 110886912 320339968 530055168 739508224 948961280 1158676480 1368129536 1577844736 1787297792 1996750848 -2088501248 -1879048192 -1669595136 -1459879936 -1250426880 -1040973824 -831258624 -621805568 -412352512 
640417792 906756096 1173094400 1439432704 141033472 407371776 673710080 940048384 1206386688 1472724992 1739063296 2005401600 -2023227392 -1756889088 -1490288640 -1223950336 -957612032 -691273728 -424935424 -158597120 107741184 374079488 
1369964544 1692925952 2016149504 -1955594240 -1632370688 171180032 494403584 817364992 1140588544 1463812096 1787035648 2109997056 -1861746688 -1538523136 -1215299584 -892338176 -569114624 -245891072 77332480 400293888 723517440 1046740992 
1985740800 -1929117696 -1549271040 -1169424384 -789315584 -409468928 201326592 581173248 961282048 1341128704 1721237504 2101084160 -1813774336 -1433927680 -1054081024 -673972224 -294125568 85983232 465829888 845938688 1225785344 1605894144 
-1806958592 -1370226688 -933494784 -496500736 -59768832 376963072 813694976 231473152 668205056 1104936960 1541668864 1978400768 -1879572480 -1442840576 -1006108672 -569376768 -132644864 304087040 740818944 1177812992 1614544896 2051276800 
-1418199040 -924581888 -431226880 62390272 556007424 1049624576 1543241728 2036858880 261619712 755236864 1248591872 1742209024 -2059141120 -1565523968 -1071906816 -578289664 -84672512 408682496 902299648 1395916800 1889533952 -1911816192 
-1143209984 -592969728 -42467328 508035072 1058275328 1608777728 -2135949312 -1585446912 -1035206656 291766272 842006528 1392508928 1942749184 -1801715712 -1251475456 -700973056 -150732800 399769600 950272000 1500512256 2051014656 -1693712384 
-981729280 -374603776 232521728 839647232 1447034880 2054160384 -1633681408 -1026555904 -419168256 187957248 321650688 929038336 1536163840 2143289344 -1544290304 -937164800 -330039296 277086208 884473856 1491599360 2098724864 -1589116928 
-934019072 -270008320 394002432 1058013184 1722023936 -1908932608 -1244921856 -580911104 83099648 747110400 1411121152 351797248 1015808000 1679818752 -1951137792 -1287127040 -623116288 40894464 704905216 1368915968 2032926720 -1598029824 
-999817216 -278921216 441712640 1162608640 1883504640 -1690828800 -969932800 -249036800 471597056 1192493056 1913389056 -1660944384 381943808 1102839808 1823735808 -1750597632 -1029701632 -308805632 411828224 1132724224 1853620224 -1720713216 
-1179123712 -401604608 375914496 1153695744 1931214848 -1586233344 -808452096 -30932992 746586112 1524367360 -1993080832 -1215299584 -437780480 412090368 1189871616 1967390720 -1550057472 -772276224 5242880 782761984 1560543232 -1956904960 
-1472200704 -637796352 196608000 1031012352 1865416704 -1595146240 -760741888 73662464 908066816 1742471168 -1718091776 -883687424 -49020928 785383424 442236928 1276641280 2111045632 -1349517312 -515112960 319291392 1153957888 1988362240 
-1879048192 -987758592 -96468992 794820608 1686110208 -1717829632 -826540032 64749568 956039168 1847066624 -1556611072 -665321472 225968128 1116995584 2008285184 472383488 1363673088 -2040004608 -1148977152 -257687552 633602048 1524891648 
1895825408 -1451229184 -503054336 444858368 1393033216 -1954021376 -1005846528 -57933824 890241024 1838153728 -1508638720 -560726016 387186688 1335361536 -2011693056 -1063518208 502530048 1450442752 -1896349696 -948436992 -262144 947650560 
1261961216 -2028208128 -1023410176 -18612224 986185728 1991245824 -1298923520 -294125568 710672384 1715470336 -1574699008 -569638912 435159040 1439956992 -1850212352 -845414400 159645696 532676608 1537474560 -1752694784 -747896832 257163264 
514326528 1576009728 -1657274368 -595591168 466092032 1527775232 -1705508864 -644087808 417595392 1479278592 -1754005504 -692322304 369360896 1431044096 -1802240000 -740818944 320864256 1382547456 562823168 1624506368 -1608777728 -547356672 
-346816512 771751936 1890320384 -1286340608 -167772160 950534144 2069102592 -1107558400 11010048 1129578496 -2047082496 -928514048 189792256 1308360704 -1868038144 -749731840 368836608 1487142912 -1689255936 592969728 1711276032 -1465122816 
-1321467904 -146276352 1029177344 -2090598400 -915406848 260046848 1435238400 -1684537344 -509345792 666107904 1841299456 -1278476288 -103022592 1072168960 -2047606784 -872415232 303038464 1478230016 -1641545728 -466354176 623116288 1798307840 
1885077504 -1177812992 54263808 1286340608 -1776549888 -544473088 687603712 1919680512 -1143209984 88866816 1320943616 -1741946880 -509870080 722206720 1954283520 -1108606976 123469824 1355546624 -1707343872 -475267072 756809728 653000704 
RESULT of [PG]t * Gt of Matrix with size 22 X 22


