0 0 0 0 0 0 0 0 0 0 0 0 0 0 0 0 0 0 0 0 0 0 0 
0 0 0 0 0 0 0 0 0 0 0 0 0 0 0 0 0 0 0 0 0 0 0 
0 0 0 0 0 0 0 0 0 0 0 0 0 0 0 0 0 0 0 0 0 0 0 
0 0 0 0 0 0 0 0 0 0 0 0 0 0 0 0 0 0 0 0 0 0 0 
0 0 0 0 0 0 0 0 0 0 0 0 0 0 0 0 0 0 0 0 0 0 0 
0 0 0 0 0 0 0 0 0 0 0 0 0 0 0 0 0 0 0 0 0 0 0 
0 0 0 0 0 0 0 0 0 0 0 0 0 0 0 0 0 0 0 0 0 0 0 
0 0 0 0 0 0 0 0 0 0 0 0 0 0 0 0 0 0 0 0 0 0 0 
0 0 0 0 0 0 0 0 0 0 0 0 0 0 0 0 0 0 0 0 0 0 0 
0 0 0 0 0 0 0 0 0 0 0 0 0 0 0 0 0 0 0 0 0 0 0 
0 0 0 0 0 0 0 0 0 0 0 0 0 0 0 0 0 0 0 0 0 0 0 
0 0 0 0 0 0 0 0 0 0 0 0 0 0 0 0 0 0 0 0 0 0 0 
0 0 0 0 0 0 0 0 0 0 0 0 0 0 0 0 0 0 0 0 0 0 0 
0 0 0 0 0 0 0 0 0 0 0 0 0 0 0 0 0 0 0 0 0 0 0 
0 0 0 0 0 0 0 0 0 0 0 0 0 0 0 0 0 0 0 0 0 0 0 
0 0 0 0 0 0 0 0 0 0 0 0 0 0 0 0 0 0 0 0 0 0 0 
0 0 0 0 0 0 0 0 0 0 0 0 0 0 0 0 0 0 0 0 0 0 0 
0 0 0 0 0 0 0 0 0 0 0 0 0 0 0 0 0 0 0 0 0 0 0 
0 0 0 0 0 0 0 0 0 0 0 0 0 0 0 0 0 0 0 0 0 0 0 
0 0 0 0 0 0 0 0 0 0 0 0 0 0 0 0 0 0 0 0 0 0 0 
0 0 0 0 0 0 0 0 0 0 0 0 0 0 0 0 0 0 0 0 0 0 0 
0 0 0 0 0 0 0 0 0 0 0 0 0 0 0 0 0 0 0 0 0 0 0 
0 0 0 0 0 0 0 0 0 0 0 0 0 0 0 0 0 0 0 0 0 0 0 
INITIAL DATA of Matrix with size 23 X 23


0 0 0 0 0 0 0 0 0 0 0 0 0 0 0 0 0 0 0 0 0 0 0 
0 0 0 0 0 0 0 0 0 0 0 0 0 0 0 0 0 0 0 0 0 0 0 
262144 262144 262144 262144 262144 262144 262144 262144 262144 262144 262144 262144 262144 262144 262144 262144 262144 262144 262144 262144 262144 262144 262144 
524288 524288 524288 262144 262144 262144 262144 262144 262144 262144 262144 262144 262144 262144 262144 262144 262144 262144 524288 524288 524288 524288 524288 
524288 524288 524288 524288 524288 524288 524288 524288 524288 524288 524288 524288 524288 524288 524288 524288 524288 524288 524288 524288 524288 524288 524288 
786432 786432 786432 786432 786432 524288 524288 524288 524288 524288 524288 524288 524288 786432 786432 786432 786432 786432 786432 786432 786432 786432 786432 
786432 786432 786432 786432 786432 786432 786432 786432 786432 786432 786432 786432 786432 786432 786432 786432 786432 786432 786432 786432 786432 786432 786432 
1048576 1048576 1048576 1048576 1048576 1048576 1048576 786432 786432 786432 786432 1048576 1048576 1048576 1048576 1048576 1048576 1048576 1048576 1048576 1048576 1048576 1048576 
1048576 1048576 1048576 1048576 1048576 1048576 1048576 1048576 1048576 1048576 1048576 1048576 1048576 1048576 1048576 1048576 1048576 1048576 1048576 1048576 1048576 1048576 1048576 
1310720 1310720 1310720 1310720 1310720 1310720 1310720 1310720 1310720 1048576 1048576 1310720 1310720 1310720 1310720 1310720 1310720 1310720 1310720 1310720 1310720 1310720 1310720 
1310720 1310720 1310720 1310720 1310720 1310720 1310720 1310720 1310720 1310720 1310720 1310720 1310720 1310720 1310720 1310720 1310720 1310720 1310720 1310720 1310720 1310720 1310720 
1572864 1572864 1572864 1572864 1572864 1572864 1572864 1572864 1572864 1572864 1572864 1310720 1572864 1572864 1572864 1572864 1572864 1572864 1572864 1572864 1572864 1572864 1572864 
1572864 1572864 1572864 1572864 1572864 1572864 1572864 1572864 1572864 1835008 1835008 1835008 1572864 1572864 1572864 1572864 1572864 1572864 1572864 1572864 1572864 1572864 1572864 
1835008 1835008 1835008 1835008 1835008 1835008 1835008 1835008 1835008 1835008 1835008 1835008 1835008 1835008 1835008 1835008 1835008 1835008 1835008 1835008 1835008 1835008 1835008 
1835008 1835008 1835008 1835008 1835008 1835008 1835008 2097152 2097152 2097152 2097152 2097152 2097152 2097152 1835008 1835008 1835008 1835008 1835008 1835008 1835008 1835008 1835008 
2097152 2097152 2097152 2097152 2097152 2097152 2097152 2097152 2097152 2097152 2097152 2097152 2097152 2097152 2097152 2097152 2097152 2097152 2097152 2097152 2097152 2097152 2097152 
2097152 2097152 2097152 2097152 2097152 2097152 2097152 2359296 2359296 2359296 2359296 2359296 2359296 2359296 2359296 2359296 2097152 2097152 2097152 2097152 2097152 2097152 2097152 
2359296 2359296 2359296 2359296 2359296 2359296 2359296 2359296 2359296 2359296 2359296 2359296 2359296 2359296 2359296 2359296 2359296 2359296 2359296 2359296 2359296 2359296 2359296 
2359296 2359296 2359296 2359296 2359296 2359296 2359296 2621440 2621440 2621440 2621440 2621440 2621440 2621440 2621440 2621440 2621440 2621440 2359296 2359296 2359296 2359296 2359296 
2621440 2621440 2621440 2621440 2621440 2621440 2621440 2621440 2621440 2621440 2621440 2621440 2621440 2621440 2621440 2621440 2621440 2621440 2621440 2621440 2621440 2621440 2621440 
2621440 2621440 2621440 2621440 2621440 2621440 2621440 2883584 2883584 2883584 2883584 2883584 2883584 2883584 2883584 2883584 2883584 2883584 2883584 2883584 2621440 2621440 2621440 
2883584 2883584 2883584 2883584 2883584 2883584 2883584 2883584 2883584 2883584 2883584 2883584 2883584 2883584 2883584 2883584 2883584 2883584 2883584 3145728 3145728 2883584 2883584 
2883584 2883584 2883584 2883584 2883584 2883584 2883584 2883584 3145728 3145728 3145728 3145728 3145728 3145728 3145728 3145728 3145728 3145728 3145728 3145728 3145728 3145728 2883584 
RESULT of P * G of Matrix with size 23 X 23


569638912 571736064 574095360 576192512 578551808 580648960 582746112 585105408 587202560 589561856 591659008 594018304 596115456 598474752 600571904 602931200 605028352 607125504 609484800 611581952 613941248 616038400 618397696 
1520435200 1400897536 1406140416 1411645440 1417150464 1422655488 1428160512 1433403392 1438908416 1444413440 1449918464 1455161344 1460666368 1466171392 1471676416 1476919296 1482424320 1487929344 1493434368 1498677248 1504182272 1509687296 1515192320 
-1880883200 -1872232448 -2062811136 -2054160384 -2045509632 -2036858880 -2028208128 -2019557376 -2010906624 -2002255872 -1993605120 -1984954368 -1976303616 -1967652864 -1959002112 -1950089216 -1941438464 -1932787712 -1924136960 -1915486208 -1906835456 -1898184704 -1889533952 
-993787904 -981991424 -969932800 -1231552512 -1219756032 -1207697408 -1195900928 -1184104448 -1172045824 -1160249344 -1148452864 -1136394240 -1124597760 -1112801280 -1100742656 -1088946176 -1076887552 -1065091072 -1053294592 -1041235968 -1029439488 -1017643008 -1005584384 
-113246208 -98041856 -82837504 -67895296 -400293888 -385089536 -370147328 -354942976 -339738624 -324796416 -309592064 -294387712 -279445504 -264241152 -249298944 -234094592 -218890240 -203948032 -188743680 -173539328 -158597120 -143392768 -128188416 
761004032 779354112 797704192 816054272 834404352 430964736 449314816 467664896 486014976 504365056 522715136 541065216 559415296 577765376 596115456 614465536 632553472 650903552 669253632 687603712 705953792 724303872 742653952 
1628700672 1650458624 1671954432 1693450240 1714946048 1736704000 1262223360 1283719168 1305477120 1326972928 1348468736 1369964544 1391722496 1413218304 1434714112 1456209920 1477967872 1499463680 1520959488 1542455296 1564213248 1585709056 1607204864 
-1804861440 -1779957760 -1755316224 -1730412544 -1705771008 -1680867328 -1656225792 2093481984 2118385664 2143027200 -2127036416 -2102394880 -2077491200 -2052849664 -2027945984 -2003042304 -1978400768 -1953497088 -1928855552 -1903951872 -1879310336 -1854406656 -1829765120 
-950009856 -921960448 -893911040 -865861632 -838074368 -810024960 -781975552 -753926144 -1370226688 -1342177280 -1314127872 -1286078464 -1258029056 -1230241792 -1202192384 -1174142976 -1146093568 -1118044160 -1089994752 -1061945344 -1034158080 -1006108672 -978059264 
-101711872 -70254592 -39059456 -7864320 23330816 54525952 85721088 116916224 148373504 -538968064 -507772928 -476315648 -445120512 -413925376 -382730240 -351535104 -320339968 -289144832 -257687552 -226492416 -195297280 -164102144 -132907008 
740294656 774897664 809238528 843841536 878182400 912523264 947126272 981467136 1016070144 1050411008 292290560 326893568 361234432 395837440 430178304 464781312 499122176 533463040 568066048 602406912 637009920 671350784 705953792 
1575747584 1613496320 1651245056 1688993792 1726480384 1764229120 1801977856 1839726592 1877213184 1914961920 1952710656 1123549184 1161297920 1199046656 1236795392 1274281984 1312030720 1349779456 1387528192 1425014784 1462763520 1500512256 1538260992 
-1890058240 -1849163776 -1808269312 -1767374848 -1726480384 -1685585920 -1644691456 -1603796992 -1562902528 -1522008064 -1480851456 -1439956992 1954807808 1995702272 2036596736 2077753344 2118647808 -2135425024 -2094530560 -2053636096 -2012741632 -1971847168 -1930952704 
-1067450368 -1023410176 -979107840 -935067648 -891027456 -846725120 -802684928 -758644736 -714342400 -670302208 -625999872 -581959680 -537919488 -1508900864 -1464598528 -1420558336 -1376518144 -1332215808 -1288175616 -1243873280 -1199833088 -1155792896 -1111490560 
-251396096 -203948032 -156499968 -109314048 -61865984 -14417920 32768000 80216064 127664128 174850048 222298112 269746176 316932096 364380160 -677642240 -630194176 -582746112 -535560192 -488112128 -440664064 -393478144 -346030080 -298582016 
558366720 608960512 659554304 710148096 760741888 811335680 861929472 912523264 963117056 1013710848 1064304640 1114898432 1165492224 1216086016 1266679808 153878528 204472320 254803968 305397760 355991552 406585344 457179136 507772928 
1361575936 1415577600 1469317120 1523056640 1576796160 1630797824 1684537344 1738276864 1792016384 1846018048 1899757568 1953497088 2007236608 2061238272 2114977792 -2126249984 985137152 1038876672 1092616192 1146355712 1200357376 1254096896 1307836416 
-2136473600 -2079326208 -2022440960 -1965293568 -1908408320 -1851260928 -1794375680 -1737228288 -1680343040 -1623195648 -1566310400 -1509163008 -1452015616 -1395130368 -1337982976 -1281097728 -1223950336 1816395776 1873281024 1930428416 1987313664 2044461056 2101346304 
-1346109440 -1285816320 -1225523200 -1165230080 -1105199104 -1044905984 -984612864 -924319744 -864026624 -803733504 -743702528 -683409408 -623116288 -562823168 -502530048 -442236928 -381943808 -321912832 -1647312896 -1587019776 -1526988800 -1466695680 -1406402560 
-562298880 -498597888 -435159040 -371720192 -308281344 -244842496 -181403648 -117964800 -54263808 9175040 72613888 136052736 199491584 262930432 326369280 390070272 453509120 516947968 580386816 -816054272 -752615424 -689176576 -625737728 
215220224 282066944 348651520 415498240 482082816 548667392 615514112 682098688 748945408 815529984 882376704 948961280 1015808000 1082392576 1148977152 1215823872 1282408448 1349255168 1415839744 1482686464 15204352 81788928 148635648 
986185728 1056178176 1126170624 1196163072 1265893376 1335885824 1405878272 1475870720 1545601024 1615593472 1685585920 1755578368 1825308672 1895301120 1965293568 2035286016 2105016320 -2119958528 -2049966080 -1979973632 -1910243328 846462976 916455424 
1750859776 1823997952 1897136128 1970274304 2043412480 2116550656 -2105278464 -2032140288 -1959002112 -1885863936 -1812725760 -1739325440 -1666187264 -1593049088 -1519910912 -1446772736 -1373634560 -1300496384 -1227358208 -1154220032 -1081081856 -1007943680 1677721600 
RESULT of P G * G of Matrix with size 23 X 23


0 0 0 0 0 0 0 0 0 0 0 0 0 0 0 0 0 0 0 0 0 0 0 
262144 0 0 0 0 0 0 0 0 0 0 0 0 0 0 262144 262144 262144 262144 262144 262144 262144 262144 
524288 524288 0 0 0 0 0 0 0 0 262144 262144 262144 262144 262144 262144 262144 262144 262144 524288 524288 524288 524288 
786432 786432 786432 0 0 0 0 0 0 262144 262144 262144 262144 262144 262144 524288 524288 524288 524288 524288 524288 786432 786432 
1048576 1048576 1048576 1048576 0 0 0 0 0 262144 262144 262144 262144 524288 524288 524288 524288 524288 786432 786432 786432 786432 786432 
1048576 1310720 1310720 1310720 1310720 0 0 0 0 262144 262144 262144 262144 524288 524288 524288 524288 786432 786432 786432 786432 1048576 1048576 
1310720 1310720 1310720 1572864 1572864 1572864 0 0 0 262144 262144 262144 262144 524288 524288 524288 786432 786432 786432 1048576 1048576 1048576 1310720 
1310720 1572864 1572864 1572864 1835008 1835008 1835008 0 0 0 262144 262144 262144 524288 524288 524288 786432 786432 1048576 1048576 1048576 1310720 1310720 
1572864 1572864 1572864 1835008 1835008 2097152 2097152 2097152 0 0 262144 262144 262144 524288 524288 524288 786432 786432 1048576 1048576 1048576 1310720 1310720 
1572864 1572864 1835008 1835008 2097152 2097152 2359296 2359296 2359296 0 0 262144 262144 524288 524288 524288 786432 786432 1048576 1048576 1310720 1310720 1310720 
1572864 1835008 1835008 2097152 2097152 2359296 2359296 2621440 2621440 2883584 0 0 262144 262144 524288 524288 786432 786432 1048576 1048576 1310720 1310720 1572864 
1572864 1835008 1835008 2097152 2097152 2359296 2359296 2621440 2621440 2883584 3145728 0 0 262144 262144 524288 524288 786432 1048576 1048576 1310720 1310720 1572864 
1572864 1835008 1835008 2097152 2359296 2359296 2621440 2621440 2883584 2883584 3145728 3407872 0 0 262144 524288 524288 786432 786432 1048576 1048576 1310720 1572864 
1572864 1835008 1835008 2097152 2359296 2359296 2621440 2883584 2883584 3145728 3145728 3407872 3670016 0 0 262144 524288 524288 786432 1048576 1048576 1310720 1310720 
1572864 1835008 1835008 2097152 2359296 2359296 2621440 2883584 2883584 3145728 3407872 3407872 3670016 3932160 0 262144 262144 524288 786432 786432 1048576 1310720 1310720 
1572864 1572864 1835008 2097152 2359296 2359296 2621440 2883584 2883584 3145728 3407872 3670016 3670016 3932160 4194304 0 262144 262144 524288 786432 786432 1048576 1310720 
1310720 1572864 1835008 2097152 2097152 2359296 2621440 2883584 2883584 3145728 3407872 3670016 3670016 3932160 4194304 4456448 0 262144 262144 524288 786432 1048576 1310720 
1310720 1572864 1572864 1835008 2097152 2359296 2621440 2883584 2883584 3145728 3407872 3670016 3932160 3932160 4194304 4456448 4718592 0 262144 524288 524288 786432 1048576 
1048576 1310720 1572864 1835008 2097152 2359296 2359296 2621440 2883584 3145728 3407872 3670016 3932160 3932160 4194304 4456448 4718592 4980736 0 262144 524288 786432 786432 
1048576 1310720 1310720 1572864 1835008 2097152 2359296 2621440 2883584 3145728 3407872 3670016 3670016 3932160 4194304 4456448 4718592 4980736 5242880 0 262144 524288 786432 
786432 1048576 1310720 1572864 1835008 2097152 2359296 2621440 2621440 2883584 3145728 3407872 3670016 3932160 4194304 4456448 4718592 4980736 5242880 5505024 0 262144 524288 
524288 786432 1048576 1310720 1572864 1835008 2097152 2359296 2621440 2883584 3145728 3407872 3670016 3932160 4194304 4456448 4718592 4980736 5242880 5505024 5767168 0 262144 
262144 524288 786432 1048576 1310720 1572864 1835008 2097152 2359296 2883584 3145728 3407872 3670016 3932160 4194304 4456448 4718592 4980736 5242880 5505024 5767168 6029312 0 
RESULT of P * Gt of Matrix with size 23 X 23


26738688 66060288 105119744 144441344 183762944 222822400 262144000 301465600 340525056 379846656 418906112 458227712 497549312 536608768 575930368 615251968 654311424 693633024 732954624 772014080 811335680 850395136 889716736 
-1722810368 77856768 191102976 304611328 417857536 531365888 644612096 758120448 871366656 984875008 1098121216 1211629568 1324875776 1438384128 1551630336 1665138688 1778647040 1891893248 2005401600 2118647808 -2062811136 -1949564928 -1836056576 
-227803136 -40370176 128712704 316407808 503840768 691273728 878968832 1066401792 1254096896 1441529856 1629224960 1816657920 2004090880 -2103181312 -1915748352 -1728053248 -1540620288 -1353187328 -1165492224 -978059264 -790364160 -602931200 -415236096 
1118830592 1380450304 1642332160 179830784 441450496 703070208 964952064 1226571776 1488191488 1750073344 2011693056 -2021654528 -1759772672 -1498152960 -1236533248 -974913536 -713031680 -451411968 -189792256 72089600 333709312 595329024 857210880 
-1977876480 -1642070016 -1306263552 -970194944 230686720 566755328 902561792 1238368256 1574174720 1909981184 -2048917504 -1713111040 -1377304576 -1041498112 -705691648 -369885184 -33816576 301989888 637796352 973602816 1309409280 1645477888 1981284352 
-927989760 -517734400 -107741184 302252032 712245248 281804800 691798016 1101791232 1511784448 1921777664 -1963196416 -1553203200 -1142947840 -732954624 -322961408 87031808 497025024 907018240 1317011456 1727004672 2136997888 -1747976192 -1337982976 
-26214400 457965568 942145536 1426325504 1910505472 -1900281856 332660736 816840704 1301020672 1785200640 -2025586688 -1541406720 -1057226752 -573046784 -88866816 395313152 879493120 1363673088 1847853056 -1962934272 -1478754304 -994574336 -510394368 
727187456 1285554176 1843920896 -1892941824 -1334575104 -776208384 -217841664 383778816 942145536 1500512256 2058878976 -1677983744 -1119617024 -561250304 -2883584 555483136 1113849856 1672216576 -2064384000 -1506279424 -947912704 -389545984 168820736 
1332215808 1964769280 -1697906688 -1065353216 -432799744 199753728 832045056 1464598528 434896896 1067188224 1699741696 -1962672128 -1330118656 -697827328 -65273856 567279616 1199833088 1832124416 -1830289408 -1197735936 -565182464 67108864 699662336 
1788870656 -1799356416 -1092878336 -386138112 320602112 1027080192 1733820416 -1854406656 -1147928576 485752832 1192493056 1898971136 -1689255936 -982515712 -276037632 430702592 1137442816 1843920896 -1744306176 -1037565952 -331087872 375652352 1082392576 
2097414144 -1416888320 -635961344 144703488 925630464 1706295296 -1807745024 -1027080192 -246153216 534511616 536870912 1317535744 2098462720 -1415839744 -634912768 145752064 926679040 1707343872 -1806696448 -1025769472 -245104640 535822336 1316487168 
-2037645312 -1182531584 -327680000 527433728 1382285312 -2057568256 -1202716672 -347865088 507248640 1362100224 -2077753344 587726848 1442840576 -1997275136 -1142161408 -287309824 567541760 1422655488 -2017460224 -1162346496 -307494912 547618816 1402470400 
-2025848832 -1096548352 -167510016 761528320 1690828800 -1675100160 -746061824 183238656 1112276992 2041315328 -1324613632 -395313152 638844928 1567883264 -1798045696 -868745216 60293120 989331456 1918631936 -1447297024 -518258688 411041792 1340080128 
2132541440 -1158938624 -155713536 847511552 1850736640 -1441005568 -437518336 565706752 1568931840 -1722810368 -719323136 283901952 1287127040 689700864 1693188096 -1598554112 -595329024 407896064 1411121152 -1880358912 -877133824 126091264 1129316352 
1847853056 -1369702400 -292290560 785121280 1862533120 -1355022336 -277610496 799801344 1877475328 -1340080128 -262668288 814743552 1892155392 -1325400064 740818944 1818230784 -1399324672 -321912832 755499008 1832910848 -1384382464 -306970624 770441216 
1414529024 -1728839680 -577241088 574357504 1725956096 -1417412608 -265814016 885784576 2037383168 -1105985536 45613056 1197211648 -1946157056 -794558464 357040128 791937024 1943535616 -1199833088 -48234496 1103101952 -2040266752 -888668160 262930432 
833093632 2058878976 -1010302976 215482368 1441267712 -1627914240 -402391040 823394304 2049179648 -1020002304 205783040 1431568384 -1637613568 -411828224 813694976 2039480320 842792960 2068578304 -1000603648 225181696 1450967040 -1618477056 -392691712 
103284736 1403256832 -1591738368 -291766272 1007943680 -1987051520 -687079424 612892672 1912602624 -1082392576 217579520 1517551616 -1477705728 -177733632 1122238464 -1872756736 -573046784 893911040 -2101346304 -801374208 498597888 1798569984 -1196425216 
-774635520 599261184 1973420032 -947650560 426508288 1800667136 -1120403456 253755392 1627914240 -1293156352 81002496 1455161344 -1465909248 -91750400 1282408448 -1638662144 -264503296 1109655552 944766976 -1976041472 -601882624 772014080 2146172928 
-1801191424 -352845824 1095237632 -1751384064 -303300608 1145044992 -1701838848 -253493248 1194590208 -1652031488 -203948032 1244397568 -1602224128 -154140672 1294204928 -1552678912 -104333312 1343750144 -1502871552 995885056 -1850998784 -402653184 1045430272 
1319108608 -1453588480 68943872 1591214080 -1181483008 341049344 1863319552 -909115392 613154816 2135687168 -637009920 885260288 -1887174656 -364904448 1157627904 -1615069184 -92536832 1429733376 -1342963712 179568640 1046740992 -1725693952 -203423744 
-3932160 1592524800 -1105985536 490733568 2087190528 -611319808 985399296 -1713111040 -116654080 1479802880 -1218445312 378011648 1974468608 -723779584 872677376 -1825832960 -229113856 1367343104 -1331167232 265551872 1862008832 1097859072 -1600651264 
-1475346432 195297280 1865940992 -758382592 912523264 -1711800320 -41156608 1629487104 -994836480 676069376 -1948254208 -277610496 1393033216 -1231290368 439615488 2110259200 -514064384 1156579328 -1467482112 203161600 1873805312 -750518272 1148977152 
RESULT of PG * Gt of Matrix with size 23 X 23


1835008 1835008 1835008 1835008 1835008 1835008 1835008 1835008 1835008 1835008 1835008 1835008 1835008 1835008 2097152 2097152 2097152 2097152 2097152 2097152 2097152 2097152 2097152 
2097152 1835008 1835008 1835008 1835008 1835008 1835008 1835008 1835008 1835008 1835008 1835008 1835008 1835008 2097152 2097152 2097152 2097152 2097152 2097152 2097152 2097152 2097152 
2097152 2097152 1835008 1835008 1835008 1835008 1835008 1835008 1835008 1835008 1835008 1835008 1835008 1835008 2097152 2097152 2097152 2097152 2097152 2097152 2097152 2097152 2097152 
2097152 2097152 2097152 1835008 1835008 1835008 1835008 1835008 1835008 1835008 1835008 1835008 1835008 1835008 2097152 2097152 2097152 2097152 2097152 2097152 2097152 2097152 2097152 
2097152 2097152 2097152 2097152 1835008 1835008 1835008 1835008 1835008 1835008 1835008 1835008 1835008 1835008 2097152 2097152 2097152 2097152 2097152 2097152 2097152 2097152 2097152 
2097152 2097152 2097152 2097152 2097152 1835008 1835008 1835008 1835008 1835008 1835008 1835008 1835008 1835008 2097152 2097152 2097152 2097152 2097152 2097152 2097152 2097152 2097152 
2097152 2097152 2097152 2097152 2097152 2097152 1835008 1835008 1835008 1835008 1835008 1835008 1835008 1835008 2097152 2097152 2097152 2097152 2097152 2097152 2097152 2097152 2097152 
2097152 2097152 2097152 2097152 2097152 2097152 2097152 1835008 1835008 1835008 1835008 1835008 1835008 1835008 2097152 2097152 2097152 2097152 2097152 2097152 2097152 2097152 2097152 
2097152 2097152 2097152 2097152 2097152 2097152 2097152 2097152 1835008 1835008 1835008 1835008 1835008 1835008 2097152 2097152 2097152 2097152 2097152 2097152 2097152 2097152 2097152 
2097152 2097152 2097152 2097152 2097152 2097152 2097152 2097152 2097152 1835008 1835008 1835008 1835008 1835008 2097152 2097152 2097152 2097152 2097152 2097152 2097152 2097152 2097152 
2097152 2097152 2097152 2097152 2097152 2097152 2097152 2097152 2097152 2097152 1835008 1835008 1835008 1835008 2097152 2097152 2097152 2097152 2097152 2097152 2097152 2097152 2097152 
2097152 2097152 2097152 2097152 2097152 2097152 2097152 2097152 2097152 2097152 2097152 1835008 1835008 1835008 2097152 2097152 2097152 2097152 2097152 2097152 2097152 2097152 2097152 
2097152 2097152 2097152 2097152 2097152 2097152 2097152 2097152 2097152 2097152 2097152 2097152 1835008 1835008 2097152 2097152 2097152 2097152 2097152 2097152 2097152 2097152 2097152 
2097152 2097152 2097152 2097152 2097152 2097152 2097152 2097152 2097152 2097152 2097152 2097152 2097152 1835008 2097152 2097152 2097152 2097152 2097152 2097152 2097152 2097152 2097152 
2097152 2097152 2097152 2097152 2097152 2097152 2097152 2097152 2097152 2097152 2097152 2097152 2097152 2097152 2097152 2097152 2097152 2097152 2097152 2097152 2097152 2097152 2097152 
2097152 2097152 2097152 2097152 2097152 2097152 2097152 2097152 2097152 2097152 2097152 2097152 2097152 2097152 2097152 2097152 2097152 2097152 2097152 2097152 2097152 2097152 2097152 
2097152 2097152 2097152 2097152 2097152 2097152 2097152 2097152 2097152 2097152 2097152 2097152 2097152 2097152 2097152 2097152 2097152 2097152 2097152 2097152 2097152 2097152 2097152 
2097152 2097152 2097152 2097152 2097152 2097152 2097152 2097152 2097152 2097152 2097152 2097152 2097152 2097152 2097152 2097152 2097152 2097152 2097152 2097152 2097152 2097152 2097152 
2097152 2097152 2097152 2097152 2097152 2097152 2097152 2097152 2097152 2097152 2097152 2097152 2097152 2097152 2097152 2097152 2097152 2097152 2097152 2097152 2097152 2097152 2097152 
2097152 2097152 2097152 2097152 2097152 2097152 2097152 2097152 2097152 2097152 2097152 2097152 2097152 2097152 2097152 2097152 2097152 2097152 2097152 2097152 2097152 2097152 2097152 
2097152 2097152 2097152 2097152 2097152 2097152 2097152 2097152 2097152 2097152 2097152 2097152 2097152 2097152 2097152 2097152 2097152 2097152 2097152 2097152 2097152 2097152 2097152 
2097152 2097152 2097152 2097152 2097152 2097152 2097152 2097152 2097152 2097152 2097152 2097152 2097152 2097152 2097152 2097152 2097152 2097152 2097152 2097152 2097152 2097152 2097152 
2097152 2097152 2097152 2097152 2097152 2097152 2097152 2097152 2097152 2097152 2097152 2097152 2097152 2097152 2097152 2097152 2097152 2097152 2097152 2097152 2097152 2097152 2097152 
RESULT of Pt * G of Matrix with size 23 X 23


-577503232 -529530880 -481558528 -433586176 -385613824 -337903616 -289931264 -241958912 -193986560 -146014208 -98304000 -50331648 -2359296 45613056 93585408 141295616 189267968 237240320 285212672 333185024 380895232 428867584 476839936 
516161536 -541327360 -493092864 -445120512 -397148160 -348913664 -300941312 -252968960 -204734464 -156762112 -108789760 -60555264 -12582912 35389440 83623936 131596288 179568640 227803136 275775488 323747840 371982336 419954688 467927040 
506986496 555220992 -505151488 -456916992 -408682496 -360448000 -312213504 -263979008 -216006656 -167772160 -119537664 -71303168 -23068672 25165824 73400320 121634816 169607168 217841664 266076160 314310656 362545152 410779648 459014144 
497811456 546308096 594542592 -468975616 -420478976 -372244480 -324009984 -275513344 -227278848 -178782208 -130547712 -82313216 -33816576 14417920 62914560 111149056 159383552 207880192 256114688 304611328 352845824 401080320 449576960 
488374272 536870912 585367552 633864192 -432799744 -384303104 -335806464 -287309824 -238813184 -190316544 -141819904 -93323264 -45088768 3407872 51904512 100401152 148897792 197394432 245891072 294387712 342884352 391380992 439877632 
478412800 527171584 575668224 624427008 672923648 -396623872 -348127232 -299368448 -250871808 -202113024 -153616384 -104857600 -56360960 -7602176 40894464 89653248 138149888 186908672 235405312 283901952 332660736 381157376 429916160 
468451328 517210112 565968896 614727680 663486464 712245248 -360448000 -311689216 -262930432 -214171648 -165412864 -116654080 -67895296 -19136512 29622272 78381056 127139840 175898624 224657408 273416192 322174976 370933760 419692544 
457965568 506986496 555745280 604766208 653524992 702545920 751566848 -324272128 -275513344 -226492416 -177733632 -128712704 -79953920 -30932992 17825792 66846720 115605504 164626432 213647360 262406144 311427072 360185856 409206784 
447479808 496500736 545521664 594542592 643563520 692584448 741605376 790626304 -288358400 -239075328 -190054400 -141033472 -92012544 -42991616 6029312 55050240 104071168 153092096 202113024 251133952 300154880 349175808 398458880 
436469760 485752832 534773760 584056832 633077760 682360832 731643904 780664832 829947904 -252182528 -202899456 -153616384 -104595456 -55312384 -6291456 42991616 92274688 141295616 190578688 239599616 288882688 338165760 387186688 
425197568 474480640 523763712 573308928 622592000 671875072 721158144 770441216 819724288 869007360 -216006656 -166723584 -117178368 -67895296 -18612224 30670848 79953920 129236992 178520064 228065280 277348352 326631424 375914496 
413663232 463208448 512753664 562036736 611581952 661127168 710410240 759955456 809500672 858783744 908328960 -179830784 -130285568 -81002496 -31457280 18087936 67371008 116916224 166461440 216006656 265289728 314834944 364380160 
401866752 451674112 501219328 550764544 600309760 649854976 699662336 749207552 798752768 848297984 898105344 947650560 -143654912 -94109696 -44564480 5242880 54788096 104333312 153878528 203423744 253231104 302776320 352321536 
389808128 439615488 489422848 539230208 588775424 638582784 688390144 738197504 787742720 837550080 887357440 937164800 986710016 -107479040 -57671680 -8126464 41680896 91488256 141295616 190840832 240648192 290455552 340262912 
377487360 427556864 477364224 527171584 576978944 627048448 676855808 726663168 776732672 826540032 876347392 926154752 976224256 1026031616 -71303168 -21495808 28311552 78381056 128188416 177995776 227803136 277872640 327680000 
364904448 414973952 465043456 515112960 564920320 614989824 665059328 715128832 765198336 815267840 865075200 915144704 965214208 1015283712 1065353216 -35127296 14680064 64749568 114819072 164888576 214958080 264765440 314834944 
352059392 402128896 452460544 502530048 552599552 602931200 653000704 703070208 753401856 803471360 853540864 903872512 953942016 1004273664 1054343168 1104412672 786432 51118080 101187584 151519232 201588736 251658240 301989888 
338952192 389283840 439353344 489684992 540016640 590348288 640679936 691011584 741343232 791674880 842006528 892076032 942407680 992739328 1043070976 1093402624 1143734272 36962304 87293952 137625600 187957248 238288896 288620544 
325320704 375914496 426246144 476839936 527171584 577503232 628097024 678428672 729022464 779354112 829947904 880279552 930611200 981204992 1031536640 1082130432 1132462080 1183055872 73138176 123731968 174063616 224395264 274989056 
311689216 362283008 412876800 463470592 514064384 564658176 615251968 665845760 716439552 767033344 817627136 867958784 918552576 969146368 1019740160 1070333952 1120927744 1171521536 1222115328 109314048 159907840 210501632 261095424 
297533440 348389376 398983168 449839104 500432896 551288832 601882624 652738560 703332352 754188288 804782080 855638016 906231808 957087744 1007681536 1058537472 1109131264 1159987200 1210580992 1261436928 145489920 196083712 246939648 
283377664 334233600 385089536 435945472 486801408 537657344 588513280 639369216 690225152 741081088 791937024 842792960 893648896 944504832 995360768 1046216704 1097072640 1147928576 1198784512 1249640448 1300496384 181665792 232521728 
268697600 319815680 370671616 421789696 472645632 523763712 574881792 625737728 676855808 727711744 778829824 829685760 880803840 931921920 982777856 1033895936 1084751872 1135869952 1186725888 1237843968 1288962048 1339817984 217841664 
RESULT of [PG]t * G of Matrix with size 23 X 23


0 0 262144 262144 524288 524288 786432 786432 1048576 1048576 1310720 1310720 1572864 1835008 1835008 2097152 2097152 2359296 2359296 2621440 2621440 2883584 2883584 
2883584 0 0 262144 262144 524288 524288 786432 786432 1048576 1048576 1310720 1572864 1572864 1835008 1835008 2097152 2097152 2359296 2359296 2621440 2621440 2883584 
2883584 2883584 0 0 262144 262144 524288 524288 786432 786432 1048576 1310720 1310720 1572864 1572864 1835008 1835008 2097152 2097152 2359296 2359296 2621440 2621440 
2621440 2883584 2883584 0 0 262144 262144 524288 524288 786432 786432 1048576 1310720 1310720 1572864 1572864 1835008 1835008 2097152 2097152 2359296 2359296 2621440 
2621440 2621440 2883584 2883584 0 0 262144 262144 524288 524288 786432 1048576 1048576 1310720 1310720 1572864 1572864 1835008 1835008 2097152 2097152 2359296 2359296 
2359296 2621440 2621440 2883584 2883584 0 0 262144 262144 524288 524288 786432 1048576 1048576 1310720 1310720 1572864 1572864 1835008 1835008 2097152 2097152 2359296 
2359296 2359296 2621440 2621440 2883584 2883584 0 0 262144 262144 524288 524288 786432 1048576 1048576 1310720 1310720 1572864 1572864 1835008 1835008 2097152 2097152 
2097152 2359296 2359296 2621440 2621440 2883584 2883584 0 0 262144 262144 524288 524288 786432 1048576 1048576 1310720 1310720 1572864 1572864 1835008 1835008 2097152 
2097152 2097152 2359296 2359296 2621440 2621440 2883584 2883584 0 0 262144 262144 524288 786432 786432 1048576 1048576 1310720 1310720 1572864 1572864 1835008 1835008 
1835008 2097152 2097152 2359296 2359296 2621440 2621440 2883584 3145728 0 0 262144 262144 524288 786432 786432 1048576 1048576 1310720 1310720 1572864 1572864 1835008 
1835008 1835008 2097152 2097152 2359296 2359296 2621440 2883584 2883584 3145728 0 0 262144 262144 524288 786432 786432 1048576 1048576 1310720 1310720 1572864 1572864 
1572864 1835008 1835008 2097152 2097152 2359296 2359296 2621440 2883584 2883584 3145728 0 0 262144 262144 524288 786432 786432 1048576 1048576 1310720 1310720 1572864 
1572864 1572864 1835008 1835008 2097152 2097152 2359296 2621440 2621440 2883584 2883584 3145728 0 0 262144 262144 524288 786432 786432 1048576 1048576 1310720 1310720 
1310720 1572864 1572864 1835008 1835008 2097152 2097152 2359296 2621440 2621440 2883584 2883584 3145728 0 0 262144 262144 524288 786432 786432 1048576 1048576 1310720 
1310720 1310720 1572864 1572864 1835008 1835008 2097152 2359296 2359296 2621440 2621440 2883584 2883584 3145728 0 0 262144 262144 524288 786432 786432 1048576 1048576 
1048576 1310720 1310720 1572864 1572864 1835008 1835008 2097152 2359296 2359296 2621440 2621440 2883584 2883584 3145728 0 0 262144 524288 524288 786432 786432 1048576 
1048576 1048576 1310720 1310720 1572864 1572864 1835008 2097152 2097152 2359296 2359296 2621440 2621440 2883584 2883584 3145728 0 0 262144 524288 524288 786432 786432 
786432 1048576 1048576 1310720 1310720 1572864 1572864 1835008 2097152 2097152 2359296 2359296 2621440 2621440 2883584 2883584 3145728 0 0 262144 524288 524288 786432 
786432 786432 1048576 1048576 1310720 1310720 1572864 1572864 1835008 2097152 2097152 2359296 2359296 2621440 2621440 2883584 2883584 3145728 0 0 262144 524288 524288 
524288 786432 786432 1048576 1048576 1310720 1310720 1572864 1572864 1835008 2097152 2097152 2359296 2359296 2621440 2621440 2883584 2883584 3145728 0 0 262144 524288 
524288 524288 786432 786432 1048576 1048576 1310720 1310720 1572864 1835008 1835008 2097152 2097152 2359296 2359296 2621440 2621440 2883584 2883584 3145728 0 0 262144 
262144 524288 524288 786432 786432 1048576 1048576 1310720 1310720 1572864 1835008 1835008 2097152 2097152 2359296 2359296 2621440 2621440 2883584 3145728 3145728 0 0 
0 262144 524288 524288 786432 786432 1048576 1048576 1310720 1310720 1572864 1835008 1835008 2097152 2097152 2359296 2359296 2621440 2621440 2883584 3145728 3145728 0 
RESULT of Pt * Gt of Matrix with size 23 X 23


26738688 77856768 128712704 179830784 230686720 281804800 332660736 383778816 434896896 485752832 536870912 587726848 638844928 689700864 740818944 791937024 842792960 893911040 944766976 995885056 1046740992 1097859072 1148977152 
-1475346432 66060288 191102976 316407808 441450496 566755328 691798016 816840704 942145536 1067188224 1192493056 1317535744 1442840576 1567883264 1693188096 1818230784 1943535616 2068578304 -2101346304 -1976041472 -1850998784 -1725693952 -1600651264 
-3932160 195297280 105119744 304611328 503840768 703070208 902561792 1101791232 1301020672 1500512256 1699741696 1898971136 2098462720 -1997275136 -1798045696 -1598554112 -1399324672 -1199833088 -1000603648 -801374208 -601882624 -402653184 -203423744 
1319108608 1592524800 1865940992 144441344 417857536 691273728 964952064 1238368256 1511784448 1785200640 2058878976 -1962672128 -1689255936 -1415839744 -1142161408 -868745216 -595329024 -321912832 -48234496 225181696 498597888 772014080 1045430272 
-1801191424 -1453588480 -1105985536 -758382592 183762944 531365888 878968832 1226571776 1574174720 1921777664 -2025586688 -1677983744 -1330118656 -982515712 -634912768 -287309824 60293120 407896064 755499008 1103101952 1450967040 1798569984 2146172928 
-774635520 -352845824 68943872 490733568 912523264 222822400 644612096 1066401792 1488191488 1909981184 -1963196416 -1541406720 -1119617024 -697827328 -276037632 145752064 567541760 989331456 1411121152 1832910848 -2040266752 -1618477056 -1196425216 
103284736 599261184 1095237632 1591214080 2087190528 -1711800320 262144000 758120448 1254096896 1750073344 -2048917504 -1553203200 -1057226752 -561250304 -65273856 430702592 926679040 1422655488 1918631936 -1880358912 -1384382464 -888668160 -392691712 
833093632 1403256832 1973420032 -1751384064 -1181483008 -611319808 -41156608 301465600 871366656 1441529856 2011693056 -1713111040 -1142947840 -573046784 -2883584 567279616 1137442816 1707343872 -2017460224 -1447297024 -877133824 -306970624 262930432 
1414529024 2058878976 -1591738368 -947650560 -303300608 341049344 985399296 1629487104 340525056 984875008 1629224960 -2021654528 -1377304576 -732954624 -88866816 555483136 1199833088 1843920896 -1806696448 -1162346496 -518258688 126091264 770441216 
1847853056 -1728839680 -1010302976 -291766272 426508288 1145044992 1863319552 -1713111040 -994836480 379846656 1098121216 1816657920 -1759772672 -1041498112 -322961408 395313152 1113849856 1832124416 -1744306176 -1025769472 -307494912 411041792 1129316352 
2132541440 -1369702400 -577241088 215482368 1007943680 1800667136 -1701838848 -909115392 -116654080 676069376 418906112 1211629568 2004090880 -1498152960 -705691648 87031808 879493120 1672216576 -1830289408 -1037565952 -245104640 547618816 1340080128 
-2025848832 -1158938624 -292290560 574357504 1441267712 -1987051520 -1120403456 -253493248 613154816 1479802880 -1948254208 458227712 1324875776 -2103181312 -1236533248 -369885184 497025024 1363673088 -2064384000 -1197735936 -331087872 535822336 1402470400 
-2037645312 -1096548352 -155713536 785121280 1725956096 -1627914240 -687079424 253755392 1194590208 2135687168 -1218445312 -277610496 497549312 1438384128 -1915748352 -974913536 -33816576 907018240 1847853056 -1506279424 -565182464 375652352 1316487168 
2097414144 -1182531584 -167510016 847511552 1862533120 -1417412608 -402391040 612892672 1627914240 -1652031488 -637009920 378011648 1393033216 536608768 1551630336 -1728053248 -713031680 301989888 1317011456 -1962934272 -947912704 67108864 1082392576 
1788870656 -1416888320 -327680000 761528320 1850736640 -1355022336 -265814016 823394304 1912602624 -1293156352 -203948032 885260288 1974468608 -1231290368 575930368 1665138688 -1540620288 -451411968 637796352 1727004672 -1478754304 -389545984 699662336 
1332215808 -1799356416 -635961344 527433728 1690828800 -1441005568 -277610496 885784576 2049179648 -1082392576 81002496 1244397568 -1887174656 -723779584 439615488 615251968 1778647040 -1353187328 -189792256 973602816 2136997888 -994574336 168820736 
727187456 1964769280 -1092878336 144703488 1382285312 -1675100160 -437518336 799801344 2037383168 -1020002304 217579520 1455161344 -1602224128 -364904448 872677376 2110259200 654311424 1891893248 -1165492224 72089600 1309409280 -1747976192 -510394368 
-26214400 1285554176 -1697906688 -386138112 925630464 -2057568256 -746061824 565706752 1877475328 -1105985536 205783040 1517551616 -1465909248 -154140672 1157627904 -1825832960 -514064384 693633024 2005401600 -978059264 333709312 1645477888 -1337982976 
-927989760 457965568 1843920896 -1065353216 320602112 1706295296 -1202716672 183238656 1568931840 -1340080128 45613056 1431568384 -1477705728 -91750400 1294204928 -1615069184 -229113856 1156579328 732954624 2118647808 -790364160 595329024 1981284352 
-1977876480 -517734400 942145536 -1892941824 -432799744 1027080192 -1807745024 -347865088 1112276992 -1722810368 -262668288 1197211648 -1637613568 -177733632 1282408448 -1552678912 -92536832 1367343104 -1467482112 772014080 -2062811136 -602931200 857210880 
1118830592 -1642070016 -107741184 1426325504 -1334575104 199753728 1733820416 -1027080192 507248640 2041315328 -719323136 814743552 -1946157056 -411828224 1122238464 -1638662144 -104333312 1429733376 -1331167232 203161600 811335680 -1949564928 -415236096 
-227803136 1380450304 -1306263552 302252032 1910505472 -776208384 832045056 -1854406656 -246153216 1362100224 -1324613632 283901952 1892155392 -794558464 813694976 -1872756736 -264503296 1343750144 -1342963712 265551872 1873805312 850395136 -1836056576 
-1722810368 -40370176 1642332160 -970194944 712245248 -1900281856 -217841664 1464598528 -1147928576 534511616 -2077753344 -395313152 1287127040 -1325400064 357040128 2039480320 -573046784 1109655552 -1502871552 179568640 1862008832 -750518272 889716736 
RESULT of [PG]t * Gt of Matrix with size 23 X 23


