0 0 0 0 0 0 0 0 0 0 0 0 0 0 0 0 0 0 0 0 0 0 0 0 
0 0 0 0 0 0 0 0 0 0 0 0 0 0 0 0 0 0 0 0 0 0 0 0 
0 0 0 0 0 0 0 0 0 0 0 0 0 0 0 0 0 0 0 0 0 0 0 0 
0 0 0 0 0 0 0 0 0 0 0 0 0 0 0 0 0 0 0 0 0 0 0 0 
0 0 0 0 0 0 0 0 0 0 0 0 0 0 0 0 0 0 0 0 0 0 0 0 
0 0 0 0 0 0 0 0 0 0 0 0 0 0 0 0 0 0 0 0 0 0 0 0 
0 0 0 0 0 0 0 0 0 0 0 0 0 0 0 0 0 0 0 0 0 0 0 0 
0 0 0 0 0 0 0 0 0 0 0 0 0 0 0 0 0 0 0 0 0 0 0 0 
0 0 0 0 0 0 0 0 0 0 0 0 0 0 0 0 0 0 0 0 0 0 0 0 
0 0 0 0 0 0 0 0 0 0 0 0 0 0 0 0 0 0 0 0 0 0 0 0 
0 0 0 0 0 0 0 0 0 0 0 0 0 0 0 0 0 0 0 0 0 0 0 0 
0 0 0 0 0 0 0 0 0 0 0 0 0 0 0 0 0 0 0 0 0 0 0 0 
0 0 0 0 0 0 0 0 0 0 0 0 0 0 0 0 0 0 0 0 0 0 0 0 
0 0 0 0 0 0 0 0 0 0 0 0 0 0 0 0 0 0 0 0 0 0 0 0 
0 0 0 0 0 0 0 0 0 0 0 0 0 0 0 0 0 0 0 0 0 0 0 0 
0 0 0 0 0 0 0 0 0 0 0 0 0 0 0 0 0 0 0 0 0 0 0 0 
0 0 0 0 0 0 0 0 0 0 0 0 0 0 0 0 0 0 0 0 0 0 0 0 
0 0 0 0 0 0 0 0 0 0 0 0 0 0 0 0 0 0 0 0 0 0 0 0 
0 0 0 0 0 0 0 0 0 0 0 0 0 0 0 0 0 0 0 0 0 0 0 0 
0 0 0 0 0 0 0 0 0 0 0 0 0 0 0 0 0 0 0 0 0 0 0 0 
0 0 0 0 0 0 0 0 0 0 0 0 0 0 0 0 0 0 0 0 0 0 0 0 
0 0 0 0 0 0 0 0 0 0 0 0 0 0 0 0 0 0 0 0 0 0 0 0 
0 0 0 0 0 0 0 0 0 0 0 0 0 0 0 0 0 0 0 0 0 0 0 0 
0 0 0 0 0 0 0 0 0 0 0 0 0 0 0 0 0 0 0 0 0 0 0 0 
INITIAL DATA of Matrix with size 24 X 24


0 0 0 0 0 0 0 0 0 0 0 0 0 0 0 0 0 0 0 0 0 0 0 0 
262144 262144 262144 262144 262144 262144 262144 262144 262144 262144 262144 262144 262144 262144 262144 262144 262144 262144 262144 262144 262144 262144 262144 262144 
262144 262144 262144 262144 262144 262144 262144 262144 262144 262144 262144 262144 262144 262144 262144 262144 262144 262144 262144 262144 262144 262144 262144 262144 
524288 524288 524288 524288 524288 524288 524288 524288 524288 524288 524288 524288 524288 524288 524288 524288 524288 524288 524288 524288 524288 524288 524288 524288 
786432 786432 786432 786432 524288 524288 524288 524288 524288 524288 524288 524288 524288 524288 524288 524288 524288 524288 524288 786432 786432 786432 786432 786432 
786432 786432 786432 786432 786432 786432 786432 786432 786432 786432 786432 786432 786432 786432 786432 786432 786432 786432 786432 786432 786432 786432 786432 786432 
1048576 1048576 1048576 1048576 1048576 1048576 1048576 1048576 1048576 1048576 1048576 1048576 1048576 1048576 1048576 1048576 1048576 1048576 1048576 1048576 1048576 1048576 1048576 1048576 
1048576 1048576 1048576 1310720 1310720 1310720 1310720 1048576 1048576 1048576 1048576 1048576 1048576 1048576 1048576 1048576 1048576 1048576 1048576 1048576 1048576 1048576 1048576 1048576 
1310720 1310720 1310720 1310720 1310720 1310720 1310720 1310720 1310720 1310720 1310720 1310720 1310720 1310720 1310720 1310720 1310720 1310720 1310720 1310720 1310720 1310720 1310720 1310720 
1572864 1572864 1572864 1572864 1572864 1572864 1572864 1572864 1572864 1310720 1310720 1310720 1310720 1310720 1572864 1572864 1572864 1572864 1572864 1572864 1572864 1572864 1572864 1572864 
1572864 1572864 1572864 1572864 1572864 1572864 1572864 1572864 1835008 1835008 1572864 1572864 1572864 1572864 1572864 1572864 1572864 1572864 1572864 1572864 1572864 1572864 1572864 1572864 
1835008 1835008 1835008 1835008 1835008 1835008 1835008 1835008 1835008 1835008 1835008 1835008 1835008 1835008 1835008 1835008 1835008 1835008 1835008 1835008 1835008 1835008 1835008 1835008 
2097152 2097152 2097152 2097152 2097152 2097152 2097152 2097152 2097152 2097152 2097152 2097152 1835008 1835008 1835008 1835008 1835008 1835008 1835008 1835008 1835008 1835008 2097152 2097152 
2097152 2097152 2097152 2097152 2097152 2097152 2097152 2097152 2097152 2097152 2097152 2097152 2359296 2097152 2097152 2097152 2097152 2097152 2097152 2097152 2097152 2097152 2097152 2097152 
2359296 2359296 2359296 2359296 2359296 2359296 2359296 2359296 2359296 2359296 2359296 2359296 2359296 2359296 2097152 2097152 2359296 2359296 2359296 2359296 2359296 2359296 2359296 2359296 
2359296 2359296 2359296 2359296 2359296 2621440 2621440 2621440 2621440 2621440 2621440 2621440 2621440 2621440 2621440 2359296 2359296 2359296 2359296 2359296 2359296 2359296 2359296 2359296 
2621440 2621440 2621440 2621440 2621440 2621440 2621440 2621440 2621440 2621440 2621440 2621440 2621440 2621440 2621440 2621440 2621440 2621440 2621440 2621440 2621440 2621440 2621440 2621440 
2883584 2883584 2883584 2883584 2883584 2883584 2883584 2883584 2883584 2883584 2883584 2883584 2883584 2883584 2883584 2883584 2883584 2621440 2621440 2621440 2621440 2621440 2621440 2883584 
2883584 2883584 2883584 2883584 2883584 2883584 2883584 2883584 2883584 2883584 3145728 3145728 3145728 3145728 3145728 3145728 3145728 3145728 2883584 2883584 2883584 2883584 2883584 2883584 
3145728 3145728 3145728 3145728 3145728 3145728 3145728 3145728 3145728 3145728 3145728 3145728 3145728 3145728 3145728 3145728 3145728 3145728 3145728 2883584 3145728 3145728 3145728 3145728 
3145728 3145728 3145728 3145728 3145728 3407872 3407872 3407872 3407872 3407872 3407872 3407872 3407872 3407872 3407872 3407872 3407872 3407872 3407872 3407872 3145728 3145728 3145728 3145728 
3407872 3407872 3407872 3407872 3407872 3407872 3407872 3407872 3407872 3407872 3407872 3407872 3407872 3407872 3670016 3670016 3670016 3670016 3670016 3670016 3670016 3407872 3407872 3407872 
3407872 3407872 3670016 3670016 3670016 3670016 3670016 3670016 3670016 3670016 3670016 3670016 3670016 3670016 3670016 3670016 3670016 3670016 3670016 3670016 3670016 3670016 3407872 3407872 
3670016 3670016 3670016 3670016 3670016 3670016 3670016 3670016 3670016 3670016 3670016 3932160 3932160 3932160 3932160 3932160 3932160 3932160 3932160 3932160 3932160 3932160 3932160 3670016 
RESULT of P * G of Matrix with size 24 X 24


767033344 769654784 772538368 775159808 778043392 780664832 783548416 786169856 789053440 791674880 794296320 797179904 799801344 802684928 805306368 808189952 810811392 813694976 816316416 819200000 821821440 824442880 827326464 829947904 
2042363904 1887698944 1894252544 1901068288 1907884032 1914437632 1921253376 1928069120 1934622720 1941438464 1948254208 1954807808 1961623552 1968439296 1974992896 1981808640 1988624384 1995177984 2001993728 2008809472 2015363072 2022178816 2028994560 2035548160 
-1050935296 -1040187392 -1286602752 -1275854848 -1265369088 -1254621184 -1243873280 -1233125376 -1222377472 -1211629568 -1200881664 -1190133760 -1179648000 -1168900096 -1158152192 -1147404288 -1136656384 -1125908480 -1115160576 -1104412672 -1093664768 -1083179008 -1072431104 -1061683200 
142868480 157548544 172228608 -165937152 -151257088 -136577024 -121896960 -107216896 -92536832 -77856768 -63176704 -48496640 -33816576 -18874368 -4194304 10485760 25165824 39845888 54525952 69206016 83886080 98566144 113246208 127926272 
1328545792 1347158016 1365770240 1384644608 954466304 973340672 991952896 1010565120 1029439488 1048051712 1066663936 1085538304 1104150528 1122762752 1141637120 1160249344 1178861568 1197473792 1216348160 1234960384 1253572608 1272446976 1291059200 1309671424 
-1788870656 -1766064128 -1743519744 -1720713216 -1698168832 2075131904 2097938432 2120482816 2143289344 -2129133568 -2106327040 -2083782656 -2060976128 -2038169600 -2015625216 -1992818688 -1970274304 -1947467776 -1924923392 -1902116864 -1879572480 -1856765952 -1834221568 -1811415040 
-619184128 -592445440 -565706752 -538968064 -512491520 -485752832 -1099169792 -1072431104 -1045692416 -1019215872 -992477184 -965738496 -938999808 -912523264 -885784576 -859045888 -832307200 -805830656 -779091968 -752353280 -725614592 -699138048 -672399360 -645660672 
542638080 573308928 603979776 634650624 665321472 695992320 726663168 21495808 52166656 82837504 113508352 144179200 174850048 205520896 236191744 266862592 297533440 328204288 358875136 389545984 419954688 450625536 481296384 511967232 
1696595968 1731198976 1765801984 1800404992 1835008000 1869611008 1904476160 1939079168 1142161408 1176764416 1211367424 1246232576 1280835584 1315438592 1350041600 1384644608 1419247616 1453850624 1488715776 1523318784 1557921792 1592524800 1627127808 1661730816 
-1452539904 -1414004736 -1375469568 -1336672256 -1298137088 -1259601920 -1220804608 -1182269440 -1143472128 -2032140288 -1993605120 -1954807808 -1916272640 -1877737472 -1838940160 -1800404992 -1761607680 -1723072512 -1684537344 -1645740032 -1607204864 -1568669696 -1529872384 -1491337216 
-314834944 -272105472 -229638144 -186908672 -144441344 -101711872 -58982400 -16515072 26214400 68681728 -911474688 -869007360 -826277888 -783548416 -741081088 -698351616 -655884288 -613154816 -570425344 -527958016 -485228544 -442761216 -400031744 -357564416 
815005696 861667328 908328960 954990592 1001390080 1048051712 1094713344 1141374976 1188036608 1234436096 1281097728 209190912 255590400 302252032 348913664 395575296 442236928 488898560 535298048 581959680 628621312 675282944 721944576 768344064 
1936982016 1987575808 2038169600 2088763392 2139357184 -2105016320 -2054422528 -2003828736 -1953234944 -1902641152 -1852047360 -1801453568 1329856512 1380450304 1431044096 1481637888 1532231680 1582825472 1633419264 1684013056 1734606848 1785200640 1835794432 1886388224 
-1244135424 -1189609472 -1135083520 -1080295424 -1025769472 -971243520 -916717568 -861929472 -807403520 -752877568 -698351616 -643563520 -589037568 -1844707328 -1789919232 -1735393280 -1680867328 -1626341376 -1571553280 -1517027328 -1462501376 -1407975424 -1353187328 -1298661376 
-138149888 -79691776 -20971520 37486592 96206848 154664960 213123072 271843328 330301440 389021696 447479808 506200064 564658176 623378432 -724041728 -665321472 -606863360 -548143104 -489684992 -430964736 -372506624 -314048512 -255328256 -196870144 
959709184 1022361600 1084751872 1147404288 1210056704 1272446976 1335099392 1397751808 1460142080 1522794496 1585446912 1647837184 1710489600 1773142016 1835532288 396623872 459276288 521928704 584318976 646971392 709623808 772014080 834666496 897056768 
2049703936 2116288512 -2112094208 -2045509632 -1978925056 -1912602624 -1846018048 -1779433472 -1712848896 -1646264320 -1579679744 -1513095168 -1446510592 -1380188160 -1313603584 -1247019008 1517289472 1583874048 1650458624 1717043200 1783627776 1849950208 1916534784 1983119360 
-1163132928 -1092616192 -1022099456 -951582720 -881065984 -810549248 -740032512 -669515776 -598999040 -528482304 -457965568 -387186688 -316669952 -246153216 -175636480 -105119744 -34603008 -1657012224 -1586495488 -1515978752 -1445462016 -1374945280 -1304428544 -1233649664 
-89128960 -14680064 59768832 134479872 208928768 283377664 357826560 432537600 506986496 581435392 656146432 730595328 805044224 879755264 954204160 1028653056 1103101952 1177812992 -536346624 -461897728 -387448832 -312737792 -238288896 -163840000 
976748544 1055391744 1133772800 1212416000 1290797056 1369440256 1447821312 1526464512 1604845568 1683488768 1761869824 1840513024 1919156224 1997537280 2076180480 -2140405760 -2061762560 -1983381504 -1904738304 584318976 662700032 741343232 819724288 898367488 
2035023872 2117337088 -2095054848 -2012479488 -1930166272 -1847590912 -1765015552 -1682440192 -1600126976 -1517551616 -1434976256 -1352400896 -1270087680 -1187512320 -1104936960 -1022623744 -940048384 -857473024 -774897664 -692584448 1704984576 1787297792 1869873152 1952448512 
-1210056704 -1123549184 -1037041664 -950534144 -864026624 -777519104 -691011584 -604504064 -517996544 -431489024 -344981504 -258473984 -171966464 -85458944 1048576 87293952 173801472 260308992 346816512 433324032 519831552 -1469317120 -1383071744 -1296564224 
-167772160 -77332480 13107200 103546880 193986560 284688384 375128064 465567744 556007424 646447104 736886784 827326464 918028288 1008467968 1098907648 1189347328 1279787008 1370226688 1460928512 1551368192 1641807872 1732247552 -348913664 -258211840 
866385920 960757760 1055129600 1149763584 1244135424 1338769408 1433141248 1527513088 1622147072 1716518912 1810890752 1905524736 1999896576 2094268416 -2106064896 -2011693056 -1917059072 -1822687232 -1728315392 -1633681408 -1539309568 -1444937728 -1350303744 771751936 
RESULT of P G * G of Matrix with size 24 X 24


0 0 0 0 0 0 0 0 0 0 0 0 0 0 0 0 0 0 0 0 0 0 0 0 
262144 0 0 0 0 0 0 0 0 0 0 0 0 262144 262144 262144 262144 262144 262144 262144 262144 262144 262144 262144 
524288 786432 0 0 0 0 0 0 0 262144 262144 262144 262144 262144 262144 262144 262144 524288 524288 524288 524288 524288 524288 524288 
1048576 1048576 1048576 0 0 0 0 0 262144 262144 262144 262144 262144 262144 524288 524288 524288 524288 524288 786432 786432 786432 786432 786432 
1048576 1310720 1310720 1310720 0 0 0 0 262144 262144 262144 262144 524288 524288 524288 524288 524288 786432 786432 786432 786432 1048576 1048576 1048576 
1310720 1310720 1572864 1572864 1572864 0 0 0 262144 262144 262144 262144 524288 524288 524288 786432 786432 786432 786432 1048576 1048576 1048576 1310720 1310720 
1572864 1572864 1835008 1835008 1835008 2097152 0 0 0 262144 262144 262144 524288 524288 524288 786432 786432 786432 1048576 1048576 1048576 1310720 1310720 1572864 
1572864 1835008 1835008 2097152 2097152 2097152 2359296 0 0 262144 262144 262144 524288 524288 524288 786432 786432 1048576 1048576 1048576 1310720 1310720 1572864 1572864 
1835008 1835008 2097152 2097152 2359296 2359296 2621440 2621440 0 0 262144 262144 524288 524288 524288 786432 786432 1048576 1048576 1310720 1310720 1572864 1572864 1572864 
1835008 2097152 2097152 2359296 2359296 2621440 2621440 2883584 2883584 0 0 262144 262144 524288 524288 786432 786432 1048576 1048576 1310720 1310720 1572864 1572864 1835008 
2097152 2097152 2359296 2359296 2621440 2621440 2883584 2883584 3145728 3407872 0 0 262144 262144 524288 786432 786432 1048576 1048576 1310720 1310720 1572864 1572864 1835008 
2097152 2097152 2359296 2621440 2621440 2883584 2883584 3145728 3407872 3407872 3670016 0 0 262144 524288 524288 786432 786432 1048576 1310720 1310720 1572864 1835008 1835008 
2097152 2097152 2359296 2621440 2621440 2883584 3145728 3145728 3407872 3670016 3670016 3932160 0 262144 262144 524288 524288 786432 1048576 1048576 1310720 1572864 1572864 1835008 
2097152 2097152 2359296 2621440 2883584 2883584 3145728 3407872 3407872 3670016 3932160 4194304 4194304 0 262144 262144 524288 786432 786432 1048576 1310720 1572864 1572864 1835008 
2097152 2097152 2359296 2621440 2883584 2883584 3145728 3407872 3670016 3670016 3932160 4194304 4456448 4718592 0 262144 262144 524288 786432 1048576 1048576 1310720 1572864 1835008 
1835008 2097152 2359296 2621440 2883584 2883584 3145728 3407872 3670016 3932160 3932160 4194304 4456448 4718592 4980736 0 262144 524288 524288 786432 1048576 1310720 1572864 1572864 
1835008 2097152 2359296 2621440 2621440 2883584 3145728 3407872 3670016 3932160 4194304 4456448 4456448 4718592 4980736 5242880 0 262144 524288 786432 786432 1048576 1310720 1572864 
1572864 1835008 2097152 2359296 2621440 2883584 3145728 3407872 3670016 3932160 4194304 4456448 4718592 4718592 4980736 5242880 5505024 0 262144 524288 786432 1048576 1310720 1572864 
1572864 1835008 2097152 2359296 2621440 2883584 3145728 3407872 3670016 3932160 4194304 4456448 4718592 4980736 5242880 5505024 5767168 5767168 0 262144 524288 786432 1048576 1310720 
1310720 1572864 1835008 2097152 2359296 2621440 2883584 3145728 3407872 3670016 3932160 4456448 4718592 4980736 5242880 5505024 5767168 6029312 6291456 0 262144 524288 786432 1048576 
1048576 1310720 1835008 2097152 2359296 2621440 2883584 3145728 3407872 3670016 3932160 4194304 4456448 4718592 5242880 5505024 5767168 6029312 6291456 6553600 0 262144 524288 786432 
1048576 1310720 1572864 1835008 2097152 2359296 2621440 2883584 3407872 3670016 3932160 4194304 4456448 4718592 4980736 5505024 5767168 6029312 6291456 6553600 6815744 0 262144 524288 
524288 1048576 1310720 1572864 1835008 2097152 2621440 2883584 3145728 3407872 3670016 4194304 4456448 4718592 4980736 5242880 5767168 6029312 6291456 6553600 6815744 7077888 0 262144 
262144 786432 1048576 1310720 1572864 2097152 2359296 2621440 2883584 3407872 3670016 3932160 4194304 4718592 4980736 5242880 5505024 5767168 6291456 6553600 6815744 7077888 7602176 0 
RESULT of P * Gt of Matrix with size 24 X 24


34340864 84934656 135528448 186122240 236453888 287047680 337641472 387973120 438566912 489160704 539492352 590086144 640679936 691273728 741605376 792199168 842792960 893124608 943718400 994312192 1044643840 1095237632 1145831424 1196425216 
-831520768 100139008 246415360 392691712 538968064 685244416 831258624 977534976 1123811328 1270087680 1416364032 1562640384 1708654592 1854930944 2001207296 -2147483648 -2001207296 -1854930944 -1708916736 -1562640384 -1416364032 -1270087680 -1123811328 -977534976 
1193803776 1435762688 165937152 407896064 649854976 891813888 1133772800 1375731712 1617690624 1859649536 2101608448 -1951399936 -1709441024 -1467482112 -1225523200 -983564288 -741605376 -499646464 -257687552 -15728640 225968128 467927040 709885952 951844864 
-1267204096 -929562624 -591921152 231735296 569376768 907018240 1244659712 1582301184 1919942656 -2037383168 -1699479552 -1361838080 -1024196608 -686555136 -348913664 -11272192 326369280 664010752 1001652224 1339293696 1677197312 2014838784 -1942487040 -1604845568 
375128064 808714240 1242038272 1675362304 297533440 730857472 1164181504 1597505536 2031091712 -1830551552 -1397227520 -963903488 -530317312 -96993280 336330752 769654784 1202978816 1636564992 2069889024 -1791754240 -1358430208 -924844032 -491520000 -58195968 
1826095104 -1939603456 -1410596864 -881328128 -352321536 363331584 892338176 1421344768 1950613504 -1815347200 -1286340608 -757071872 -228065280 300941312 830210048 1359216640 1888485376 -1877475328 -1348468736 -819200000 -290193408 238813184 768081920 1297088512 
-1209270272 -584318976 40370176 665321472 1290010624 1914961920 428867584 1053818880 1678508032 -1991507968 -1366818816 -741867520 -117178368 507772928 1132462080 1757413376 -1912864768 -1287913472 -663224320 -38273024 586416128 1211367424 1836056576 -1833959424 
-141033472 579600384 1299972096 2020605952 -1553989632 -833355776 -112721920 494665728 1215299584 1935671296 -1638662144 -918028288 -197656576 522977280 1243611136 1963982848 -1610350592 -889978880 -169345024 551288832 1271660544 1992294400 -1582039040 -861667328 
735576064 1551892480 -1926758400 -1110704128 -294387712 521928704 1338245120 -2140405760 560463872 1376780288 -2101870592 -1285816320 -469499904 346816512 1163132928 1979187200 -1499463680 -683147264 133169152 949223424 1765539840 -1713111040 -896794624 -80740352 
1420820480 -1962147840 -1050148864 -138149888 773849088 1685848064 -1697120256 -785121280 126615552 626262016 1538260992 -1844707328 -932970496 -20971520 891027456 1803026432 -1579941888 -667942912 244056064 1156055040 2068054016 -1314914304 -403177472 508821504 
1914699776 -1372585984 -364904448 642777088 1650458624 -1636827136 -629145600 378535936 1386217472 -1901068288 692060160 1699741696 -1587544064 -579862528 427819008 1435500544 -1851785216 -844103680 163577856 1171259392 -2116026368 -1108344832 -100663296 907018240 
-2077753344 -974389248 128974848 1232338944 -1959264256 -855900160 247726080 1351090176 -1840513024 -737148928 366215168 757596160 1861222400 -1330380800 -227016704 876347392 1979711488 -1211891712 -108265472 995098624 2098462720 -1093140480 10223616 1113587712 
-1966866432 -767819776 431226880 1630535680 -1465384960 -266338304 932970496 2132017152 -963903488 235143168 1434451968 -1661468672 823394304 2022703104 -1073217536 125829120 1324875776 -1770782720 -571736064 627310592 1826619392 -1269301248 -70254592 1128792064 
-2047344640 -752615424 542375936 1837105152 -1163132928 131858432 1426587648 -1573388288 -278659072 1016332288 -1983905792 -689176576 605814784 889192448 -2110783488 -816054272 478674944 1773666304 -1226571776 68419584 1363148800 -1637089280 -342097920 952631296 
1975517184 -928776192 461897728 1852309504 -1051983872 338427904 1729101824 -1175453696 215220224 1605894144 -1298661376 92012544 1482424320 -1421869056 954990592 -1949564928 -558891008 831782912 -2072772608 -682098688 708313088 2098987008 -805568512 585105408 
1512308736 -1296302080 189792256 1676148736 -1132462080 353632256 1839988736 -968622080 517472256 2003828736 -804782080 681574400 -2127298560 -640942080 845414400 1020788736 -1788084224 -301727744 1184628736 -1624244224 -137887744 1348468736 -1460142080 25952256 
857473024 -1855455232 -273416192 1308622848 -1404567552 177471488 1759510528 -953417728 628621312 -2084306944 -502530048 1079508992 -1633419264 -51380224 1530658816 -1182269440 1086586880 -1626603520 -44564480 1537474560 -1175453696 406585344 1988362240 -724566016 
11272192 1688993792 -928251904 749469696 -1867776000 -190054400 1487667200 -1129578496 548143104 -2069102592 -391380992 1286340608 -1330905088 346816512 2024275968 -592969728 1084751872 1152122880 -1465122816 212598784 1890320384 -726925312 950796288 -1666449408 
-1026293760 747110400 -1774452736 -1048576 1772355584 -749207552 1024196608 -1497366528 276037632 2049703936 -471859200 1301544960 -1220018176 553385984 -1968177152 -194772992 1578631168 -942931968 1217921024 -1303642112 469762048 -2051801088 -278134784 1495269376 
2039480320 -386400256 1482948608 -942931968 926154752 -1499725824 369360896 -2056257536 -187170816 1681915904 -743964672 1125384192 -1300496384 568590336 -1857290240 11796480 1881145344 -544735232 1324351488 1283719168 -1142161408 726925312 -1698693120 170393600 
618921984 -1711013888 253755392 -2076442624 -111411200 1853358080 -476839936 1488191488 -842006528 1122762752 -1207173120 757596160 -1572339712 392429568 -1937768448 27262976 1992032256 -338165760 1626865664 -703332352 1349517312 -980680704 984350720 -1345847296 
-993001472 1067712512 -1166802944 893911040 -1340604416 720109568 -1514405888 546308096 -1688207360 372244480 -1862008832 198443008 -2035810304 24641536 2085355520 -149159936 1911554048 -322961408 1737752576 -496762880 1563951104 1415315456 -819200000 1241513984 
1498677248 -640155648 1516240896 -622329856 1533804544 -604766208 1551368192 -587202560 1569193984 -569638912 1586757632 -551813120 1604321280 -534249472 1621884928 -516685824 1639710720 -499122176 1657274368 -481296384 1674838016 -463732736 1480851456 -657719296 
-496238592 1755840512 -287047680 1964769280 -78118912 -2121007104 131072000 -1912078336 340000768 -1702887424 549191680 -1493958656 758120448 -1284767744 967311360 -1075838976 1176240128 -866648064 1385431040 -657719296 1594359808 -448528384 1803550720 1546649600 
RESULT of PG * Gt of Matrix with size 24 X 24


2359296 2359296 2359296 2359296 2359296 2359296 2359296 2359296 2359296 2359296 2359296 2359296 2359296 2359296 2359296 2359296 2359296 2359296 2621440 2621440 2621440 2621440 2621440 2621440 
2621440 2359296 2359296 2359296 2359296 2359296 2359296 2359296 2359296 2359296 2359296 2359296 2359296 2359296 2359296 2359296 2359296 2359296 2621440 2621440 2621440 2621440 2621440 2621440 
2621440 2621440 2359296 2359296 2359296 2359296 2359296 2359296 2359296 2359296 2359296 2359296 2359296 2359296 2359296 2359296 2359296 2359296 2621440 2621440 2621440 2621440 2621440 2621440 
2621440 2621440 2621440 2359296 2359296 2359296 2359296 2359296 2359296 2359296 2359296 2359296 2359296 2359296 2359296 2359296 2359296 2359296 2621440 2621440 2621440 2621440 2621440 2621440 
2621440 2621440 2621440 2621440 2359296 2359296 2359296 2359296 2359296 2359296 2359296 2359296 2359296 2359296 2359296 2359296 2359296 2359296 2621440 2621440 2621440 2621440 2621440 2621440 
2621440 2621440 2621440 2621440 2621440 2359296 2359296 2359296 2359296 2359296 2359296 2359296 2359296 2359296 2359296 2359296 2359296 2359296 2621440 2621440 2621440 2621440 2621440 2621440 
2621440 2621440 2621440 2621440 2621440 2621440 2359296 2359296 2359296 2359296 2359296 2359296 2359296 2359296 2359296 2359296 2359296 2359296 2621440 2621440 2621440 2621440 2621440 2621440 
2621440 2621440 2621440 2621440 2621440 2621440 2621440 2359296 2359296 2359296 2359296 2359296 2359296 2359296 2359296 2359296 2359296 2359296 2621440 2621440 2621440 2621440 2621440 2621440 
2621440 2621440 2621440 2621440 2621440 2621440 2621440 2621440 2359296 2359296 2359296 2359296 2359296 2359296 2359296 2359296 2359296 2359296 2621440 2621440 2621440 2621440 2621440 2621440 
2621440 2621440 2621440 2621440 2621440 2621440 2621440 2621440 2621440 2359296 2359296 2359296 2359296 2359296 2359296 2359296 2359296 2359296 2621440 2621440 2621440 2621440 2621440 2621440 
2621440 2621440 2621440 2621440 2621440 2621440 2621440 2621440 2621440 2621440 2359296 2359296 2359296 2359296 2359296 2359296 2359296 2359296 2621440 2621440 2621440 2621440 2621440 2621440 
2621440 2621440 2621440 2621440 2621440 2621440 2621440 2621440 2621440 2621440 2621440 2359296 2359296 2359296 2359296 2359296 2359296 2359296 2621440 2621440 2621440 2621440 2621440 2621440 
2621440 2621440 2621440 2621440 2621440 2621440 2621440 2621440 2621440 2621440 2621440 2621440 2359296 2359296 2359296 2359296 2359296 2359296 2621440 2621440 2621440 2621440 2621440 2621440 
2621440 2621440 2621440 2621440 2621440 2621440 2621440 2621440 2621440 2621440 2621440 2621440 2621440 2359296 2359296 2359296 2359296 2359296 2621440 2621440 2621440 2621440 2621440 2621440 
2621440 2621440 2621440 2621440 2621440 2621440 2621440 2621440 2621440 2621440 2621440 2621440 2621440 2621440 2359296 2359296 2359296 2359296 2621440 2621440 2621440 2621440 2621440 2621440 
2621440 2621440 2621440 2621440 2621440 2621440 2621440 2621440 2621440 2621440 2621440 2621440 2621440 2621440 2621440 2359296 2359296 2359296 2621440 2621440 2621440 2621440 2621440 2621440 
2621440 2621440 2621440 2621440 2621440 2621440 2621440 2621440 2621440 2621440 2621440 2621440 2621440 2621440 2621440 2621440 2359296 2359296 2621440 2621440 2621440 2621440 2621440 2621440 
2621440 2621440 2621440 2621440 2621440 2621440 2621440 2621440 2621440 2621440 2621440 2621440 2621440 2621440 2621440 2621440 2621440 2359296 2621440 2621440 2621440 2621440 2621440 2621440 
2621440 2621440 2621440 2621440 2621440 2621440 2621440 2621440 2621440 2621440 2621440 2621440 2621440 2621440 2621440 2621440 2621440 2621440 2621440 2621440 2621440 2621440 2621440 2621440 
2621440 2621440 2621440 2621440 2621440 2621440 2621440 2621440 2621440 2621440 2621440 2621440 2621440 2621440 2621440 2621440 2621440 2621440 2621440 2621440 2621440 2621440 2621440 2621440 
2621440 2621440 2621440 2621440 2621440 2621440 2621440 2621440 2621440 2621440 2621440 2621440 2621440 2621440 2621440 2621440 2621440 2621440 2621440 2621440 2621440 2621440 2621440 2621440 
2621440 2621440 2621440 2621440 2621440 2621440 2621440 2621440 2621440 2621440 2621440 2621440 2621440 2621440 2621440 2621440 2621440 2621440 2621440 2621440 2621440 2621440 2621440 2621440 
2621440 2621440 2621440 2621440 2621440 2621440 2621440 2621440 2621440 2621440 2621440 2621440 2621440 2621440 2621440 2621440 2621440 2621440 2621440 2621440 2621440 2621440 2621440 2621440 
2621440 2621440 2621440 2621440 2621440 2621440 2621440 2621440 2621440 2621440 2621440 2621440 2621440 2621440 2621440 2621440 2621440 2621440 2621440 2621440 2621440 2621440 2621440 2621440 
RESULT of Pt * G of Matrix with size 24 X 24


157548544 219676672 281542656 343408640 405274624 467402752 529268736 591134720 653000704 714866688 776994816 838860800 900726784 962592768 1024720896 1086586880 1148452864 1210318848 1272446976 1334312960 1396178944 1458044928 1520173056 1582039040 
1632632832 204210176 266338304 328466432 390594560 452722688 514850816 576978944 639107072 700973056 763101184 825229312 887357440 949485568 1011613696 1073741824 1135869952 1197735936 1259864064 1321992192 1384120320 1446248448 1508376576 1570504704 
1620836352 1682964480 251133952 313262080 375652352 437780480 500170752 562298880 624689152 686817280 749207552 811335680 873725952 935854080 998244352 1060372480 1122762752 1184890880 1247281152 1309409280 1371799552 1433927680 1496317952 1558446080 
1608777728 1671168000 1733558272 297795584 360185856 422576128 484966400 547356672 609746944 672399360 734789632 797179904 859570176 921960448 984350720 1046740992 1109393408 1171783680 1234173952 1296564224 1358954496 1421344768 1483735040 1546125312 
1596194816 1658847232 1721499648 1784152064 344457216 407109632 469499904 532152320 594804736 657457152 719847424 782499840 845152256 907804672 970457088 1032847360 1095499776 1158152192 1220804608 1283194880 1345847296 1408499712 1471152128 1533804544 
1583611904 1646264320 1708916736 1771831296 1834483712 391118848 453771264 516685824 579338240 642252800 704905216 767557632 830472192 893124608 956039168 1018691584 1081344000 1144258560 1206910976 1269825536 1332477952 1395130368 1458044928 1520697344 
1570504704 1633419264 1696333824 1759248384 1822162944 1885077504 437780480 500695040 563609600 626524160 689438720 752353280 815267840 878182400 941096960 1004011520 1066926080 1130102784 1193017344 1255931904 1318846464 1381761024 1444675584 1507590144 
1557135360 1620049920 1683226624 1746403328 1809317888 1872494592 1935671296 484442112 547618816 610795520 673710080 736886784 800063488 862978048 926154752 989331456 1052246016 1115422720 1178599424 1241513984 1304690688 1367867392 1430781952 1493958656 
1543241728 1606680576 1669857280 1733033984 1796210688 1859649536 1922826240 1986002944 531103744 594542592 657719296 720896000 784334848 847511552 910688256 973864960 1037303808 1100480512 1163657216 1227096064 1290272768 1353449472 1416888320 1480065024 
1529348096 1592786944 1655963648 1719402496 1782841344 1846280192 1909719040 1973157888 2036596736 577765376 641204224 704643072 768081920 831520768 894959616 958398464 1021837312 1085276160 1148715008 1212153856 1275592704 1339031552 1402470400 1465909248 
1514930176 1578369024 1642070016 1705508864 1769209856 1832910848 1896349696 1960050688 2023489536 2087190528 624689152 688128000 751828992 815267840 878968832 942407680 1006108672 1069809664 1133248512 1196949504 1260388352 1324089344 1387528192 1451229184 
1499987968 1563951104 1627652096 1691353088 1755054080 1818755072 1882718208 1946419200 2010120192 2073821184 2137784320 671350784 735051776 798752768 862453760 926416896 990117888 1053818880 1117519872 1181220864 1245184000 1308884992 1372585984 1436286976 
1485045760 1549008896 1612972032 1676673024 1740636160 1804599296 1868562432 1932525568 1996488704 2060451840 2124152832 -2106851328 718012416 781975552 845676544 909639680 973602816 1037565952 1101529088 1165492224 1229455360 1293156352 1357119488 1421082624 
1469579264 1533804544 1597767680 1661992960 1725956096 1790181376 1854144512 1918369792 1982332928 2046296064 2110521344 -2120482816 -2056257536 764674048 828637184 892862464 956825600 1021050880 1085014016 1149239296 1213202432 1277427712 1341390848 1405616128 
1453850624 1518075904 1582301184 1646526464 1711013888 1775239168 1839464448 1903689728 1967915008 2032140288 2096365568 -2134376448 -2069889024 -2005663744 811335680 875560960 939786240 1004011520 1068236800 1132724224 1196949504 1261174784 1325400064 1389625344 
1437859840 1502347264 1566572544 1631059968 1695547392 1760034816 1824260096 1888747520 1953234944 2017722368 2081947648 2146435072 -2084044800 -2019557376 -1955332096 857997312 922484736 986972160 1051197440 1115684864 1180172288 1244659712 1308884992 1373372416 
1421344768 1486094336 1550581760 1615069184 1679818752 1744306176 1809055744 1873543168 1938030592 2002780160 2067267584 2131755008 -2098462720 -2033975296 -1969225728 -1904738304 904658944 969408512 1033895936 1098383360 1163132928 1227620352 1292369920 1356857344 
1404567552 1469579264 1534328832 1599078400 1663827968 1728577536 1793327104 1858076672 1922826240 1987575808 2052325376 2117074944 -2113142784 -2048393216 -1983643648 -1918894080 -1854144512 951320576 1016070144 1080819712 1145569280 1210318848 1275068416 1339817984 
1387528192 1452539904 1517551616 1582301184 1647312896 1712324608 1777074176 1842085888 1907097600 1971847168 2036858880 2101870592 -2128347136 -2063335424 -1998585856 -1933574144 -1868562432 -1803812864 998244352 1062993920 1128005632 1192755200 1257766912 1322778624 
1370226688 1435238400 1500512256 1565523968 1630535680 1695547392 1760821248 1825832960 1890844672 1956118528 2021130240 2086141952 -2143813632 -2078539776 -2013528064 -1948516352 -1883242496 -1818230784 -1753219072 1044905984 1109917696 1174929408 1239941120 1305214976 
1352400896 1417674752 1482948608 1548222464 1613496320 1678770176 1744044032 1809317888 1874591744 1939865600 2005139456 2070151168 2135425024 -2094268416 -2028994560 -1963720704 -1898446848 -1833172992 -1767899136 -1702625280 1091567616 1156841472 1222115328 1287127040 
1334575104 1399848960 1465384960 1530658816 1596194816 1661468672 1727004672 1792278528 1857814528 1923088384 1988624384 2054160384 2119434240 -2109997056 -2044723200 -1979187200 -1913913344 -1848377344 -1783103488 -1717567488 -1652031488 1138229248 1203503104 1269039104 
1315962880 1381761024 1447297024 1512833024 1578369024 1643905024 1709441024 1775239168 1840775168 1906311168 1971847168 2037383168 2103181312 -2126249984 -2060713984 -1995177984 -1929641984 -1864105984 -1798307840 -1732771840 -1667235840 -1601699840 1184890880 1250426880 
1297350656 1363148800 1428946944 1494482944 1560281088 1626079232 1691877376 1757675520 1823211520 1889009664 1954807808 2020605952 2086404096 -2142765056 -2077229056 -2011430912 -1945632768 -1879834624 -1814036480 -1748500480 -1682702336 -1616904192 -1551106048 1231552512 
RESULT of [PG]t * G of Matrix with size 24 X 24


0 262144 262144 524288 524288 786432 1048576 1048576 1310720 1310720 1572864 1835008 1835008 2097152 2097152 2359296 2621440 2621440 2883584 2883584 3145728 3407872 3407872 3670016 
3670016 0 262144 262144 524288 524288 786432 1048576 1048576 1310720 1310720 1572864 1835008 1835008 2097152 2097152 2359296 2621440 2621440 2883584 3145728 3145728 3407872 3407872 
3407872 3670016 0 262144 262144 524288 524288 786432 1048576 1048576 1310720 1310720 1572864 1835008 1835008 2097152 2359296 2359296 2621440 2621440 2883584 3145728 3145728 3407872 
3407872 3407872 3670016 0 262144 262144 524288 524288 786432 1048576 1048576 1310720 1310720 1572864 1835008 1835008 2097152 2359296 2359296 2621440 2621440 2883584 3145728 3145728 
3145728 3407872 3670016 3670016 0 262144 262144 524288 524288 786432 1048576 1048576 1310720 1310720 1572864 1835008 1835008 2097152 2359296 2359296 2621440 2621440 2883584 3145728 
3145728 3145728 3407872 3670016 3670016 0 262144 262144 524288 524288 786432 1048576 1048576 1310720 1572864 1572864 1835008 1835008 2097152 2359296 2359296 2621440 2621440 2883584 
2883584 3145728 3145728 3407872 3670016 3670016 0 262144 262144 524288 524288 786432 1048576 1048576 1310720 1572864 1572864 1835008 1835008 2097152 2359296 2359296 2621440 2883584 
2883584 2883584 3145728 3145728 3407872 3670016 3670016 0 262144 262144 524288 524288 786432 1048576 1048576 1310720 1572864 1572864 1835008 1835008 2097152 2359296 2359296 2621440 
2621440 2883584 2883584 3145728 3145728 3407872 3670016 3670016 0 262144 262144 524288 524288 786432 1048576 1048576 1310720 1572864 1572864 1835008 1835008 2097152 2359296 2359296 
2359296 2621440 2883584 2883584 3145728 3407872 3407872 3670016 3670016 0 262144 262144 524288 524288 786432 1048576 1048576 1310720 1572864 1572864 1835008 1835008 2097152 2359296 
2359296 2359296 2621440 2883584 2883584 3145728 3407872 3407872 3670016 3670016 0 262144 262144 524288 524288 786432 1048576 1048576 1310720 1572864 1572864 1835008 2097152 2097152 
2097152 2359296 2359296 2621440 2883584 2883584 3145728 3407872 3407872 3670016 3670016 0 262144 262144 524288 524288 786432 1048576 1048576 1310720 1572864 1572864 1835008 2097152 
2097152 2097152 2359296 2359296 2621440 2883584 2883584 3145728 3407872 3407872 3670016 3932160 0 262144 262144 524288 524288 786432 1048576 1048576 1310720 1572864 1572864 1835008 
1835008 2097152 2097152 2359296 2359296 2621440 2883584 2883584 3145728 3407872 3407872 3670016 3932160 0 262144 262144 524288 524288 786432 1048576 1048576 1310720 1572864 1572864 
1572864 1835008 2097152 2097152 2359296 2621440 2621440 2883584 2883584 3145728 3407872 3407872 3670016 3932160 0 262144 262144 524288 524288 786432 1048576 1048576 1310720 1572864 
1572864 1572864 1835008 2097152 2097152 2359296 2621440 2621440 2883584 2883584 3145728 3407872 3407872 3670016 3932160 0 262144 262144 524288 786432 786432 1048576 1048576 1310720 
1310720 1572864 1572864 1835008 2097152 2097152 2359296 2621440 2621440 2883584 3145728 3145728 3407872 3407872 3670016 3932160 0 262144 262144 524288 786432 786432 1048576 1048576 
1048576 1310720 1572864 1572864 1835008 2097152 2097152 2359296 2621440 2621440 2883584 3145728 3145728 3407872 3670016 3670016 3932160 0 262144 262144 524288 786432 786432 1048576 
1048576 1048576 1310720 1572864 1572864 1835008 2097152 2097152 2359296 2621440 2621440 2883584 3145728 3145728 3407872 3670016 3670016 3932160 0 262144 262144 524288 786432 786432 
786432 1048576 1048576 1310720 1572864 1572864 1835008 2097152 2097152 2359296 2621440 2621440 2883584 3145728 3145728 3407872 3670016 3670016 3932160 0 262144 262144 524288 786432 
786432 786432 1048576 1310720 1310720 1572864 1572864 1835008 2097152 2097152 2359296 2621440 2621440 2883584 3145728 3145728 3407872 3670016 3670016 3932160 0 262144 262144 524288 
524288 786432 786432 1048576 1310720 1310720 1572864 1572864 1835008 2097152 2097152 2359296 2621440 2621440 2883584 3145728 3145728 3407872 3670016 3670016 3932160 0 262144 262144 
262144 524288 786432 786432 1048576 1310720 1310720 1572864 1835008 1835008 2097152 2097152 2359296 2621440 2621440 2883584 3145728 3145728 3407872 3670016 3670016 3932160 0 262144 
262144 262144 524288 786432 786432 1048576 1310720 1310720 1572864 1835008 1835008 2097152 2359296 2359296 2621440 2621440 2883584 3145728 3145728 3407872 3670016 3670016 3932160 0 
RESULT of Pt * Gt of Matrix with size 24 X 24


34340864 100139008 165937152 231735296 297533440 363331584 428867584 494665728 560463872 626262016 692060160 757596160 823394304 889192448 954990592 1020788736 1086586880 1152122880 1217921024 1283719168 1349517312 1415315456 1480851456 1546649600 
-496238592 84934656 246415360 407896064 569376768 730857472 892338176 1053818880 1215299584 1376780288 1538260992 1699741696 1861222400 2022703104 -2110783488 -1949564928 -1788084224 -1626603520 -1465122816 -1303642112 -1142161408 -980680704 -819200000 -657719296 
1498677248 1755840512 135528448 392691712 649854976 907018240 1164181504 1421344768 1678508032 1935671296 -2101870592 -1844707328 -1587544064 -1330380800 -1073217536 -816054272 -558891008 -301727744 -44564480 212598784 469762048 726925312 984350720 1241513984 
-993001472 -640155648 -287047680 186122240 538968064 891813888 1244659712 1597505536 1950613504 -1991507968 -1638662144 -1285816320 -932970496 -579862528 -227016704 125829120 478674944 831782912 1184628736 1537474560 1890320384 -2051801088 -1698693120 -1345847296 
618921984 1067712512 1516240896 1964769280 236453888 685244416 1133772800 1582301184 2031091712 -1815347200 -1366818816 -918028288 -469499904 -20971520 427819008 876347392 1324875776 1773666304 -2072772608 -1624244224 -1175453696 -726925312 -278134784 170393600 
2039480320 -1711013888 -1166802944 -622329856 -78118912 287047680 831258624 1375731712 1919942656 -1830551552 -1286340608 -741867520 -197656576 346816512 891027456 1435500544 1979711488 -1770782720 -1226571776 -682098688 -137887744 406585344 950796288 1495269376 
-1026293760 -386400256 253755392 893911040 1533804544 -2121007104 337641472 977534976 1617690624 -2037383168 -1397227520 -757071872 -117178368 522977280 1163132928 1803026432 -1851785216 -1211891712 -571736064 68419584 708313088 1348468736 1988362240 -1666449408 
11272192 747110400 1482948608 -2076442624 -1340604416 -604766208 131072000 387973120 1123811328 1859649536 -1699479552 -963903488 -228065280 507772928 1243611136 1979187200 -1579941888 -844103680 -108265472 627310592 1363148800 2098987008 -1460142080 -724566016 
857473024 1688993792 -1774452736 -942931968 -111411200 720109568 1551368192 -1912078336 438566912 1270087680 2101608448 -1361838080 -530317312 300941312 1132462080 1963982848 -1499463680 -667942912 163577856 995098624 1826619392 -1637089280 -805568512 25952256 
1512308736 -1855455232 -928251904 -1048576 926154752 1853358080 -1514405888 -587202560 340000768 489160704 1416364032 -1951399936 -1024196608 -96993280 830210048 1757413376 -1610350592 -683147264 244056064 1171259392 2098462720 -1269301248 -342097920 585105408 
1975517184 -1296302080 -273416192 749469696 1772355584 -1499725824 -476839936 546308096 1569193984 -1702887424 539492352 1562640384 -1709441024 -686555136 336330752 1359216640 -1912864768 -889978880 133169152 1156055040 -2116026368 -1093140480 -70254592 952631296 
-2047344640 -928776192 189792256 1308622848 -1867776000 -749207552 369360896 1488191488 -1688207360 -569638912 549191680 590086144 1708654592 -1467482112 -348913664 769654784 1888485376 -1287913472 -169345024 949223424 2068054016 -1108344832 10223616 1128792064 
-1966866432 -752615424 461897728 1676148736 -1404567552 -190054400 1024196608 -2056257536 -842006528 372244480 1586757632 -1493958656 640679936 1854930944 -1225523200 -11272192 1202978816 -1877475328 -663224320 551288832 1765539840 -1314914304 -100663296 1113587712 
-2077753344 -767819776 542375936 1852309504 -1132462080 177471488 1487667200 -1497366528 -187170816 1122762752 -1862008832 -551813120 758120448 691273728 2001207296 -983564288 326369280 1636564992 -1348468736 -38273024 1271660544 -1713111040 -403177472 907018240 
1914699776 -974389248 431226880 1837105152 -1051983872 353632256 1759510528 -1129578496 276037632 1681915904 -1207173120 198443008 1604321280 -1284767744 741605376 -2147483648 -741605376 664010752 2069889024 -819200000 586416128 1992294400 -896794624 508821504 
1420820480 -1372585984 128974848 1630535680 -1163132928 338427904 1839988736 -953417728 548143104 2049703936 -743964672 757596160 -2035810304 -534249472 967311360 792199168 -2001207296 -499646464 1001652224 -1791754240 -290193408 1211367424 -1582039040 -80740352 
735576064 -1962147840 -364904448 1232338944 -1465384960 131858432 1729101824 -968622080 628621312 -2069102592 -471859200 1125384192 -1572339712 24641536 1621884928 -1075838976 842792960 -1854930944 -257687552 1339293696 -1358430208 238813184 1836056576 -861667328 
-141033472 1551892480 -1050148864 642777088 -1959264256 -266338304 1426587648 -1175453696 517472256 -2084306944 -391380992 1301544960 -1300496384 392429568 2085355520 -516685824 1176240128 893124608 -1708916736 -15728640 1677197312 -924844032 768081920 -1833959424 
-1209270272 579600384 -1926758400 -138149888 1650458624 -855900160 932970496 -1573388288 215220224 2003828736 -502530048 1286340608 -1220018176 568590336 -1937768448 -149159936 1639710720 -866648064 943718400 -1562640384 225968128 2014838784 -491520000 1297088512 
1826095104 -584318976 1299972096 -1110704128 773849088 -1636827136 247726080 2132017152 -278659072 1605894144 -804782080 1079508992 -1330905088 553385984 -1857290240 27262976 1911554048 -499122176 1385431040 994312192 -1416364032 467927040 -1942487040 -58195968 
375128064 -1939603456 40370176 2020605952 -294387712 1685848064 -629145600 1351090176 -963903488 1016332288 -1298661376 681574400 -1633419264 346816512 -1968177152 11796480 1992032256 -322961408 1657274368 -657719296 1044643840 -1270087680 709885952 -1604845568 
-1267204096 808714240 -1410596864 665321472 -1553989632 521928704 -1697120256 378535936 -1840513024 235143168 -1983905792 92012544 -2127298560 -51380224 2024275968 -194772992 1881145344 -338165760 1737752576 -481296384 1594359808 1095237632 -1123811328 951844864 
1193803776 -929562624 1242038272 -881328128 1290010624 -833355776 1338245120 -785121280 1386217472 -737148928 1434451968 -689176576 1482424320 -640942080 1530658816 -592969728 1578631168 -544735232 1626865664 -496762880 1674838016 -448528384 1145831424 -977534976 
-831520768 1435762688 -591921152 1675362304 -352321536 1914961920 -112721920 -2140405760 126615552 -1901068288 366215168 -1661468672 605814784 -1421869056 845414400 -1182269440 1084751872 -942931968 1324351488 -703332352 1563951104 -463732736 1803550720 1196425216 
RESULT of [PG]t * Gt of Matrix with size 24 X 24


