0 0 0 0 0 0 0 0 0 0 0 0 0 0 0 0 0 0 0 0 0 0 0 0 0 0 0 
0 0 0 0 0 0 0 0 0 0 0 0 0 0 0 0 0 0 0 0 0 0 0 0 0 0 0 
0 0 0 0 0 0 0 0 0 0 0 0 0 0 0 0 0 0 0 0 0 0 0 0 0 0 0 
0 0 0 0 0 0 0 0 0 0 0 0 0 0 0 0 0 0 0 0 0 0 0 0 0 0 0 
0 0 0 0 0 0 0 0 0 0 0 0 0 0 0 0 0 0 0 0 0 0 0 0 0 0 0 
0 0 0 0 0 0 0 0 0 0 0 0 0 0 0 0 0 0 0 0 0 0 0 0 0 0 0 
0 0 0 0 0 0 0 0 0 0 0 0 0 0 0 0 0 0 0 0 0 0 0 0 0 0 0 
0 0 0 0 0 0 0 0 0 0 0 0 0 0 0 0 0 0 0 0 0 0 0 0 0 0 0 
0 0 0 0 0 0 0 0 0 0 0 0 0 0 0 0 0 0 0 0 0 0 0 0 0 0 0 
0 0 0 0 0 0 0 0 0 0 0 0 0 0 0 0 0 0 0 0 0 0 0 0 0 0 0 
0 0 0 0 0 0 0 0 0 0 0 0 0 0 0 0 0 0 0 0 0 0 0 0 0 0 0 
0 0 0 0 0 0 0 0 0 0 0 0 0 0 0 0 0 0 0 0 0 0 0 0 0 0 0 
0 0 0 0 0 0 0 0 0 0 0 0 0 0 0 0 0 0 0 0 0 0 0 0 0 0 0 
0 0 0 0 0 0 0 0 0 0 0 0 0 0 0 0 0 0 0 0 0 0 0 0 0 0 0 
0 0 0 0 0 0 0 0 0 0 0 0 0 0 0 0 0 0 0 0 0 0 0 0 0 0 0 
0 0 0 0 0 0 0 0 0 0 0 0 0 0 0 0 0 0 0 0 0 0 0 0 0 0 0 
0 0 0 0 0 0 0 0 0 0 0 0 0 0 0 0 0 0 0 0 0 0 0 0 0 0 0 
0 0 0 0 0 0 0 0 0 0 0 0 0 0 0 0 0 0 0 0 0 0 0 0 0 0 0 
0 0 0 0 0 0 0 0 0 0 0 0 0 0 0 0 0 0 0 0 0 0 0 0 0 0 0 
0 0 0 0 0 0 0 0 0 0 0 0 0 0 0 0 0 0 0 0 0 0 0 0 0 0 0 
0 0 0 0 0 0 0 0 0 0 0 0 0 0 0 0 0 0 0 0 0 0 0 0 0 0 0 
0 0 0 0 0 0 0 0 0 0 0 0 0 0 0 0 0 0 0 0 0 0 0 0 0 0 0 
0 0 0 0 0 0 0 0 0 0 0 0 0 0 0 0 0 0 0 0 0 0 0 0 0 0 0 
0 0 0 0 0 0 0 0 0 0 0 0 0 0 0 0 0 0 0 0 0 0 0 0 0 0 0 
0 0 0 0 0 0 0 0 0 0 0 0 0 0 0 0 0 0 0 0 0 0 0 0 0 0 0 
0 0 0 0 0 0 0 0 0 0 0 0 0 0 0 0 0 0 0 0 0 0 0 0 0 0 0 
0 0 0 0 0 0 0 0 0 0 0 0 0 0 0 0 0 0 0 0 0 0 0 0 0 0 0 
INITIAL DATA of Matrix with size 27 X 27


0 0 0 0 0 0 0 0 0 0 0 0 0 0 0 0 0 0 0 0 0 0 0 0 0 0 0 
262144 262144 262144 262144 262144 262144 262144 262144 262144 262144 262144 262144 262144 262144 262144 262144 262144 262144 262144 262144 262144 262144 262144 262144 262144 262144 262144 
524288 524288 524288 524288 524288 524288 524288 524288 524288 524288 524288 524288 524288 524288 524288 524288 524288 524288 524288 524288 524288 524288 524288 524288 524288 524288 524288 
786432 786432 786432 786432 786432 786432 786432 786432 786432 786432 786432 786432 786432 786432 786432 786432 786432 786432 786432 786432 786432 786432 786432 786432 786432 786432 786432 
1048576 1048576 1048576 1048576 1048576 1048576 1048576 1048576 1048576 1048576 1048576 1048576 1048576 1048576 1048576 1048576 1048576 1048576 1048576 1048576 1048576 1048576 1048576 1048576 1048576 1048576 1048576 
1310720 1310720 1310720 1310720 1310720 1310720 1310720 1310720 1310720 1310720 1310720 1310720 1310720 1310720 1310720 1310720 1310720 1310720 1310720 1310720 1310720 1310720 1310720 1310720 1310720 1310720 1310720 
1572864 1572864 1572864 1572864 1835008 1835008 1572864 1572864 1572864 1572864 1572864 1572864 1572864 1572864 1572864 1572864 1572864 1572864 1572864 1572864 1572864 1572864 1572864 1572864 1572864 1572864 1572864 
1835008 1835008 1835008 2097152 2097152 2097152 2097152 1835008 1835008 1835008 1835008 1835008 1835008 1835008 1835008 1835008 1835008 1835008 1835008 1835008 1835008 1835008 1835008 1835008 1835008 1835008 1835008 
2097152 2097152 2359296 2359296 2359296 2359296 2359296 2359296 2097152 2097152 2097152 2097152 2097152 2097152 2097152 2097152 2097152 2097152 2097152 2097152 2097152 2097152 2097152 2097152 2097152 2097152 2097152 
2359296 2359296 2621440 2621440 2621440 2621440 2621440 2621440 2621440 2359296 2359296 2359296 2359296 2359296 2359296 2359296 2359296 2359296 2359296 2359296 2359296 2359296 2359296 2359296 2359296 2359296 2359296 
2621440 2621440 2883584 2883584 2883584 2883584 2883584 2883584 2883584 2883584 2621440 2621440 2621440 2621440 2621440 2621440 2621440 2621440 2621440 2621440 2621440 2621440 2621440 2621440 2621440 2621440 2621440 
2883584 2883584 3145728 3145728 3145728 3145728 3145728 3145728 3145728 3145728 3145728 2883584 2883584 2883584 2883584 2883584 2883584 2883584 2883584 2883584 2883584 2883584 2883584 2883584 2883584 2883584 2883584 
3145728 3145728 3407872 3407872 3407872 3407872 3407872 3407872 3407872 3407872 3407872 3407872 3145728 3145728 3145728 3145728 3145728 3145728 3145728 3145728 3145728 3145728 3145728 3145728 3145728 3145728 3145728 
3407872 3407872 3670016 3670016 3670016 3670016 3670016 3670016 3670016 3670016 3670016 3670016 3670016 3407872 3407872 3407872 3407872 3407872 3407872 3407872 3407872 3407872 3407872 3407872 3407872 3407872 3407872 
3670016 3670016 3670016 3932160 3932160 3932160 3932160 3932160 3932160 3932160 3932160 3932160 3932160 3932160 3670016 3670016 3670016 3670016 3670016 3670016 3670016 3670016 3670016 3670016 3670016 3670016 3670016 
3932160 3932160 3932160 4194304 4194304 4194304 4194304 4194304 4194304 4194304 4194304 4194304 4194304 4194304 4194304 3932160 3932160 3932160 3932160 3932160 3932160 3932160 3932160 3932160 3932160 3932160 3932160 
4194304 4194304 4194304 4194304 4456448 4456448 4456448 4456448 4456448 4456448 4456448 4456448 4456448 4456448 4456448 4456448 4194304 4194304 4194304 4194304 4194304 4194304 4194304 4194304 4194304 4194304 4194304 
4456448 4456448 4456448 4456448 4456448 4718592 4718592 4718592 4718592 4718592 4718592 4718592 4718592 4718592 4718592 4718592 4718592 4456448 4456448 4456448 4456448 4456448 4456448 4456448 4456448 4456448 4456448 
4718592 4718592 4718592 4718592 4718592 4980736 4980736 4980736 4980736 4980736 4980736 4980736 4980736 4980736 4980736 4980736 4980736 4980736 4718592 4718592 4718592 4718592 4718592 4718592 4718592 4718592 4718592 
4980736 4980736 4980736 4980736 4980736 4980736 5242880 5242880 5242880 5242880 5242880 5242880 5242880 5242880 5242880 5242880 5242880 5242880 5242880 4980736 4980736 4980736 4980736 4980736 4980736 4980736 4980736 
5242880 5242880 5242880 5242880 5242880 5242880 5242880 5505024 5505024 5505024 5505024 5505024 5505024 5505024 5505024 5505024 5505024 5505024 5505024 5505024 5242880 5242880 5242880 5242880 5242880 5242880 5242880 
5505024 5505024 5505024 5505024 5505024 5505024 5505024 5767168 5767168 5767168 5767168 5767168 5767168 5767168 5767168 5767168 5767168 5767168 5767168 5767168 5767168 5505024 5505024 5505024 5505024 5505024 5505024 
5767168 5767168 5767168 5767168 5767168 5767168 5767168 5767168 6029312 6029312 6029312 6029312 6029312 6029312 6029312 6029312 6029312 6029312 6029312 6029312 6029312 6029312 5767168 5767168 5767168 5767168 5767168 
6029312 6029312 6029312 6029312 6029312 6029312 6029312 6029312 6029312 6291456 6291456 6291456 6291456 6291456 6291456 6291456 6291456 6291456 6291456 6291456 6291456 6291456 6291456 6029312 6029312 6029312 6029312 
6291456 6291456 6291456 6291456 6291456 6291456 6291456 6291456 6291456 6291456 6553600 6553600 6553600 6553600 6553600 6553600 6553600 6553600 6553600 6553600 6553600 6553600 6553600 6553600 6291456 6291456 6291456 
6553600 6553600 6553600 6553600 6553600 6553600 6553600 6553600 6553600 6553600 6553600 6815744 6815744 6815744 6815744 6815744 6815744 6815744 6815744 6815744 6815744 6815744 6815744 6815744 6815744 6553600 6553600 
6815744 6815744 6815744 6815744 6815744 6815744 6815744 6815744 6815744 6815744 6815744 7077888 7077888 7077888 7077888 7077888 7077888 7077888 7077888 7077888 7077888 7077888 7077888 7077888 7077888 7340032 6815744 
RESULT of P * G of Matrix with size 27 X 27


1748238336 1753219072 1757937664 1762918400 1767899136 1772879872 1777598464 1782579200 1787559936 1792540672 1797259264 1802240000 1807220736 1812201472 1816920064 1821900800 1826881536 1831862272 1836843008 1841561600 1846542336 1851523072 1856503808 1861222400 1866203136 1871183872 1876164608 
328990720 14417920 26476544 38535168 50593792 62652416 74711040 87031808 99090432 111149056 123207680 135266304 147587072 159645696 171704320 183762944 195821568 207880192 220200960 232259584 244318208 256376832 268435456 280494080 292814848 304873472 316932096 
-1237319680 -1217921024 -1719402496 -1700265984 -1680867328 -1661730816 -1642332160 -1623195648 -1603796992 -1584398336 -1565261824 -1545863168 -1526726656 -1507328000 -1488191488 -1468792832 -1449394176 -1430257664 -1410859008 -1391722496 -1372323840 -1353187328 -1333788672 -1314390016 -1295253504 -1275854848 -1256718336 
1476919296 1503395840 1529872384 841482240 867958784 894435328 920911872 947388416 973864960 1000341504 1026818048 1053294592 1079771136 1106247680 1132724224 1159200768 1185677312 1212153856 1238630400 1265106944 1291583488 1318060032 1344536576 1371013120 1397489664 1423966208 1450442752 
-118226944 -84410368 -50855936 -17301504 -892338176 -858521600 -824967168 -791412736 -757596160 -724041728 -690225152 -656670720 -623116288 -589299712 -555745280 -521928704 -488374272 -454819840 -421003264 -387448832 -353894400 -320077824 -286523392 -252706816 -219152384 -185597952 -151781376 
-1727528960 -1686896640 -1646002176 -1605107712 -1564213248 1668808704 1709703168 1750597632 1791229952 1832124416 1873018880 1913913344 1954807808 1995440128 2036334592 2077229056 2118123520 -2135949312 -2095316992 -2054422528 -2013528064 -1972633600 -1931739136 -1891106816 -1850212352 -1809317888 -1768423424 
943456256 991428608 1039663104 1087635456 1135607808 1183580160 -65011712 -17039360 30932992 79167488 127139840 175112192 223084544 271056896 319291392 367263744 415236096 463208448 511180800 559415296 607387648 655360000 703332352 751304704 799539200 847511552 895483904 
-694681600 -639369216 -584318976 -529006592 -473956352 -418643968 -363331584 -1798832128 -1743781888 -1688469504 -1633157120 -1578106880 -1522794496 -1467744256 -1412431872 -1357119488 -1302069248 -1246756864 -1191444480 -1136394240 -1081081856 -1026031616 -970719232 -915406848 -860356608 -805044224 -749993984 
1947729920 2010120192 2072510464 2134900736 -2097676288 -2035286016 -1972895744 -1910505472 762314752 824705024 887095296 949485568 1011875840 1074266112 1136656384 1199046656 1261436928 1323827200 1386217472 1448607744 1510998016 1573388288 1635778560 1698168832 1760559104 1822949376 1885339648 
280756224 350486528 419954688 489422848 559153152 628621312 698351616 767819776 837287936 -971505664 -902037504 -832569344 -762839040 -693370880 -623640576 -554172416 -484442112 -414973952 -345505792 -275775488 -206307328 -136577024 -67108864 2359296 72089600 141557760 211288064 
-1400635392 -1323827200 -1247019008 -1170210816 -1093402624 -1016594432 -940048384 -863240192 -786432000 -709623808 1589379072 1666187264 1742995456 1819803648 1896611840 1973420032 2049966080 2126774272 -2091384832 -2014576640 -1937768448 -1860960256 -1784414208 -1707606016 -1630797824 -1553989632 -1477181440 
1198784512 1282670592 1366556672 1450704896 1534590976 1618477056 1702363136 1786511360 1870397440 1954283520 2038169600 -144441344 -60293120 23592960 107479040 191365120 275251200 359399424 443285504 527171584 611057664 695205888 779091968 862978048 946864128 1031012352 1114898432 
-511180800 -420216832 -328990720 -237764608 -146800640 -55574528 35651584 126615552 217841664 308805632 400031744 491257856 -1878261760 -1787035648 -1696071680 -1604845568 -1513619456 -1422655488 -1331429376 -1240203264 -1149239296 -1058013184 -966787072 -875823104 -784596992 -693633024 -602406912 
2059403264 -2137260032 -2038956032 -1940652032 -1842348032 -1744044032 -1645740032 -1547436032 -1449132032 -1350828032 -1252524032 -1154220032 -1055916032 682885120 781189120 879493120 977797120 1076101120 1174405120 1272709120 1371013120 1469317120 1567621120 1665925120 1764491264 1862795264 1961099264 
320602112 425984000 531628032 637009920 742653952 848035840 953417728 1059061760 1164443648 1270087680 1375469568 1481113600 1586495488 1692139520 -1050935296 -945553408 -839909376 -734527488 -628883456 -523501568 -417857536 -312475648 -206831616 -101449728 3932160 109576192 214958080 
-1432616960 -1319895040 -1207173120 -1094451200 -981991424 -869269504 -756547584 -643825664 -531103744 -418381824 -305659904 -193200128 -80478208 32243712 144965632 1510211584 1622933504 1735655424 1848115200 1960837120 2073559040 -2108686336 -1995964416 -1883242496 -1770782720 -1658060800 -1545338880 
1094975488 1214775296 1334575104 1454374912 1574436864 1694236672 1814036480 1933836288 2053898240 -2121269248 -2001469440 -1881669632 -1761607680 -1641807872 -1522008064 -1402208256 -223608832 -103809024 15990784 135790592 255852544 375652352 495452160 615251968 735313920 855113728 974913536 
-687079424 -559939584 -432799744 -305922048 -178782208 -51642368 75235328 202375168 329515008 456392704 583532544 710672384 837550080 964689920 1091829760 1218707456 1345847296 -1957429248 -1830551552 -1703411712 -1576271872 -1449394176 -1322254336 -1195114496 -1068236800 -941096960 -813957120 
1811677184 1945894912 2080112640 -2080636928 -1946419200 -1812201472 -1677983744 -1543503872 -1409286144 -1275068416 -1140850688 -1006632960 -872415232 -738197504 -603979776 -469762048 -335544320 -201326592 603455488 737673216 872153088 1006370816 1140588544 1274806272 1409024000 1543241728 1677459456 
1048576 142606336 283901952 425459712 566755328 708050944 849608704 990904320 1132462080 1273757696 1415315456 1556611072 1698168832 1839464448 1981022208 2122317824 -2031091712 -1889796096 -1748238336 -1130364928 -988807168 -847511552 -705953792 -564658176 -423100416 -281804800 -140247040 
-1823997952 -1675362304 -1526726656 -1378091008 -1229455360 -1080819712 -932184064 -783548416 -635174912 -486539264 -337903616 -189267968 -40632320 108003328 256638976 405274624 553648128 702283776 850919424 999555072 1430781952 1579417600 1728053248 1876688896 2025324544 -2121007104 -1972633600 
631767040 787480576 943194112 1099169792 1254883328 1410596864 1566310400 1722286080 1877999616 2033713152 -2105278464 -1949564928 -1793851392 -1637875712 -1482162176 -1326448640 -1170735104 -1014759424 -859045888 -703332352 -547356672 -303038464 -147324928 8650752 164364288 320077824 475791360 
-1222115328 -1059061760 -896008192 -733216768 -570163200 -407109632 -244056064 -81264640 81788928 244842496 407633920 570687488 733741056 896532480 1059586048 1222639616 1385431040 1548484608 1711538176 1874591744 2037383168 -2094530560 -2036858880 -1873805312 -1711013888 -1547960320 -1384906752 
1204813824 1374945280 1545076736 1715208192 1885601792 2055733248 -2069102592 -1898971136 -1728839680 -1558708224 -1388576768 -1218445312 -1048313856 -878182400 -707788800 -537657344 -367525888 -197394432 -27262976 142868480 312999936 483131392 653262848 524288000 694419456 864550912 1034682368 
-677642240 -500170752 -322961408 -145489920 31719424 209190912 386400256 563871744 741081088 918552576 1095761920 1273233408 1450442752 1627914240 1805123584 1982595072 -2135162880 -1957691392 -1780482048 -1603010560 -1425801216 -1248329728 -1071120384 -893648896 -1209532416 -1032323072 -854851584 
1720451072 1905000448 2089549824 -2020868096 -1836318720 -1651769344 -1467219968 -1282670592 -1098121216 -913571840 -729284608 -544735232 -360185856 -175636480 8912896 193462272 378011648 562561024 747110400 931659776 1116209152 1300758528 1485045760 1669595136 1854144512 1351352320 1535901696 
-190578688 1048576 192675840 384565248 576192512 767819776 959709184 1151336448 1342963712 1534853120 1726480384 1918107648 2109997056 -1993342976 -1801715712 -1610088448 -1418199040 -1226571776 -1034944512 -843055104 -651427840 -459800576 -267911168 -76283904 115343360 307232768 -382468096 
RESULT of P G * G of Matrix with size 27 X 27


0 0 0 0 0 0 0 0 0 0 0 0 0 0 0 0 0 0 0 0 0 0 0 0 0 0 262144 
786432 0 0 0 0 0 0 0 0 0 262144 262144 262144 262144 262144 262144 262144 262144 524288 524288 524288 524288 524288 524288 524288 524288 524288 
1048576 1310720 0 0 0 0 0 262144 262144 262144 262144 262144 262144 524288 524288 524288 524288 524288 786432 786432 786432 786432 786432 1048576 1048576 1048576 1048576 
1572864 1572864 1835008 0 0 0 0 262144 262144 262144 262144 524288 524288 524288 786432 786432 786432 786432 1048576 1048576 1048576 1048576 1310720 1310720 1310720 1310720 1572864 
1835008 2097152 2097152 2359296 0 0 0 262144 262144 262144 524288 524288 524288 786432 786432 786432 1048576 1048576 1048576 1310720 1310720 1310720 1572864 1572864 1572864 1835008 1835008 
2359296 2359296 2621440 2621440 2621440 0 0 262144 262144 262144 524288 524288 786432 786432 786432 1048576 1048576 1310720 1310720 1572864 1572864 1572864 1835008 1835008 2097152 2097152 2097152 
2621440 2883584 2883584 3145728 3145728 3145728 0 0 262144 262144 524288 524288 786432 786432 1048576 1048576 1310720 1310720 1572864 1572864 1835008 1835008 2097152 2097152 2359296 2359296 2621440 
2883584 3145728 3145728 3407872 3407872 3670016 3670016 0 0 262144 262144 524288 786432 786432 1048576 1048576 1310720 1310720 1572864 1835008 1835008 2097152 2097152 2359296 2359296 2621440 2883584 
3145728 3407872 3407872 3670016 3932160 3932160 4194304 4194304 0 0 262144 524288 524288 786432 1048576 1048576 1310720 1572864 1572864 1835008 2097152 2097152 2359296 2359296 2621440 2883584 2883584 
3407872 3407872 3670016 3932160 4194304 4194304 4456448 4718592 4718592 0 262144 262144 524288 786432 786432 1048576 1310720 1572864 1572864 1835008 2097152 2097152 2359296 2621440 2883584 2883584 3145728 
3407872 3670016 3932160 4194304 4456448 4456448 4718592 4980736 5242880 5242880 0 262144 262144 524288 786432 1048576 1310720 1310720 1572864 1835008 2097152 2359296 2359296 2621440 2883584 3145728 3407872 
3670016 3932160 4194304 4194304 4456448 4718592 4980736 5242880 5505024 5767168 5767168 0 262144 524288 786432 786432 1048576 1310720 1572864 1835008 2097152 2359296 2359296 2621440 2883584 3145728 3407872 
3670016 3932160 4194304 4456448 4718592 4980736 5242880 5505024 5767168 6029312 6029312 6291456 0 262144 524288 786432 1048576 1310720 1572864 1835008 2097152 2097152 2359296 2621440 2883584 3145728 3407872 
3670016 3932160 4194304 4456448 4718592 4980736 5242880 5505024 5767168 6029312 6291456 6553600 6815744 0 262144 524288 786432 1048576 1310720 1572864 1835008 2097152 2359296 2621440 2883584 3145728 3407872 
3670016 3932160 4194304 4718592 4980736 5242880 5505024 5767168 6029312 6291456 6553600 6815744 7077888 7340032 0 262144 524288 786432 1048576 1572864 1835008 2097152 2359296 2621440 2883584 3145728 3407872 
3670016 3932160 4194304 4718592 4980736 5242880 5505024 5767168 6029312 6553600 6815744 7077888 7340032 7602176 7864320 0 262144 524288 1048576 1310720 1572864 1835008 2097152 2359296 2883584 3145728 3407872 
3670016 3932160 4194304 4718592 4980736 5242880 5505024 5767168 6291456 6553600 6815744 7077888 7602176 7864320 8126464 8388608 0 262144 786432 1048576 1310720 1572864 2097152 2359296 2621440 2883584 3407872 
3407872 3932160 4194304 4456448 4980736 5242880 5505024 6029312 6291456 6553600 6815744 7340032 7602176 7864320 8388608 8650752 8912896 0 524288 786432 1048576 1310720 1835008 2097152 2359296 2883584 3145728 
3407872 3670016 4194304 4456448 4718592 5242880 5505024 5767168 6291456 6553600 7077888 7340032 7602176 8126464 8388608 8912896 9175040 9437184 0 524288 786432 1048576 1572864 1835008 2359296 2621440 2883584 
3145728 3407872 3932160 4194304 4718592 4980736 5505024 5767168 6291456 6553600 7077888 7340032 7864320 8126464 8650752 8912896 9175040 9699328 9961472 0 524288 786432 1310720 1572864 2097152 2359296 2883584 
2883584 3407872 3670016 4194304 4456448 4980736 5242880 5767168 6029312 6553600 6815744 7340032 7864320 8126464 8650752 8912896 9437184 9699328 10223616 10485760 0 524288 786432 1310720 1572864 2097152 2621440 
2621440 3145728 3407872 3932160 4456448 4718592 5242880 5505024 6029312 6553600 6815744 7340032 7602176 8126464 8650752 8912896 9437184 9961472 10223616 10747904 11010048 0 524288 1048576 1310720 1835008 2097152 
2359296 2883584 3145728 3670016 4194304 4456448 4980736 5505024 5767168 6291456 6815744 7077888 7602176 8126464 8650752 8912896 9437184 9961472 10223616 10747904 11272192 11534336 0 524288 1048576 1310720 1835008 
1835008 2359296 2883584 3407872 3932160 4194304 4718592 5242880 5767168 6029312 6553600 7077888 7602176 7864320 8388608 8912896 9437184 9961472 10223616 10747904 11272192 11796480 12058624 0 524288 1048576 1572864 
1572864 2097152 2621440 3145728 3407872 3932160 4456448 4980736 5505024 6029312 6291456 6815744 7340032 7864320 8388608 8912896 9175040 9699328 10223616 10747904 11272192 11796480 12058624 12582912 0 524288 1048576 
1048576 1572864 2097152 2621440 3145728 3670016 4194304 4718592 5242880 5767168 6029312 6553600 7077888 7602176 8126464 8650752 9175040 9699328 10223616 10747904 11272192 11796480 12058624 12582912 13107200 0 524288 
786432 1310720 1835008 2359296 2621440 3145728 3670016 4194304 4718592 5242880 5767168 6291456 6815744 7340032 7864320 8388608 8912896 9437184 9961472 10485760 11010048 11534336 12058624 12582912 13107200 13631488 262144 
RESULT of P * Gt of Matrix with size 27 X 27


69468160 171180032 272891904 374603776 476577792 578289664 680001536 781713408 883425280 985399296 1087111168 1188823040 1290534912 1392508928 1494220800 1595932672 1697644544 1799618560 1901330432 2003042304 2104754176 -2088239104 -1986527232 -1884815360 -1783103488 -1681129472 -1579417600 
-698351616 202113024 497811456 793772032 1089470464 1385168896 1680867328 1976565760 -2022440960 -1726742528 -1431044096 -1135345664 -839647232 -543686656 -247988224 47710208 343408640 639107072 935067648 1230766080 1526464512 1822162944 2117861376 -1881145344 -1585446912 -1289748480 -994050048 
-306708480 182976512 335020032 824705024 1314390016 1804075008 -2000945152 -1511260160 -1021575168 -531890176 -42205184 447479808 937164800 1427111936 1916796928 -1888485376 -1398800384 -909115392 -419430400 70516736 560201728 1049886720 1539571712 2029256704 -1776025600 -1286078464 -796393472 
-303300608 380633088 1064304640 467927040 1151598592 1835270144 -1776025600 -1092354048 -408682496 274989056 958660608 1642594304 -1968701440 -1285029888 -601358336 82313216 765984768 1449656320 2133327872 -1477967872 -794034176 -110362624 573308928 1256980480 1940652032 -1670643712 -986972160 
-687603712 190054400 1067712512 1945370624 600571904 1478230016 -1939079168 -1061421056 -183500800 694157312 1571815424 -1845493760 -967835648 -90177536 787480576 1665138688 -1752170496 -874512384 3145728 880803840 1758461952 -1658585088 -780926976 96731136 974389248 1852047360 -1565261824 
-1459879936 -388235264 683409408 1755054080 -1468268544 733478912 1805123584 -1418199040 -346554368 725090304 1796734976 -1426587648 -354942976 716701696 1788346368 -1434976256 -363331584 708313088 1779957760 -1443364864 -371720192 700186624 1771831296 -1451491328 -379846656 691798016 1763442688 
1674838016 -1354498048 -88866816 1176502272 -1852833792 -587202560 866385920 2132017152 -897318912 368312320 1633943552 -1395392512 -129761280 1135869952 -1893466112 -627834880 637796352 1903427584 -1125908480 139722752 1405353984 -1623982080 -358350848 907280384 -2122055680 -856424448 409206784 
126353408 1585971200 -1249378304 210239488 1669857280 -1165492224 294125568 999030784 -1836318720 -376700928 1082916864 -1752432640 -292814848 1166802944 -1668546560 -208928768 1250689024 -1584660480 -125042688 1334575104 -1500774400 -41156608 1418461184 -1416888320 42729472 1502085120 -1333264384 
-1809842176 -156237824 1497366528 -1143996416 509607936 -2131755008 -478150656 1175453696 1131937792 -1509425152 144179200 1797783552 -843579392 810024960 -1831600128 -177995776 1475608576 -1165754368 487849984 2141454336 -499908608 1153695744 -1487667200 165937152 1819541504 -822083584 831520768 
160956416 2008547328 -438829056 1408761856 -1038614528 808976384 -1638400000 208928768 2056519680 1264844800 -1182793728 664797184 -1782579200 65011712 1912602624 -534773760 1312817152 -1134559232 712769536 -1734606848 112984064 1960574976 -486801408 1360789504 -1086586880 761004032 -1686634496 
1743781888 -509607936 1531969536 -721420288 1320157184 -933232640 1108082688 -1145307136 896270336 -1357119488 1397489664 -855900160 1185677312 -1067712512 973864960 -1279787008 761790464 -1491599360 549978112 -1703411712 338165760 -1915486208 126091264 -2127298560 -85721088 1955856384 -297533440 
-1356070912 879230976 -1180172288 1055391744 -1004011520 1231552512 -828112896 1407451136 -651952128 1583611904 -475791360 1530396672 -529006592 1706557440 -353107968 1882456064 -176947200 2058616832 -786432 -2060451840 175112192 -1884291072 351272960 -1708392448 527171584 -1532231680 703332352 
-549191680 1880358912 14680064 -1850736640 578813952 -1286602752 1142685696 -722731008 1706819584 -158597120 -2024275968 405274624 1663303680 -202375168 -2067791872 361758720 -1503657984 925630464 -939786240 1489764352 -375652352 2053636096 188219392 -1677197312 752353280 -1113325568 1316225024 
-130285568 -1801715712 821821440 -849870848 1773666304 102236160 -1569193984 1054081024 -617349120 2006188032 334495744 -1336934400 1286602752 1795948544 124518400 -1546911744 1076363264 -595066880 2028470272 357040128 -1314652160 1308884992 -362545152 -2034237440 589299712 -1082130432 1541406720 
-99090432 -1576796160 1240727552 -236716032 -1714421760 1103101952 -374341632 -1852047360 965476352 -511967232 -1989672960 827850752 -649592832 -2127298560 1928855552 451411968 -1026293760 1791229952 313786368 -1163919360 1653604352 176160768 -1301544960 1515978752 38535168 -1439170560 1378353152 
-456130560 -1739587584 1271660544 -11796480 -1295253504 1715994624 432537600 -850919424 -2134638592 876871680 -406585344 -1690304512 1321205760 37486592 -1245970432 2061762560 778043392 -505413632 -1788870656 1222377472 -61079552 -1344798720 1666711552 383254528 -900464640 2111045632 827588608 
-1200881664 2004353024 914882560 -174587904 -1264320512 1941176320 851443712 -238026752 -1327497216 1877737472 788267008 -301465600 -1390936064 1814560768 724828160 -364642304 -2100559872 1104936960 15466496 -1074266112 2131230720 1041498112 -47972352 -1137704960 2067791872 978321408 -111411200 
1961361408 1065615360 170131456 -725614592 -1621098496 1778122752 882638848 -13107200 -908591104 -1804337152 1595146240 699662336 -196083712 -1091567616 -1987313664 1412169728 516423680 -1967652864 1431830528 536084480 -359399424 -1255145472 2144337920 1248591872 353107968 -542638080 -1438121984 
440401920 -261095424 -962854912 -1664352256 1928855552 1227358208 525598720 -175898624 -877658112 -1579155456 2014052352 1312555008 610795520 -90701824 -792461312 -1493958656 2099249152 1397751808 -1834745856 1758461952 1056964608 355205120 -346292224 -1048051712 -1749549056 1843658752 1142161408 
-1468268544 -1975779328 1811415040 1303904256 796131328 288358400 -219152384 -726925312 -1234436096 -1742209024 2045247488 1537474560 1029963776 522190848 14680064 -493092864 -1000603648 -1508376576 -2015887360 -1702100992 2085355520 1577582592 1070071808 562298880 54788096 -452984832 -960495616 
530055168 216268800 -97255424 -411041792 -724566016 -1038352384 -1351876608 -1665662976 -1979449344 2001993728 1688207360 1374683136 1060896768 747372544 433586176 119799808 -193724416 -507510784 -821035008 -1134821376 -1569193984 -1882980352 2098462720 1784676352 1471152128 1157365760 843841536 
2140405760 2020605952 1901068288 1781268480 1661730816 1541931008 1422131200 1302593536 1182793728 1063256064 943456256 823656448 704118784 584318976 464519168 344981504 225181696 105644032 -14155776 -133955584 -253493248 -1436286976 -1556086784 -1675886592 -1795424256 -1915224064 -2034761728 
-932184064 -857997312 -783548416 -709361664 -635174912 -560726016 -486539264 -412090368 -337903616 -263716864 -189267968 -115081216 -40894464 33554432 107741184 181927936 256376832 330563584 404750336 479199232 553385984 627572736 -1303642112 -1229193216 -1155006464 -1080819712 -1006370816 
-97779712 170655744 438829056 707002368 975175680 1243611136 1511784448 1779957760 2048393216 -1978400768 -1710227456 -1441792000 -1173618688 -905445376 -637009920 -368836608 -100663296 167510016 435945472 704118784 972292096 1240727552 1508900864 -1170735104 -902561792 -634126336 -365953024 
348651520 811073536 1273233408 1735393280 -2097152000 -1634992128 -1172832256 -710672384 -248250368 213909504 676069376 1138229248 1600651264 2062811136 -1769996288 -1307574272 -845414400 -383254528 78905344 541327360 1003487232 1465647104 1927806976 -1904738304 -1037828096 -575668224 -113508352 
407371776 1063518208 1719664640 -1918894080 -1262747648 -606601216 49545216 705691648 1362100224 2018246656 -1620574208 -964427776 -308019200 348127232 1004273664 1660420096 -1978400768 -1321992192 -665845760 -9699328 646447104 1302855680 1959002112 -1679818752 -1023672320 -905183232 -248774656 
77856768 927989760 1778384896 -1666449408 -816316416 33816576 883949568 1734344704 -1710489600 -860356608 -10223616 839909376 1690042368 -1754529792 -904396800 -54263808 795869184 1646002176 -1798569984 -948436992 -98304000 751828992 1601961984 -1842610176 -992477184 -142344192 -772276224 
RESULT of PG * Gt of Matrix with size 27 X 27


4456448 4456448 4456448 4456448 4456448 4456448 4456448 4456448 4456448 4456448 4456448 4456448 4456448 4456448 4456448 4456448 4456448 4456448 4456448 4718592 4718592 4718592 4718592 4718592 4718592 4718592 4718592 
4718592 4456448 4456448 4456448 4456448 4456448 4456448 4456448 4456448 4456448 4456448 4456448 4456448 4456448 4456448 4456448 4456448 4456448 4456448 4718592 4718592 4718592 4718592 4718592 4718592 4718592 4718592 
4718592 4718592 4456448 4456448 4456448 4456448 4456448 4456448 4456448 4456448 4456448 4456448 4456448 4456448 4456448 4456448 4456448 4456448 4456448 4718592 4718592 4718592 4718592 4718592 4718592 4718592 4718592 
4718592 4718592 4718592 4456448 4456448 4456448 4456448 4456448 4456448 4456448 4456448 4456448 4456448 4456448 4456448 4456448 4456448 4456448 4456448 4718592 4718592 4718592 4718592 4718592 4718592 4718592 4718592 
4718592 4718592 4718592 4718592 4456448 4456448 4456448 4456448 4456448 4456448 4456448 4456448 4456448 4456448 4456448 4456448 4456448 4456448 4456448 4718592 4718592 4718592 4718592 4718592 4718592 4718592 4718592 
4718592 4718592 4718592 4718592 4718592 4456448 4456448 4456448 4456448 4456448 4456448 4456448 4456448 4456448 4456448 4456448 4456448 4456448 4456448 4718592 4718592 4718592 4718592 4718592 4718592 4718592 4718592 
4718592 4718592 4718592 4718592 4718592 4718592 4456448 4456448 4456448 4456448 4456448 4456448 4456448 4456448 4456448 4456448 4456448 4456448 4456448 4718592 4718592 4718592 4718592 4718592 4718592 4718592 4718592 
4718592 4718592 4718592 4718592 4718592 4718592 4718592 4456448 4456448 4456448 4456448 4456448 4456448 4456448 4456448 4456448 4456448 4456448 4456448 4718592 4718592 4718592 4718592 4718592 4718592 4718592 4718592 
4718592 4718592 4718592 4718592 4718592 4718592 4718592 4718592 4456448 4456448 4456448 4456448 4456448 4456448 4456448 4456448 4456448 4456448 4456448 4718592 4718592 4718592 4718592 4718592 4718592 4718592 4718592 
4718592 4718592 4718592 4718592 4718592 4718592 4718592 4718592 4718592 4456448 4456448 4456448 4456448 4456448 4456448 4456448 4456448 4456448 4456448 4718592 4718592 4718592 4718592 4718592 4718592 4718592 4718592 
4718592 4718592 4718592 4718592 4718592 4718592 4718592 4718592 4718592 4718592 4456448 4456448 4456448 4456448 4456448 4456448 4456448 4456448 4456448 4718592 4718592 4718592 4718592 4718592 4718592 4718592 4718592 
4718592 4718592 4718592 4718592 4718592 4718592 4718592 4718592 4718592 4718592 4718592 4456448 4456448 4456448 4456448 4456448 4456448 4456448 4456448 4718592 4718592 4718592 4718592 4718592 4718592 4718592 4718592 
4718592 4718592 4718592 4718592 4718592 4718592 4718592 4718592 4718592 4718592 4718592 4718592 4456448 4456448 4456448 4456448 4456448 4456448 4456448 4718592 4718592 4718592 4718592 4718592 4718592 4718592 4718592 
4718592 4718592 4718592 4718592 4718592 4718592 4718592 4718592 4718592 4718592 4718592 4718592 4718592 4456448 4456448 4456448 4456448 4456448 4456448 4718592 4718592 4718592 4718592 4718592 4718592 4718592 4718592 
4718592 4718592 4718592 4718592 4718592 4718592 4718592 4718592 4718592 4718592 4718592 4718592 4718592 4718592 4456448 4456448 4456448 4456448 4456448 4718592 4718592 4718592 4718592 4718592 4718592 4718592 4718592 
4718592 4718592 4718592 4718592 4718592 4718592 4718592 4718592 4718592 4718592 4718592 4718592 4718592 4718592 4718592 4456448 4456448 4456448 4456448 4718592 4718592 4718592 4718592 4718592 4718592 4718592 4718592 
4718592 4718592 4718592 4718592 4718592 4718592 4718592 4718592 4718592 4718592 4718592 4718592 4718592 4718592 4718592 4718592 4456448 4456448 4456448 4718592 4718592 4718592 4718592 4718592 4718592 4718592 4718592 
4718592 4718592 4718592 4718592 4718592 4718592 4718592 4718592 4718592 4718592 4718592 4718592 4718592 4718592 4718592 4718592 4718592 4456448 4456448 4718592 4718592 4718592 4718592 4718592 4718592 4718592 4718592 
4718592 4718592 4718592 4718592 4718592 4718592 4718592 4718592 4718592 4718592 4718592 4718592 4718592 4718592 4718592 4718592 4718592 4718592 4456448 4718592 4718592 4718592 4718592 4718592 4718592 4718592 4718592 
4718592 4718592 4718592 4718592 4718592 4718592 4718592 4718592 4718592 4718592 4718592 4718592 4718592 4718592 4718592 4718592 4718592 4718592 4718592 4718592 4718592 4718592 4718592 4718592 4718592 4718592 4718592 
4718592 4718592 4718592 4718592 4718592 4718592 4718592 4718592 4718592 4718592 4718592 4718592 4718592 4718592 4718592 4718592 4718592 4718592 4718592 4980736 4718592 4718592 4718592 4718592 4718592 4718592 4718592 
4718592 4718592 4718592 4718592 4718592 4718592 4718592 4718592 4718592 4718592 4718592 4718592 4718592 4718592 4718592 4718592 4718592 4718592 4980736 4980736 4980736 4718592 4718592 4718592 4718592 4718592 4718592 
4718592 4718592 4718592 4718592 4718592 4718592 4718592 4718592 4718592 4718592 4718592 4718592 4718592 4718592 4718592 4718592 4718592 4718592 4980736 4980736 4980736 4980736 4718592 4718592 4718592 4718592 4718592 
4718592 4718592 4718592 4718592 4718592 4718592 4718592 4718592 4718592 4718592 4718592 4718592 4718592 4718592 4718592 4718592 4718592 4718592 4980736 4980736 4980736 4980736 4980736 4718592 4718592 4718592 4718592 
4718592 4718592 4718592 4718592 4718592 4718592 4718592 4718592 4718592 4718592 4718592 4718592 4718592 4718592 4718592 4718592 4718592 4718592 4980736 4980736 4980736 4980736 4980736 4980736 4718592 4718592 4718592 
4718592 4718592 4718592 4718592 4718592 4718592 4718592 4718592 4718592 4718592 4718592 4718592 4718592 4718592 4718592 4718592 4718592 4718592 4718592 4980736 4980736 4980736 4980736 4980736 4980736 4718592 4718592 
4718592 4718592 4718592 4718592 4718592 4718592 4718592 4718592 4718592 4718592 4718592 4718592 4718592 4718592 4718592 4718592 4718592 4718592 4718592 4980736 4980736 4980736 4980736 4980736 4980736 4980736 4718592 
RESULT of Pt * G of Matrix with size 27 X 27


1788346368 1914175488 2040004608 -2128871424 -2003042304 -1877213184 -1751384064 -1625292800 -1499463680 -1373634560 -1247805440 -1121714176 -995885056 -870055936 -743964672 -618135552 -492306432 -366477312 -240386048 -114556928 11272192 137363456 263192576 389021696 514850816 640942080 766771200 
868483072 1883242496 2009333760 2135425024 -2033451008 -1907097600 -1781006336 -1654915072 -1528561664 -1402470400 -1276379136 -1150287872 -1023934464 -897843200 -771751936 -645398528 -519307264 -393216000 -266862592 -140771328 -14680064 111411200 237764608 363855872 489947136 616300544 742391808 
843841536 970194944 1977876480 2104492032 -2064121856 -1937768448 -1811152896 -1684799488 -1558446080 -1431830528 -1305477120 -1179123712 -1052770304 -926154752 -799801344 -673447936 -546832384 -420478976 -294125568 -167510016 -41156608 85196800 211812352 338165760 464519168 591134720 717488128 
818675712 945291264 1072168960 2072772608 -2095316992 -1968701440 -1842085888 -1715208192 -1588592640 -1461977088 -1335361536 -1208483840 -1081868288 -955252736 -828375040 -701759488 -575143936 -448266240 -321650688 -195035136 -68157440 58458112 185073664 311951360 438566912 565182464 692060160 
792985600 919863296 1047003136 1173880832 -2127298560 -2000420864 -1873281024 -1746403328 -1619525632 -1492385792 -1365508096 -1238630400 -1111490560 -984612864 -857735168 -730595328 -603717632 -476839936 -349700096 -222822400 -95682560 31195136 158072832 285212672 412090368 538968064 666107904 
766771200 893911040 1021050880 1148452864 1275592704 -2032402432 -1905262592 -1777860608 -1650720768 -1523580928 -1396178944 -1269039104 -1141899264 -1014497280 -887357440 -760217600 -632815616 -505675776 -378273792 -251133952 -123994112 3407872 130547712 257687552 385089536 512229376 639369216 
740032512 867434496 994836480 1122500608 1249902592 1377304576 -1937506304 -1810104320 -1682702336 -1555038208 -1427636224 -1299972096 -1172570112 -1045168128 -917504000 -790102016 -662700032 -535035904 -407633920 -279969792 -152567808 -25165824 102498304 229900288 357302272 484966400 612368384 
712507392 840433664 968097792 1095761920 1223688192 1351352320 1479278592 -1842610176 -1714946048 -1587281920 -1459355648 -1331691520 -1203765248 -1076101120 -948436992 -820510720 -692846592 -565182464 -437256192 -309592064 -181665792 -54001664 73662464 201588736 329252864 457179136 584843264 
684720128 812646400 940834816 1068761088 1196949504 1324875776 1452802048 1580990464 -1747976192 -1619787776 -1491861504 -1363673088 -1235746816 -1107820544 -979632128 -851705856 -723517440 -595591168 -467664896 -339476480 -211550208 -83361792 44564480 172490752 300679168 428605440 556793856 
656408576 784596992 913047552 1041235968 1169424384 1297874944 1426063360 1554513920 1682702336 -1653080064 -1524629504 -1396441088 -1267990528 -1139802112 -1011613696 -883163136 -754974720 -626524160 -498335744 -370147328 -241696768 -113508352 14942208 143130624 271581184 399769600 527958016 
627310592 756023296 884473856 1013186560 1141637120 1270349824 1398800384 1527250944 1655963648 1784414208 -1558183936 -1429471232 -1301020672 -1172570112 -1043857408 -915406848 -786694144 -658243584 -529530880 -401080320 -272629760 -143917056 -15466496 113246208 241696768 370409472 498860032 
597950464 726925312 855638016 984350720 1113325568 1242038272 1371013120 1499725824 1628700672 1757413376 1886388224 -1463287808 -1334575104 -1205600256 -1076887552 -947912704 -819200000 -690225152 -561512448 -432537600 -303824896 -175112192 -46137344 82575360 211550208 340262912 469237760 
568066048 697040896 826277888 955252736 1084489728 1213464576 1342701568 1471676416 1600651264 1729888256 1858863104 1988100096 -1368391680 -1239416832 -1110179840 -981204992 -851968000 -722993152 -593756160 -464781312 -335544320 -206569472 -77594624 51642368 180617216 309854208 438829056 
537395200 666894336 796131328 925630464 1054867456 1184366592 1313603584 1443102720 1572339712 1701838848 1831075840 1960574976 2089811968 -1273495552 -1144258560 -1014759424 -885522432 -756023296 -626786304 -497287168 -368050176 -238813184 -109314048 19922944 149422080 278659072 408158208 
506462208 635961344 765722624 895221760 1024983040 1154482176 1284243456 1413742592 1543503872 1673003008 1802764288 1932263424 2062024704 -2103443456 -1178599424 -1049100288 -919339008 -789839872 -660340736 -530579456 -401080320 -271319040 -141819904 -12058624 117440512 247201792 376700928 
474742784 604766208 734527488 864550912 994312192 1124335616 1254096896 1384120320 1514143744 1643905024 1773928448 1903689728 2033713152 -2131492864 -2001469440 -1083965440 -953942016 -824180736 -694157312 -564396032 -434372608 -304611328 -174587904 -44826624 85196800 214958080 344981504 
442761216 572784640 703070208 833355776 963379200 1093664768 1223688192 1353973760 1483997184 1614282752 1744306176 1874591744 2004615168 2134900736 -2030043136 -1899757568 -989069312 -858783744 -728760320 -598474752 -468451328 -338165760 -208142336 -77856768 52166656 182452224 312475648 
409993216 540540928 671088640 801374208 931921920 1062207488 1192755200 1323040768 1453588480 1583874048 1714421760 1844707328 1975255040 2105540608 -2058878976 -1928593408 -1798045696 -894173184 -763625472 -633339904 -502792192 -372506624 -241958912 -111673344 18874368 149159936 279707648 
376963072 507510784 638320640 769130496 899678208 1030488064 1161035776 1291845632 1422393344 1553203200 1683750912 1814560768 1945108480 2075918336 -2088239104 -1957691392 -1826881536 -1696333824 -799277056 -668729344 -537919488 -407109632 -276561920 -145752064 -15204352 115605504 246153216 
343146496 474218496 605028352 736100352 867172352 997982208 1129054208 1259864064 1390936064 1521745920 1652817920 1783889920 1914699776 2045771776 -2118385664 -1987313664 -1856503808 -1725431808 -1594621952 -704380928 -573571072 -442499072 -311689216 -180617216 -49545216 81264640 212336640 
309067776 440139776 571473920 702545920 833880064 965214208 1096286208 1227620352 1358692352 1490026496 1621098496 1752432640 1883766784 2014838784 2146172928 -2017722368 -1886388224 -1755054080 -1623982080 -1492647936 -609484800 -478412800 -347078656 -216006656 -84672512 46661632 177733632 
274202624 405798912 537133056 668729344 800063488 931659776 1063256064 1194590208 1326186496 1457520640 1589116928 1720713216 1852047360 1983643648 2114977792 -2048393216 -1916796928 -1785462784 -1653866496 -1522532352 -1390936064 -514850816 -383254528 -251658240 -120324096 11272192 142606336 
238813184 370671616 502530048 634126336 765984768 897581056 1029439488 1161297920 1292894208 1424752640 1556348928 1688207360 1820065792 1951662080 2083520512 -2079588352 -1947992064 -1816133632 -1684537344 -1552678912 -1420820480 -1289224192 -419954688 -288096256 -156237824 -24641536 107216896 
203161600 335020032 467140608 599261184 731119616 863240192 995098624 1127219200 1259339776 1391198208 1523318784 1655439360 1787297792 1919418368 2051276800 -2111569920 -1979449344 -1847590912 -1715470336 -1583349760 -1451491328 -1319370752 -1187512320 -325058560 -192937984 -61079552 71041024 
166723584 299106304 431226880 563609600 695730176 828112896 960495616 1092616192 1224998912 1357381632 1489502208 1621884928 1754267648 1886388224 2018770944 -2143813632 -2011693056 -1879310336 -1747189760 -1614807040 -1482424320 -1350303744 -1217921024 -1085538304 -230162432 -97779712 34340864 
129761280 262406144 394788864 527433728 660078592 792461312 925106176 1057751040 1190133760 1322778624 1455423488 1587806208 1720451072 1853095936 1985478656 2118123520 -2044198912 -1911816192 -1779171328 -1646526464 -1514143744 -1381498880 -1248854016 -1116471296 -983826432 -135266304 -2621440 
92274688 225181696 358088704 490733568 623640576 756547584 889192448 1022099456 1155006464 1287651328 1420558336 1553465344 1686110208 1819017216 1951924224 2084569088 -2077491200 -1944584192 -1811939328 -1679032320 -1546125312 -1413480448 -1280573440 -1147666432 -1015021568 -882114560 -40370176 
RESULT of [PG]t * G of Matrix with size 27 X 27


0 262144 524288 786432 1048576 1310720 1572864 1835008 2097152 2359296 2621440 2883584 3145728 3407872 3670016 3932160 4194304 4456448 4718592 4980736 5242880 5505024 5767168 6029312 6291456 6553600 6815744 
6815744 0 262144 524288 786432 1048576 1310720 1572864 1835008 2097152 2359296 2621440 2883584 3145728 3407872 3670016 3932160 4194304 4456448 4718592 4980736 5242880 5505024 5767168 6029312 6291456 6553600 
6553600 6815744 0 262144 524288 786432 1048576 1310720 1572864 1835008 2097152 2359296 2621440 2883584 3145728 3407872 3670016 3932160 4194304 4456448 4718592 4980736 5242880 5505024 5767168 6029312 6291456 
6291456 6553600 6815744 0 262144 524288 786432 1048576 1310720 1572864 1835008 2097152 2359296 2621440 2883584 3145728 3407872 3670016 3932160 4194304 4456448 4718592 4980736 5242880 5505024 5767168 6029312 
6029312 6291456 6553600 6815744 0 262144 524288 786432 1048576 1310720 1572864 1835008 2097152 2359296 2621440 2883584 3145728 3407872 3670016 3932160 4194304 4456448 4718592 4980736 5242880 5505024 5767168 
5767168 6029312 6291456 6553600 6815744 0 262144 524288 786432 1048576 1310720 1572864 1835008 2097152 2359296 2621440 2883584 3145728 3407872 3670016 3932160 4194304 4456448 4718592 4980736 5242880 5505024 
5505024 5767168 6029312 6291456 6553600 6815744 0 262144 524288 786432 1048576 1310720 1572864 1835008 2097152 2359296 2621440 2883584 3145728 3407872 3670016 3932160 4194304 4456448 4718592 4980736 5242880 
5242880 5505024 5767168 6029312 6291456 6553600 6815744 0 262144 524288 786432 1048576 1310720 1572864 1835008 2097152 2359296 2621440 2883584 3145728 3407872 3670016 3932160 4194304 4456448 4718592 4980736 
4980736 5242880 5505024 5767168 6029312 6291456 6553600 6815744 0 262144 524288 786432 1048576 1310720 1572864 1835008 2097152 2359296 2621440 2883584 3145728 3407872 3670016 3932160 4194304 4456448 4718592 
4718592 4980736 5242880 5505024 5767168 6029312 6291456 6553600 6815744 0 262144 524288 786432 1048576 1310720 1572864 1835008 2097152 2359296 2621440 2883584 3145728 3407872 3670016 3932160 4194304 4456448 
4456448 4718592 4980736 5242880 5505024 5767168 6029312 6291456 6553600 6815744 0 262144 524288 786432 1048576 1310720 1572864 1835008 2097152 2359296 2621440 2883584 3145728 3407872 3670016 3932160 4194304 
4194304 4456448 4718592 4980736 5242880 5505024 5767168 6029312 6291456 6553600 6815744 0 262144 524288 786432 1048576 1310720 1572864 1835008 2097152 2359296 2621440 2883584 3145728 3407872 3670016 3932160 
3932160 4194304 4456448 4718592 4980736 5242880 5505024 5767168 6029312 6291456 6553600 7077888 0 262144 524288 786432 1048576 1310720 1572864 1835008 2097152 2359296 2621440 2883584 3145728 3407872 3670016 
3670016 3932160 4194304 4456448 4718592 4980736 5242880 5767168 6029312 6291456 6553600 6815744 7077888 0 262144 524288 786432 1048576 1310720 1572864 1835008 2097152 2359296 2621440 2883584 3145728 3407872 
3407872 3670016 3932160 4194304 4456448 4980736 5242880 5505024 5767168 6029312 6291456 6553600 6815744 7077888 0 262144 524288 786432 1048576 1310720 1572864 1835008 2097152 2359296 2621440 2883584 3145728 
3145728 3407872 3670016 4194304 4456448 4718592 4980736 5242880 5505024 5767168 6029312 6291456 6553600 6815744 7077888 0 262144 524288 786432 1048576 1310720 1572864 1835008 2097152 2359296 2621440 2883584 
2883584 3145728 3670016 3932160 4194304 4456448 4718592 4980736 5242880 5505024 5767168 6029312 6291456 6553600 6815744 7077888 0 262144 524288 786432 1048576 1310720 1572864 1835008 2097152 2359296 2621440 
2621440 2883584 3407872 3670016 3932160 4194304 4456448 4718592 4980736 5242880 5505024 5767168 6029312 6291456 6553600 6815744 7077888 0 262144 524288 786432 1048576 1310720 1572864 1835008 2097152 2359296 
2359296 2621440 3145728 3407872 3670016 3932160 4194304 4456448 4718592 4980736 5242880 5505024 5767168 6029312 6291456 6553600 6815744 7077888 0 262144 524288 786432 1048576 1310720 1572864 1835008 2097152 
2097152 2359296 2883584 3145728 3407872 3670016 3932160 4194304 4456448 4718592 4980736 5242880 5505024 5767168 6029312 6291456 6553600 6815744 7077888 0 262144 524288 786432 1048576 1310720 1572864 1835008 
1835008 2097152 2621440 2883584 3145728 3407872 3670016 3932160 4194304 4456448 4718592 4980736 5242880 5505024 5767168 6029312 6291456 6553600 6815744 7077888 0 262144 524288 786432 1048576 1310720 1572864 
1572864 1835008 2359296 2621440 2883584 3145728 3407872 3670016 3932160 4194304 4456448 4718592 4980736 5242880 5505024 5767168 6029312 6291456 6553600 6815744 7077888 0 262144 524288 786432 1048576 1310720 
1310720 1572864 1835008 2359296 2621440 2883584 3145728 3407872 3670016 3932160 4194304 4456448 4718592 4980736 5242880 5505024 5767168 6029312 6291456 6553600 6815744 7077888 0 262144 524288 786432 1048576 
1048576 1310720 1572864 2097152 2359296 2621440 2883584 3145728 3407872 3670016 3932160 4194304 4456448 4718592 4980736 5242880 5505024 5767168 6029312 6291456 6553600 6815744 7077888 0 262144 524288 786432 
786432 1048576 1310720 1572864 2097152 2359296 2621440 2883584 3145728 3407872 3670016 3932160 4194304 4456448 4718592 4980736 5242880 5505024 5767168 6029312 6291456 6553600 6815744 7077888 0 262144 524288 
524288 786432 1048576 1310720 1835008 2097152 2359296 2621440 2883584 3145728 3407872 3670016 3932160 4194304 4456448 4718592 4980736 5242880 5505024 5767168 6029312 6291456 6553600 6815744 7077888 0 262144 
262144 524288 786432 1048576 1310720 1835008 2097152 2359296 2621440 2883584 3145728 3407872 3670016 3932160 4194304 4456448 4718592 4980736 5242880 5505024 5767168 6029312 6291456 6553600 6815744 7340032 0 
RESULT of Pt * Gt of Matrix with size 27 X 27


69468160 202113024 335020032 467927040 600571904 733478912 866385920 999030784 1131937792 1264844800 1397489664 1530396672 1663303680 1795948544 1928855552 2061762560 -2100559872 -1967652864 -1834745856 -1702100992 -1569193984 -1436286976 -1303642112 -1170735104 -1037828096 -905183232 -772276224 
77856768 171180032 497811456 824705024 1151598592 1478230016 1805123584 2132017152 -1836318720 -1509425152 -1182793728 -855900160 -529006592 -202375168 124518400 451411968 778043392 1104936960 1431830528 1758461952 2085355520 -1882980352 -1556086784 -1229193216 -902561792 -575668224 -248774656 
407371776 927989760 272891904 793772032 1314390016 1835270144 -1939079168 -1418199040 -897318912 -376700928 144179200 664797184 1185677312 1706557440 -2067791872 -1546911744 -1026293760 -505413632 15466496 536084480 1056964608 1577582592 2098462720 -1675886592 -1155006464 -634126336 -113508352 
348651520 1063518208 1778384896 374603776 1089470464 1804075008 -1776025600 -1061421056 -346554368 368312320 1082916864 1797783552 -1782579200 -1067712512 -353107968 361758720 1076363264 1791229952 -1788870656 -1074266112 -359399424 355205120 1070071808 1784676352 -1795424256 -1080819712 -365953024 
-97779712 811073536 1719664640 -1666449408 476577792 1385168896 -2000945152 -1092354048 -183500800 725090304 1633943552 -1752432640 -843579392 65011712 973864960 1882456064 -1503657984 -595066880 313786368 1222377472 2131230720 -1255145472 -346292224 562298880 1471152128 -1915224064 -1006370816 
-932184064 170655744 1273233408 -1918894080 -816316416 578289664 1680867328 -1511260160 -408682496 694157312 1796734976 -1395392512 -292814848 810024960 1912602624 -1279787008 -176947200 925630464 2028470272 -1163919360 -61079552 1041498112 2144337920 -1048051712 54788096 1157365760 -2034761728 
2140405760 -857997312 438829056 1735393280 -1262747648 33816576 680001536 1976565760 -1021575168 274989056 1571815424 -1426587648 -129761280 1166802944 -1831600128 -534773760 761790464 2058616832 -939786240 357040128 1653604352 -1344798720 -47972352 1248591872 -1749549056 -452984832 843841536 
530055168 2020605952 -783548416 707002368 -2097152000 -606601216 883949568 781713408 -2022440960 -531890176 958660608 -1845493760 -354942976 1135869952 -1668546560 -177995776 1312817152 -1491599360 -786432 1489764352 -1314652160 176160768 1666711552 -1137704960 353107968 1843658752 -960495616 
-1468268544 216268800 1901068288 -709361664 975175680 -1634992128 49545216 1734344704 883425280 -1726742528 -42205184 1642594304 -967835648 716701696 -1893466112 -208928768 1475608576 -1134559232 549978112 -2060451840 -375652352 1308884992 -1301544960 383254528 2067791872 -542638080 1142161408 
440401920 -1975779328 -97255424 1781268480 -635174912 1243611136 -1172832256 705691648 -1710489600 985399296 -1431044096 447479808 -1968701440 -90177536 1788346368 -627834880 1250689024 -1165754368 712769536 -1703411712 175112192 2053636096 -362545152 1515978752 -900464640 978321408 -1438121984 
1961361408 -261095424 1811415040 -411041792 1661730816 -560726016 1511784448 -710672384 1362100224 -860356608 1087111168 -1135345664 937164800 -1285029888 787480576 -1434976256 637796352 -1584660480 487849984 -1734606848 338165760 -1884291072 188219392 -2034237440 38535168 2111045632 -111411200 
-1200881664 1065615360 -962854912 1303904256 -724566016 1541931008 -486539264 1779957760 -248250368 2018246656 -10223616 1188823040 -839647232 1427111936 -601358336 1665138688 -363331584 1903427584 -125042688 2141454336 112984064 -1915486208 351272960 -1677197312 589299712 -1439170560 827588608 
-456130560 2004353024 170131456 -1664352256 796131328 -1038352384 1422131200 -412090368 2048393216 213909504 -1620574208 839909376 1290534912 -543686656 1916796928 82313216 -1752170496 708313088 -1125908480 1334575104 -499908608 1960574976 126091264 -1708392448 752353280 -1082130432 1378353152 
-99090432 -1739587584 914882560 -725614592 1928855552 288358400 -1351876608 1302593536 -337903616 -1978400768 676069376 -964427776 1690042368 1392508928 -247988224 -1888485376 765984768 -874512384 1779957760 139722752 -1500774400 1153695744 -486801408 -2127298560 527171584 -1113325568 1541406720 
-130285568 -1576796160 1271660544 -174587904 -1621098496 1227358208 -219152384 -1665662976 1182793728 -263716864 -1710227456 1138229248 -308019200 -1754529792 1494220800 47710208 -1398800384 1449656320 3145728 -1443364864 1405353984 -41156608 -1487667200 1360789504 -85721088 -1532231680 1316225024 
-549191680 -1801715712 1240727552 -11796480 -1264320512 1778122752 525598720 -726925312 -1979449344 1063256064 -189267968 -1441792000 1600651264 348127232 -904396800 1595932672 343408640 -909115392 2133327872 880803840 -371720192 -1623982080 1418461184 165937152 -1086586880 1955856384 703332352 
-1356070912 1880358912 821821440 -236716032 -1295253504 1941176320 882638848 -175898624 -1234436096 2001993728 943456256 -115081216 -1173618688 2062811136 1004273664 -54263808 1697644544 639107072 -419430400 -1477967872 1758461952 700186624 -358350848 -1416888320 1819541504 761004032 -297533440 
1743781888 879230976 14680064 -849870848 -1714421760 1715994624 851443712 -13107200 -877658112 -1742209024 1688207360 823656448 -40894464 -905445376 -1769996288 1660420096 795869184 1799618560 935067648 70516736 -794034176 -1658585088 1771831296 907280384 42729472 -822083584 -1686634496 
160956416 -509607936 -1180172288 -1850736640 1773666304 1103101952 432537600 -238026752 -908591104 -1579155456 2045247488 1374683136 704118784 33554432 -637009920 -1307574272 -1978400768 1646002176 1901330432 1230766080 560201728 -110362624 -780926976 -1451491328 -2122055680 1502085120 831520768 
-1809842176 2008547328 1531969536 1055391744 578813952 102236160 -374341632 -850919424 -1327497216 -1804337152 2014052352 1537474560 1060896768 584318976 107741184 -368836608 -845414400 -1321992192 -1798569984 2003042304 1526464512 1049886720 573308928 96731136 -379846656 -856424448 -1333264384 
126353408 -156237824 -438829056 -721420288 -1004011520 -1286602752 -1569193984 -1852047360 -2134638592 1877737472 1595146240 1312555008 1029963776 747372544 464519168 181927936 -100663296 -383254528 -665845760 -948436992 2104754176 1822162944 1539571712 1256980480 974389248 691798016 409206784 
1674838016 1585971200 1497366528 1408761856 1320157184 1231552512 1142685696 1054081024 965476352 876871680 788267008 699662336 610795520 522190848 433586176 344981504 256376832 167510016 78905344 -9699328 -98304000 -2088239104 2117861376 2029256704 1940652032 1852047360 1763442688 
-1459879936 -1354498048 -1249378304 -1143996416 -1038614528 -933232640 -828112896 -722731008 -617349120 -511967232 -406585344 -301465600 -196083712 -90701824 14680064 119799808 225181696 330563584 435945472 541327360 646447104 751828992 -1986527232 -1881145344 -1776025600 -1670643712 -1565261824 
-687603712 -388235264 -88866816 210239488 509607936 808976384 1108082688 1407451136 1706819584 2006188032 -1989672960 -1690304512 -1390936064 -1091567616 -792461312 -493092864 -193724416 105644032 404750336 704118784 1003487232 1302855680 1601961984 -1884815360 -1585446912 -1286078464 -986972160 
-303300608 190054400 683409408 1176502272 1669857280 -2131755008 -1638400000 -1145307136 -651952128 -158597120 334495744 827850752 1321205760 1814560768 -1987313664 -1493958656 -1000603648 -507510784 -14155776 479199232 972292096 1465647104 1959002112 -1842610176 -1783103488 -1289748480 -796393472 
-306708480 380633088 1067712512 1755054080 -1852833792 -1165492224 -478150656 208928768 896270336 1583611904 -2024275968 -1336934400 -649592832 37486592 724828160 1412169728 2099249152 -1508376576 -821035008 -133955584 553385984 1240727552 1927806976 -1679818752 -992477184 -1681129472 -994050048 
-698351616 182976512 1064304640 1945370624 -1468268544 -587202560 294125568 1175453696 2056519680 -1357119488 -475791360 405274624 1286602752 -2127298560 -1245970432 -364642304 516423680 1397751808 -2015887360 -1134821376 -253493248 627572736 1508900864 -1904738304 -1023672320 -142344192 -1579417600 
RESULT of [PG]t * Gt of Matrix with size 27 X 27


