0 0 0 0 0 0 0 0 0 0 0 0 0 0 0 0 0 0 0 0 0 0 0 0 0 0 0 0 0 0 0 0 
0 0 0 0 0 0 0 0 0 0 0 0 0 0 0 0 0 0 0 0 0 0 0 0 0 0 0 0 0 0 0 0 
0 0 0 0 0 0 0 0 0 0 0 0 0 0 0 0 0 0 0 0 0 0 0 0 0 0 0 0 0 0 0 0 
0 0 0 0 0 0 0 0 0 0 0 0 0 0 0 0 0 0 0 0 0 0 0 0 0 0 0 0 0 0 0 0 
0 0 0 0 0 0 0 0 0 0 0 0 0 0 0 0 0 0 0 0 0 0 0 0 0 0 0 0 0 0 0 0 
0 0 0 0 0 0 0 0 0 0 0 0 0 0 0 0 0 0 0 0 0 0 0 0 0 0 0 0 0 0 0 0 
0 0 0 0 0 0 0 0 0 0 0 0 0 0 0 0 0 0 0 0 0 0 0 0 0 0 0 0 0 0 0 0 
0 0 0 0 0 0 0 0 0 0 0 0 0 0 0 0 0 0 0 0 0 0 0 0 0 0 0 0 0 0 0 0 
0 0 0 0 0 0 0 0 0 0 0 0 0 0 0 0 0 0 0 0 0 0 0 0 0 0 0 0 0 0 0 0 
0 0 0 0 0 0 0 0 0 0 0 0 0 0 0 0 0 0 0 0 0 0 0 0 0 0 0 0 0 0 0 0 
0 0 0 0 0 0 0 0 0 0 0 0 0 0 0 0 0 0 0 0 0 0 0 0 0 0 0 0 0 0 0 0 
0 0 0 0 0 0 0 0 0 0 0 0 0 0 0 0 0 0 0 0 0 0 0 0 0 0 0 0 0 0 0 0 
0 0 0 0 0 0 0 0 0 0 0 0 0 0 0 0 0 0 0 0 0 0 0 0 0 0 0 0 0 0 0 0 
0 0 0 0 0 0 0 0 0 0 0 0 0 0 0 0 0 0 0 0 0 0 0 0 0 0 0 0 0 0 0 0 
0 0 0 0 0 0 0 0 0 0 0 0 0 0 0 0 0 0 0 0 0 0 0 0 0 0 0 0 0 0 0 0 
0 0 0 0 0 0 0 0 0 0 0 0 0 0 0 0 0 0 0 0 0 0 0 0 0 0 0 0 0 0 0 0 
0 0 0 0 0 0 0 0 0 0 0 0 0 0 0 0 0 0 0 0 0 0 0 0 0 0 0 0 0 0 0 0 
0 0 0 0 0 0 0 0 0 0 0 0 0 0 0 0 0 0 0 0 0 0 0 0 0 0 0 0 0 0 0 0 
0 0 0 0 0 0 0 0 0 0 0 0 0 0 0 0 0 0 0 0 0 0 0 0 0 0 0 0 0 0 0 0 
0 0 0 0 0 0 0 0 0 0 0 0 0 0 0 0 0 0 0 0 0 0 0 0 0 0 0 0 0 0 0 0 
0 0 0 0 0 0 0 0 0 0 0 0 0 0 0 0 0 0 0 0 0 0 0 0 0 0 0 0 0 0 0 0 
0 0 0 0 0 0 0 0 0 0 0 0 0 0 0 0 0 0 0 0 0 0 0 0 0 0 0 0 0 0 0 0 
0 0 0 0 0 0 0 0 0 0 0 0 0 0 0 0 0 0 0 0 0 0 0 0 0 0 0 0 0 0 0 0 
0 0 0 0 0 0 0 0 0 0 0 0 0 0 0 0 0 0 0 0 0 0 0 0 0 0 0 0 0 0 0 0 
0 0 0 0 0 0 0 0 0 0 0 0 0 0 0 0 0 0 0 0 0 0 0 0 0 0 0 0 0 0 0 0 
0 0 0 0 0 0 0 0 0 0 0 0 0 0 0 0 0 0 0 0 0 0 0 0 0 0 0 0 0 0 0 0 
0 0 0 0 0 0 0 0 0 0 0 0 0 0 0 0 0 0 0 0 0 0 0 0 0 0 0 0 0 0 0 0 
0 0 0 0 0 0 0 0 0 0 0 0 0 0 0 0 0 0 0 0 0 0 0 0 0 0 0 0 0 0 0 0 
0 0 0 0 0 0 0 0 0 0 0 0 0 0 0 0 0 0 0 0 0 0 0 0 0 0 0 0 0 0 0 0 
0 0 0 0 0 0 0 0 0 0 0 0 0 0 0 0 0 0 0 0 0 0 0 0 0 0 0 0 0 0 0 0 
0 0 0 0 0 0 0 0 0 0 0 0 0 0 0 0 0 0 0 0 0 0 0 0 0 0 0 0 0 0 0 0 
0 0 0 0 0 0 0 0 0 0 0 0 0 0 0 0 0 0 0 0 0 0 0 0 0 0 0 0 0 0 0 0 
INITIAL DATA of Matrix with size 32 X 32


262144 262144 262144 262144 262144 262144 262144 262144 262144 262144 262144 262144 262144 262144 262144 262144 262144 262144 262144 262144 262144 262144 262144 262144 262144 262144 262144 262144 262144 262144 262144 262144 
786432 786432 786432 786432 786432 786432 786432 786432 786432 786432 786432 786432 786432 786432 786432 786432 786432 786432 786432 786432 786432 786432 786432 786432 786432 786432 786432 786432 786432 786432 786432 786432 
1310720 1310720 1310720 1310720 1310720 1310720 1310720 1310720 1310720 1310720 1310720 1310720 1310720 1310720 1310720 1310720 1310720 1310720 1310720 1310720 1310720 1310720 1310720 1310720 1310720 1310720 1310720 1310720 1310720 1310720 1310720 1310720 
1835008 1835008 1835008 1835008 1835008 1835008 1835008 1835008 1835008 1835008 1835008 1835008 1835008 1835008 1835008 1835008 1835008 1835008 1835008 1835008 1835008 1835008 1835008 1835008 1835008 1835008 1835008 1835008 1835008 1835008 1835008 1835008 
2359296 2359296 2359296 2359296 2359296 2359296 2359296 2359296 2359296 2359296 2359296 2359296 2359296 2359296 2359296 2359296 2359296 2359296 2359296 2359296 2359296 2359296 2359296 2359296 2359296 2359296 2359296 2359296 2359296 2359296 2359296 2359296 
2883584 2883584 2883584 2883584 2883584 2883584 2883584 2883584 2883584 2883584 2883584 2883584 2883584 2883584 2883584 2883584 2883584 2883584 2883584 2883584 2883584 2883584 2883584 2883584 2883584 2883584 2883584 2883584 2883584 2883584 2883584 2883584 
3407872 3407872 3407872 3407872 3407872 3407872 3145728 3407872 3407872 3407872 3407872 3407872 3407872 3407872 3407872 3407872 3407872 3407872 3407872 3407872 3407872 3407872 3407872 3407872 3407872 3407872 3407872 3407872 3407872 3407872 3407872 3407872 
3932160 3932160 3932160 3932160 3932160 3932160 3932160 3670016 3670016 3670016 3932160 3932160 3932160 3932160 3932160 3932160 3932160 3932160 3932160 3932160 3932160 3932160 3932160 3932160 3932160 3932160 3932160 3932160 3932160 3932160 3932160 3932160 
4456448 4456448 4456448 4456448 4456448 4456448 4456448 4456448 4194304 4194304 4194304 4194304 4194304 4456448 4456448 4456448 4456448 4456448 4456448 4456448 4456448 4456448 4456448 4456448 4456448 4456448 4456448 4456448 4456448 4456448 4456448 4456448 
4980736 4980736 4980736 4980736 4980736 4980736 4980736 4980736 4980736 4718592 4718592 4718592 4718592 4718592 4718592 4980736 4980736 4980736 4980736 4980736 4980736 4980736 4980736 4980736 4980736 4980736 4980736 4980736 4980736 4980736 4980736 4980736 
5505024 5505024 5505024 5505024 5505024 5505024 5505024 5505024 5505024 5767168 5242880 5242880 5242880 5242880 5242880 5242880 5242880 5505024 5505024 5505024 5505024 5505024 5505024 5505024 5505024 5505024 5505024 5505024 5505024 5505024 5505024 5505024 
6029312 6029312 6029312 6029312 6029312 6029312 6029312 6029312 6029312 6291456 6291456 5767168 5767168 5767168 5767168 5767168 5767168 5767168 6029312 6029312 6029312 6029312 6029312 6029312 6029312 6029312 6029312 6029312 6029312 6029312 6029312 6029312 
6553600 6553600 6553600 6553600 6553600 6553600 6553600 6553600 6553600 6815744 6815744 6815744 6291456 6291456 6291456 6291456 6291456 6291456 6291456 6291456 6553600 6553600 6553600 6553600 6553600 6553600 6553600 6553600 6553600 6553600 6553600 6553600 
7077888 7077888 7077888 7077888 7077888 7077888 7077888 7077888 7077888 7340032 7340032 7340032 7340032 6815744 6815744 6815744 6815744 6815744 6815744 6815744 6815744 6815744 7077888 7077888 7077888 7077888 7077888 7077888 7077888 7077888 7077888 7077888 
7602176 7602176 7602176 7602176 7602176 7602176 7602176 7602176 7602176 7864320 7864320 7864320 7864320 7864320 7340032 7340032 7340032 7340032 7340032 7340032 7340032 7340032 7340032 7602176 7602176 7602176 7602176 7602176 7602176 7602176 7602176 7602176 
8126464 8126464 8126464 8126464 8126464 8126464 8126464 8126464 8126464 8388608 8388608 8388608 8388608 8388608 8388608 7864320 7864320 7864320 7864320 7864320 7864320 7864320 7864320 7864320 8126464 8126464 8126464 8126464 8126464 8126464 8126464 8126464 
8650752 8650752 8650752 8650752 8650752 8650752 8650752 8650752 8650752 8912896 8912896 8912896 8912896 8912896 8912896 8912896 8388608 8388608 8388608 8388608 8388608 8388608 8388608 8388608 8388608 8388608 8650752 8650752 8650752 8650752 8650752 8650752 
9175040 9175040 9175040 9175040 9175040 9175040 9175040 9175040 9175040 9175040 9437184 9437184 9437184 9437184 9437184 9437184 9437184 8912896 8912896 8912896 8912896 8912896 8912896 8912896 8912896 8912896 8912896 9175040 9175040 9175040 9175040 9175040 
9699328 9699328 9699328 9699328 9699328 9699328 9699328 9699328 9699328 9699328 9961472 9961472 9961472 9961472 9961472 9961472 9961472 9961472 9437184 9437184 9437184 9437184 9437184 9437184 9437184 9437184 9437184 9437184 9699328 9699328 9699328 9699328 
10223616 10223616 10223616 10223616 10223616 10223616 10223616 10223616 10223616 10223616 10223616 10485760 10485760 10485760 10485760 10485760 10485760 10485760 10485760 9961472 9961472 9961472 9961472 9961472 9961472 9961472 9961472 9961472 9961472 9961472 10223616 10223616 
10747904 10747904 10747904 10747904 10747904 10747904 10747904 10747904 10747904 10747904 10747904 11010048 11010048 11010048 11010048 11010048 11010048 11010048 11010048 11010048 10485760 10485760 10485760 10485760 10485760 10485760 10485760 10485760 10485760 10485760 10485760 10747904 
11272192 11272192 11272192 11272192 11272192 11272192 11272192 11272192 11272192 11272192 11272192 11272192 11534336 11534336 11534336 11534336 11534336 11534336 11534336 11534336 11534336 11010048 11010048 11010048 11010048 11010048 11010048 11010048 11010048 11010048 11010048 11010048 
11534336 11796480 11796480 11796480 11796480 11796480 11796480 11796480 11796480 11796480 11796480 11796480 11796480 12058624 12058624 12058624 12058624 12058624 12058624 12058624 12058624 12058624 11534336 11534336 11534336 11534336 11534336 11534336 11534336 11534336 11534336 11534336 
12058624 12058624 12058624 12320768 12320768 12320768 12320768 12320768 12320768 12320768 12320768 12320768 12320768 12582912 12582912 12582912 12582912 12582912 12582912 12582912 12582912 12582912 12582912 11796480 12058624 12058624 12058624 12058624 12058624 12058624 12058624 12058624 
12582912 12582912 12582912 12582912 12845056 12845056 12845056 12845056 12845056 12845056 12845056 12845056 12845056 12845056 13107200 13107200 13107200 13107200 13107200 13107200 13107200 13107200 13107200 13107200 12320768 12582912 12582912 12582912 12582912 12582912 12582912 12582912 
13107200 13107200 13107200 13107200 13107200 13369344 13369344 13369344 13369344 13369344 13369344 13369344 13369344 13369344 13369344 13631488 13631488 13631488 13631488 13631488 13631488 13631488 13631488 13631488 13631488 12845056 12845056 13107200 13107200 13107200 13107200 13107200 
13631488 13631488 13631488 13631488 13631488 13631488 13893632 13893632 13893632 13893632 13893632 13893632 13893632 13893632 13893632 13893632 14155776 14155776 14155776 14155776 14155776 14155776 14155776 14155776 14155776 14417920 13369344 13369344 13631488 13631488 13631488 13631488 
14155776 14155776 14155776 14155776 14155776 14155776 14155776 14417920 14417920 14417920 14417920 14417920 14417920 14417920 14417920 14417920 14680064 14680064 14680064 14680064 14680064 14680064 14680064 14680064 14680064 14680064 14942208 13893632 13893632 13893632 14155776 14155776 
14680064 14680064 14680064 14680064 14680064 14680064 14680064 14680064 14942208 14942208 14942208 14942208 14942208 14942208 14942208 14942208 14942208 15204352 15204352 15204352 15204352 15204352 15204352 15204352 15204352 15204352 15466496 15466496 14417920 14417920 14417920 14680064 
14942208 15204352 15204352 15204352 15204352 15204352 15204352 15204352 15204352 15466496 15466496 15466496 15466496 15466496 15466496 15466496 15466496 15466496 15728640 15728640 15728640 15728640 15728640 15728640 15728640 15728640 15728640 15990784 15990784 14942208 14942208 14942208 
15466496 15466496 15728640 15728640 15728640 15728640 15728640 15728640 15728640 15728640 15990784 15990784 15990784 15990784 15990784 15990784 15990784 15990784 15990784 16252928 16252928 16252928 16252928 16252928 16252928 16252928 16252928 16515072 16515072 16515072 15466496 15466496 
15990784 15990784 15990784 16252928 16252928 16252928 16252928 16252928 16252928 16252928 16252928 16252928 16515072 16515072 16515072 16515072 16515072 16515072 16515072 16515072 16777216 16777216 16777216 16777216 16777216 16777216 16777216 16777216 17039360 17039360 17039360 15990784 
RESULT of P * G of Matrix with size 32 X 32


1443102720 1454374912 1465909248 1477443584 1488715776 1500250112 1511784448 1523056640 1534590976 1546125312 1557397504 1568931840 1580466176 1591738368 1603272704 1614807040 1626341376 1637613568 1649147904 1660682240 1671954432 1683488768 1695023104 1706295296 1717829632 1729363968 1740636160 1752170496 1763704832 1774977024 1786511360 1798045696 
-2130444288 1288962048 1317011456 1345323008 1373634560 1401946112 1429995520 1458307072 1486618624 1514930176 1542979584 1571291136 1599602688 1627914240 1655963648 1684275200 1712586752 1740898304 1768947712 1797259264 1825570816 1853882368 1881931776 1910243328 1938554880 1966866432 1994915840 2023227392 2051538944 2079850496 2107899904 2136211456 
-1809055744 -1763966976 1134821376 1179648000 1224736768 1269825536 1314914304 1360003072 1405091840 1449918464 1495007232 1540096000 1585184768 1630273536 1675100160 1720188928 1765277696 1810366464 1855455232 1900281856 1945370624 1990459392 2035548160 2080636928 2125725696 -2124414976 -2079326208 -2034237440 -1989148672 -1944059904 -1899233280 -1854144512 
-1521221632 -1459355648 -1397489664 980680704 1042546688 1104150528 1166016512 1227882496 1289748480 1351614464 1413480448 1475346432 1537212416 1598816256 1660682240 1722548224 1784414208 1846280192 1908146176 1970012160 2031878144 2093481984 -2139619328 -2077753344 -2015887360 -1954021376 -1892155392 -1830289408 -1768423424 -1706819584 -1644953600 -1583087616 
-1266941952 -1188298752 -1109655552 -1031012352 826540032 905183232 983826432 1062469632 1141112832 1219493888 1298137088 1376780288 1455423488 1534066688 1612709888 1691353088 1769996288 1848639488 1927282688 2005925888 2084569088 -2131755008 -2053111808 -1974468608 -1895825408 -1817444352 -1738801152 -1660157952 -1581514752 -1502871552 -1424228352 -1345585152 
-1046216704 -950796288 -855375872 -759955456 -664535040 672399360 767819776 863240192 958660608 1054081024 1149501440 1244921856 1340342272 1435762688 1531183104 1626603520 1722023936 1817444352 1912864768 2008285184 2103705600 -2095841280 -2000420864 -1905000448 -1809580032 -1714159616 -1618739200 -1523318784 -1427898368 -1332477952 -1237057536 -1141637120 
-859045888 -746848256 -634650624 -522452992 -410255360 -298057728 518258688 630456320 742653952 854851584 967049216 1079246848 1191444480 1303642112 1415839744 1528037376 1640497152 1752694784 1864892416 1977090048 2089287680 -2093481984 -1981284352 -1869086720 -1756889088 -1644691456 -1532493824 -1420296192 -1308098560 -1195900928 -1083703296 -971505664 
-705691648 -576716800 -447741952 -318767104 -189530112 -60555264 68419584 364118016 493092864 622067712 751042560 880017408 1009254400 1138229248 1267204096 1396178944 1525153792 1654128640 1783103488 1912078336 2041315328 -2124677120 -1995702272 -1866727424 -1737752576 -1608777728 -1479802880 -1350828032 -1221591040 -1092616192 -963641344 -834666496 
-585629696 -439877632 -294125568 -148373504 -2621440 143130624 289144832 434896896 209977344 355729408 501481472 647495680 793247744 938999808 1084751872 1230503936 1376518144 1522270208 1668022272 1813774336 1959526400 2105278464 -2043674624 -1897922560 -1752170496 -1606418432 -1460666368 -1314652160 -1168900096 -1023148032 -877395968 -731643904 
-499384320 -336855040 -174325760 -11534336 150994944 313524224 476053504 638844928 801374208 55836672 218365952 381157376 543686656 706215936 868745216 1031536640 1194065920 1356595200 1519124480 1681915904 1844445184 2006974464 -2125463552 -1962672128 -1800142848 -1637613568 -1475084288 -1312292864 -1149763584 -987234304 -824705024 -661913600 
-446693376 -267386880 -87818240 91488256 270794752 450363392 629669888 808976384 988545024 1167851520 -98304000 81002496 260571136 439877632 619184128 798752768 978059264 1157365760 1336934400 1516240896 1695547392 1875116032 2054422528 -2061238272 -1881669632 -1702363136 -1523056640 -1343750144 -1164181504 -984875008 -805568512 -625999872 
-427556864 -231473152 -35127296 160956416 357302272 553385984 749469696 945815552 1141899264 1337982976 1534328832 -252444672 -56098816 139984896 336068608 532414464 728498176 924581888 1120927744 1317011456 1513357312 1709441024 1905524736 2101870592 -1997012992 -1800929280 -1604583424 -1408499712 -1212153856 -1016070144 -819986432 -623640576 
-441974784 -229113856 -15990784 196870144 409993216 622854144 835977216 1048838144 1261961216 1474822144 1687683072 1900806144 -406585344 -193462272 19398656 232521728 445382656 658243584 871366656 1084227584 1297350656 1510211584 1723334656 1936195584 -2145648640 -1932787712 -1719926784 -1506803712 -1293942784 -1080819712 -867958784 -654835712 
-489947136 -260308992 -30408704 199229440 429129728 658767872 888668160 1118306304 1348206592 1577844736 1807745024 2037383168 -2027683840 -560726016 -330825728 -101187584 128712704 358350848 588251136 817889280 1047789568 1277427712 1507328000 1736966144 1966866432 -2098462720 -1868562432 -1638924288 -1409024000 -1179385856 -949485568 -719847424 
-571473920 -325058560 -78381056 168034304 414711808 661127168 907804672 1154220032 1400897536 1647575040 1893990400 2140667904 -1907884032 -1661206528 -714866688 -468189184 -221511680 24903680 271581184 517996544 764674048 1011089408 1257766912 1504182272 1750859776 1997537280 -2051014656 -1804337152 -1557921792 -1311244288 -1064828928 -818151424 
-686817280 -423362560 -160169984 103284736 366739456 629932032 893386752 1156579328 1420034048 1683488768 1946681344 -2084831232 -1821376512 -1558183936 -1294729216 -869007360 -605552640 -342097920 -78905344 184549376 448004096 711196672 974651392 1237843968 1501298688 1764753408 2027945984 -2003566592 -1740111872 -1476919296 -1213464576 -950272000 
-835452928 -555483136 -275251200 4980736 284950528 565182464 845414400 1125384192 1405616128 1685848064 1965817856 -2048917504 -1768685568 -1488715776 -1208483840 -928251904 -1022885888 -742916096 -462684160 -182452224 97517568 377749504 657981440 937951232 1218183168 1498415104 1778384896 2058616832 -1956118528 -1676148736 -1395916800 -1115684864 
-1017905152 -720896000 -424148992 -127139840 169869312 466878464 763625472 1060634624 1357643776 1654652928 1951399936 -2046558208 -1749549056 -1452539904 -1155792896 -858783744 -561774592 -1177026560 -880279552 -583270400 -286261248 10747904 307494912 604504064 901513216 1198522368 1495269376 1792278528 2089287680 -1908670464 -1611923456 -1314914304 
-1233911808 -920125440 -606339072 -292814848 20971520 334757888 648544256 962330624 1276116992 1589641216 1903427584 -2077753344 -1763966976 -1450180608 -1136656384 -822870016 -509083648 -195297280 -1331167232 -1017643008 -703856640 -390070272 -76283904 237502464 551288832 864813056 1178599424 1492385792 1806172160 2119958528 -1861484544 -1547698176 
-1483472896 -1152909312 -822345728 -491782144 -161218560 169082880 499646464 830210048 1160773632 1491337216 1821900800 -2142502912 -1811939328 -1481637888 -1151074304 -820510720 -489947136 -159383552 171180032 -1485307904 -1154744320 -824442880 -493879296 -163315712 167247872 497811456 828375040 1158938624 1489502208 1819803648 -2144600064 -1814036480 
-1766588416 -1419247616 -1071906816 -724566016 -377225216 -29884416 317456384 664797184 1012137984 1359216640 1706557440 2053898240 -1893728256 -1546387456 -1199046656 -851705856 -504365056 -157024256 190316544 537657344 -1639448576 -1292107776 -944766976 -597426176 -250085376 96993280 444334080 791674880 1139015680 1486356480 1833697280 -2113929216 
-2083258368 -1719140352 -1355022336 -990904320 -626786304 -262668288 101449728 465567744 829685760 1193803776 1557921792 1922039808 -2008809472 -1644691456 -1280573440 -916455424 -552337408 -188219392 175898624 540016640 904134656 -1793589248 -1429471232 -1065353216 -701235200 -337117184 27000832 391118848 755236864 1119354880 1483472896 1847590912 
1861484544 -2052587520 -1671692288 -1290797056 -909901824 -529006592 -148111360 232783872 613679104 994574336 1375469568 1756364800 2137260032 -1776812032 -1395916800 -1015021568 -633864192 -252968960 127926272 508821504 889716736 1270611968 -1947729920 -1566834688 -1185939456 -805044224 -424148992 -43253760 337641472 718536704 1099431936 1480327168 
1477443584 1875116032 -2022178816 -1624506368 -1226571776 -828899328 -431226880 -33554432 364118016 761790464 1159462912 1557135360 1955069952 -1942224896 -1544552448 -1146880000 -749207552 -351535104 46137344 443809792 841744384 1239416832 1637089280 -2101870592 -1704198144 -1306525696 -908853248 -511180800 -113246208 284426240 682098688 1079771136 
1060110336 1474560000 1889009664 -1991507968 -1577058304 -1162608640 -747896832 -333447168 81002496 495452160 909901824 1324613632 1739063296 -2141454336 -1727004672 -1312555008 -897843200 -483393536 -68943872 345505792 759955456 1174405120 1589116928 2003566592 2038956032 -1841561600 -1427111936 -1012400128 -597950464 -183500800 230948864 645398528 
608960512 1040187392 1471414272 1902903296 -1960837120 -1529610240 -1098383360 -666894336 -235667456 195559424 626786304 1058275328 1489502208 1920729088 -1943011328 -1511522304 -1080295424 -649068544 -217841664 213647360 644874240 1076101120 1507328000 1938817024 -1924923392 1884815360 -1978925056 -1547436032 -1116209152 -684982272 -253755392 177733632 
124256256 572260352 1020526592 1468530688 1916534784 -1930166272 -1482162176 -1034158080 -585891840 -137887744 310116352 758120448 1206386688 1654390784 2102394880 -1744306176 -1296302080 -848297984 -400031744 47972352 495976448 944242688 1392246784 1840250880 -2006450176 -1558446080 1730674688 -2116288512 -1668022272 -1220018176 -772014080 -323747840 
-394002432 70778880 535822336 1000603648 1465647104 1930428416 -1899757568 -1434714112 -969932800 -505151488 -40108032 424673280 889716736 1354498048 1819279360 -2010644480 -1545863168 -1081081856 -616038400 -151257088 313786368 778567680 1243348992 1708392448 -2121793536 -1657012224 -1191968768 1576534016 2041577472 -1788608512 -1323827200 -858783744 
-945815552 -464257024 17563648 499122176 980942848 1462501376 1944322048 -1869086720 -1387266048 -905707520 -424148992 57671680 539230208 1021050880 1502609408 1984430080 -1828978688 -1347420160 -865599488 -384040960 97779712 579338240 1061158912 1542717440 2024538112 -1788870656 -1307312128 -825491456 1422393344 1904214016 -1909194752 -1427374080 
-1531183104 -1032847360 -534249472 -35913728 462684160 961019904 1459617792 1957953536 -1838415872 -1340080128 -841482240 -343146496 155451392 653787136 1152385024 1650720768 -2145648640 -1647312896 -1148715008 -650379264 -151781376 346554368 845152256 1343488000 1842085888 -1954545664 -1455947776 -957612032 -459014144 1268252672 1766850560 -2029780992 
2144862208 -1634992128 -1119617024 -604504064 -89128960 425984000 941359104 1456472064 1971847168 -1807745024 -1292632064 -777256960 -262144000 253231104 768344064 1283719168 1799094272 -1980760064 -1465384960 -950272000 -434896896 80216064 595591168 1110704128 1626079232 2141454336 -1638400000 -1123024896 -607911936 -92536832 1114112000 1629487104 
1492123648 2024275968 -1738801152 -1206648832 -674496512 -142606336 389545984 921436160 1453588480 1985740800 -1777336320 -1245184000 -713031680 -181141504 351010816 882900992 1415053312 1947205632 -1815871488 -1283719168 -751566848 -219676672 312475648 844365824 1376518144 1908670464 -1854406656 -1322254336 -790102016 -258211840 273940480 959971328 
RESULT of P G * G of Matrix with size 32 X 32


0 0 0 0 0 0 0 0 0 0 0 0 0 0 0 262144 262144 262144 262144 262144 262144 262144 262144 262144 262144 262144 262144 262144 262144 262144 262144 524288 
1310720 0 0 0 0 0 262144 262144 262144 262144 262144 524288 524288 524288 524288 524288 524288 786432 786432 786432 786432 786432 1048576 1048576 1048576 1048576 1048576 1310720 1310720 1310720 1310720 1310720 
2359296 2359296 0 0 0 262144 262144 262144 524288 524288 524288 786432 786432 786432 786432 1048576 1048576 1048576 1310720 1310720 1310720 1572864 1572864 1572864 1835008 1835008 1835008 2097152 2097152 2097152 2097152 2359296 
3145728 3407872 3407872 0 0 262144 262144 262144 524288 524288 786432 786432 1048576 1048576 1310720 1310720 1310720 1572864 1572864 1835008 1835008 2097152 2097152 2359296 2359296 2359296 2621440 2621440 2883584 2883584 3145728 3145728 
4194304 4194304 4456448 4456448 0 0 262144 262144 524288 786432 786432 1048576 1048576 1310720 1310720 1572864 1835008 1835008 2097152 2097152 2359296 2359296 2621440 2883584 2883584 3145728 3145728 3407872 3407872 3670016 3670016 3932160 
4718592 4980736 5242880 5505024 5505024 0 262144 262144 524288 786432 786432 1048576 1310720 1310720 1572864 1835008 1835008 2097152 2359296 2621440 2621440 2883584 3145728 3145728 3407872 3670016 3670016 3932160 4194304 4194304 4456448 4718592 
5505024 5767168 6029312 6291456 6291456 6553600 0 262144 524288 524288 786432 1048576 1310720 1572864 1572864 1835008 2097152 2359296 2621440 2883584 2883584 3145728 3407872 3670016 3932160 3932160 4194304 4456448 4718592 4980736 4980736 5242880 
6029312 6291456 6553600 6815744 7077888 7340032 7602176 0 262144 524288 786432 1048576 1310720 1572864 1835008 2097152 2097152 2359296 2621440 2883584 3145728 3407872 3670016 3932160 4194304 4456448 4718592 4980736 5242880 5505024 5767168 6029312 
6815744 7077888 7340032 7602176 7864320 8126464 8388608 8650752 0 262144 524288 786432 1048576 1310720 1572864 2097152 2359296 2621440 2883584 3145728 3407872 3670016 3932160 4194304 4456448 4718592 4980736 5242880 5505024 5767168 6029312 6553600 
7077888 7602176 7864320 8126464 8388608 8650752 9175040 9437184 9699328 0 262144 786432 1048576 1310720 1572864 1835008 2097152 2621440 2883584 3145728 3407872 3670016 4194304 4456448 4718592 4980736 5242880 5767168 6029312 6291456 6553600 6815744 
7602176 7864320 8388608 8650752 8912896 9437184 9699328 9961472 10485760 10747904 0 524288 786432 1048576 1310720 1835008 2097152 2359296 2883584 3145728 3407872 3932160 4194304 4456448 4980736 5242880 5505024 6029312 6291456 6553600 6815744 7340032 
7864320 8388608 8650752 9175040 9437184 9961472 10223616 10747904 11010048 11272192 11796480 0 524288 786432 1310720 1572864 1835008 2359296 2621440 3145728 3407872 3932160 4194304 4718592 4980736 5242880 5767168 6029312 6553600 6815744 7340032 7602176 
8388608 8650752 9175040 9437184 9961472 10223616 10747904 11272192 11534336 12058624 12320768 12845056 0 524288 786432 1310720 1835008 2097152 2621440 2883584 3407872 3670016 4194304 4718592 4980736 5505024 5767168 6291456 6553600 7077888 7340032 7864320 
8388608 8912896 9437184 9961472 10223616 10747904 11272192 11534336 12058624 12582912 12845056 13369344 13893632 0 524288 1048576 1310720 1835008 2359296 2883584 3145728 3670016 4194304 4456448 4980736 5505024 5767168 6291456 6815744 7077888 7602176 8126464 
8650752 9175040 9699328 10223616 10485760 11010048 11534336 12058624 12582912 12845056 13369344 13893632 14417920 14942208 0 524288 1048576 1572864 2097152 2621440 2883584 3407872 3932160 4456448 4980736 5242880 5767168 6291456 6815744 7340032 7602176 8126464 
8650752 9175040 9699328 10223616 10747904 11272192 11796480 12320768 12845056 13369344 13893632 14417920 14942208 15466496 15990784 262144 524288 1048576 1572864 2097152 2621440 3145728 3670016 4194304 4718592 5242880 5767168 6291456 6815744 7340032 7864320 8388608 
8912896 9437184 9961472 10485760 11010048 11534336 12058624 12582912 13107200 13631488 14155776 14680064 15204352 15728640 16515072 17039360 262144 786432 1310720 1835008 2359296 2883584 3407872 3932160 4456448 4980736 5505024 6029312 6553600 7077888 7602176 8388608 
8650752 9437184 9961472 10485760 11010048 11534336 12320768 12845056 13369344 13893632 14417920 15204352 15728640 16252928 16777216 17301504 18087936 262144 786432 1310720 1835008 2359296 3145728 3670016 4194304 4718592 5242880 6029312 6553600 7077888 7602176 8126464 
8650752 9175040 9961472 10485760 11010048 11796480 12320768 12845056 13631488 14155776 14680064 15466496 15990784 16515072 17301504 17825792 18350080 18874368 262144 786432 1310720 2097152 2621440 3145728 3932160 4456448 4980736 5767168 6291456 6815744 7340032 8126464 
8388608 9175040 9699328 10485760 11010048 11796480 12320768 13107200 13631488 14155776 14942208 15466496 16252928 16777216 17563648 18087936 18874368 19398656 19922944 262144 786432 1572864 2097152 2883584 3407872 3932160 4718592 5242880 6029312 6553600 7340032 7864320 
8388608 8912896 9699328 10223616 11010048 11534336 12320768 13107200 13631488 14417920 14942208 15728640 16252928 17039360 17825792 18350080 19136512 19660800 20447232 20971520 262144 786432 1572864 2359296 2883584 3670016 4194304 4980736 5505024 6291456 6815744 7602176 
7864320 8650752 9437184 10223616 10747904 11534336 12320768 12845056 13631488 14417920 14942208 15728640 16515072 17039360 17825792 18612224 19398656 19922944 20709376 21495808 22020096 262144 1048576 1572864 2359296 3145728 3670016 4456448 5242880 5767168 6553600 7340032 
7602176 8388608 9175040 9961472 10485760 11272192 12058624 12845056 13631488 14155776 14942208 15728640 16515072 17301504 18087936 18612224 19398656 20185088 20971520 21757952 22282240 23068672 262144 1048576 1835008 2359296 3145728 3932160 4718592 5505024 6029312 6815744 
7077888 7864320 8650752 9437184 10223616 11010048 11796480 12582912 13369344 14155776 14942208 15728640 16515072 17301504 18087936 18874368 19660800 20185088 20971520 21757952 22544384 23330816 24117248 262144 1048576 1835008 2621440 3407872 4194304 4980736 5767168 6553600 
6815744 7602176 8388608 9175040 9961472 10747904 11534336 12320768 13107200 13893632 14680064 15466496 16252928 17039360 18087936 18874368 19660800 20447232 21233664 22020096 22806528 23592960 24379392 25165824 262144 1048576 1835008 2621440 3407872 4194304 4980736 6029312 
6029312 7077888 7864320 8650752 9437184 10223616 11272192 12058624 12845056 13631488 14417920 15466496 16252928 17039360 17825792 18612224 19660800 20447232 21233664 22020096 22806528 23592960 24641536 25427968 26214400 262144 1048576 2097152 2883584 3670016 4456448 5242880 
5505024 6291456 7340032 8126464 8912896 9961472 10747904 11534336 12582912 13369344 14155776 15204352 15990784 16777216 17825792 18612224 19398656 20185088 21233664 22020096 22806528 23855104 24641536 25427968 26476544 27262976 262144 1310720 2097152 2883584 3670016 4718592 
4718592 5767168 6553600 7602176 8388608 9437184 10223616 11272192 12058624 12845056 13893632 14680064 15728640 16515072 17563648 18350080 19398656 20185088 20971520 22020096 22806528 23855104 24641536 25690112 26476544 27262976 28311552 262144 1310720 2097152 3145728 3932160 
4194304 4980736 6029312 6815744 7864320 8650752 9699328 10747904 11534336 12582912 13369344 14417920 15204352 16252928 17301504 18087936 19136512 19922944 20971520 21757952 22806528 23592960 24641536 25690112 26476544 27525120 28311552 29360128 262144 1310720 2097152 3145728 
3145728 4194304 5242880 6291456 7077888 8126464 9175040 9961472 11010048 12058624 12845056 13893632 14942208 15728640 16777216 17825792 18874368 19660800 20709376 21757952 22544384 23592960 24641536 25427968 26476544 27525120 28311552 29360128 30408704 262144 1310720 2359296 
2359296 3407872 4456448 5505024 6291456 7340032 8388608 9437184 10485760 11272192 12320768 13369344 14417920 15466496 16515072 17301504 18350080 19398656 20447232 21495808 22282240 23330816 24379392 25427968 26476544 27262976 28311552 29360128 30408704 31457280 262144 1310720 
1310720 2359296 3407872 4456448 5505024 6553600 7602176 8650752 9699328 10747904 11796480 12845056 13893632 14942208 15990784 17039360 18087936 18874368 19922944 20971520 22020096 23068672 24117248 25165824 26214400 27262976 28311552 29360128 30408704 31457280 32505856 524288 
RESULT of P * Gt of Matrix with size 32 X 32


190316544 470286336 749993984 1029963776 1309933568 1589641216 1869611008 -2145386496 -1865678848 -1585709056 -1305739264 -1026031616 -746061824 -466092032 -186384384 93585408 373555200 653524992 933232640 1213202432 1493172224 1772879872 2052849664 -1962147840 -1682440192 -1402470400 -1122500608 -842792960 -562823168 -282853376 -3145728 276824064 
122683392 556793856 1374158848 -2103705600 -1286340608 -468975616 348127232 1165492224 1982857216 -1495007232 -677642240 139722752 956825600 1774190592 -1703411712 -886046720 -68943872 748421120 1565786112 -1912078336 -1094713344 -277348352 539754496 1357119488 -2120482816 -1303379968 -486014976 331350016 1148452864 1965817856 -1511784448 -694419456 
-1385955328 -31457280 923271168 -2016935936 -662437888 692322304 2047082496 -893386752 461373440 1816133632 -1124335616 230424576 1585184768 -1355284480 -524288 1354235904 -1585971200 -231473152 1123287040 -1816920064 -462422016 892338176 -2047868928 -693370880 661389312 2016149504 -924319744 430440448 1785200640 -1155268608 199491584 1554251776 
325320704 -2077491200 -185597952 1289748480 -1113063424 778829824 -1623982080 268173312 -2134900736 -242745344 1649410048 -753664000 1138491392 -1264320512 627834880 -1775239168 116916224 2009071616 -394002432 1498152960 -904658944 987234304 -1415577600 476577792 -1926496256 -34340864 1857814528 -545259520 1346895872 -1055916032 836239360 -1566834688 
961806336 -903610368 1525940224 -339738624 1656225792 -209190912 -2074869760 354680832 -1510735872 918552576 -946864128 1482686464 -382992384 2046558208 181141504 -1684275200 745013248 -1120403456 1309147136 -556531712 1873018880 7602176 -1858076672 571473920 -1293942784 1135345664 -730071040 1699479552 -166199296 -2031616000 397934592 -1467482112 
523763712 -804519936 -2132541440 834404352 -493879296 2022703104 694681600 -633602048 -1961623552 1005322240 -322961408 -1650982912 1315962880 -12058624 -1340342272 1626603520 298582016 -1029701632 1937244160 609222656 -719060992 -2047082496 919863296 -408420352 -1736441856 1230503936 -97779712 -1425801216 1541144576 213123072 -1115160576 1851785216 
-989331456 -1779957760 1724121088 933494784 142868480 -648019968 -1905786880 1598554112 807665664 17039360 -773586944 -1564475392 1939865600 1149239296 358612992 -432275456 -1222901760 -2013528064 1490550784 699924480 -90701824 -881590272 -1672216576 1832124416 1041235968 250609664 -540016640 -1330905088 -2121531392 1382809600 592183296 -198705152 
717750272 464519168 211288064 -42205184 -295436288 -548667392 -802160640 -1539309568 -1792540672 -2046033920 1995702272 1742471168 1489240064 1235746816 982515712 729284608 475791360 222560256 -30670848 -284164096 -537395200 -790626304 -1044119552 -1297350656 -1550581760 -1804075008 -2057306112 1984430080 1731198976 1477705728 1224474624 971243520 
1350303744 1634205696 1918369792 -2092433408 -1808531456 -1524367360 -1240203264 -956301312 -1172832256 -888668160 -604766208 -320602112 -36438016 247726080 531628032 815792128 1099956224 1383858176 1668022272 1952186368 -2058878976 -1774714880 -1490550784 -1206648832 -922484736 -638320640 -354418688 -70254592 213909504 498073600 781975552 1066139648 
907804672 1729363968 -1744306176 -922746880 -101187584 720109568 1541668864 -1931739136 -1110441984 -806354944 15204352 836763648 1658060800 -1815347200 -993787904 -172490752 649068544 1470627840 -2003042304 -1181483008 -359923712 461373440 1282932736 2104492032 -1369178112 -547618816 273940480 1095499776 1916796928 -1556611072 -735051776 86245376 
-609484800 749469696 2108424192 -827850752 531103744 1890058240 -1046216704 312737792 1671692288 -1264582656 -439877632 919076864 -2016935936 -658243584 700710912 2059665408 -876609536 482344960 1841299456 -1094975488 263979008 1622933504 -1313341440 45613056 1404567552 -1531707392 -172752896 1186201600 -1749811200 -391118848 967835648 -1968177152 
1093664768 -1305214976 591134720 -1807482880 88604672 1984954368 -413663232 1482424320 -916193280 980156416 -1418461184 -73400320 1822949376 -575668224 1320419328 -1078198272 818151424 -1580728320 315621376 -2082996224 -186908672 1709441024 -689176576 1206910976 -1191706624 704643072 -1693974528 202113024 2098462720 -300154880 1595932672 -802684928 
1721761792 -139460608 -2000945152 432799744 -1428422656 1005060096 -856162304 1577582592 -283901952 -2145124352 288620544 -1572601856 293076992 -1568145408 865599488 -995885056 1437859840 -423362560 2010120192 148897792 -1712324608 721158144 -1140064256 1293680640 -567803904 1865940992 4718592 -1856503808 576978944 -1284243456 1149501440 -711983104 
1275068416 -48758784 -1372585984 1598291968 274464768 -1049362432 1921515520 597688320 -726138880 -2049966080 920911872 -402915328 -1726742528 659554304 -664272896 -1988100096 982777856 -341049344 -1664876544 1306001408 -17825792 -1341652992 1629224960 305397760 -1018429440 1952710656 628621312 -695205888 -2019033088 951844864 -371982336 -1695809536 
-246153216 -1032847360 -1819279360 1689255936 902561792 116129792 -670302208 -1456996352 2051538944 1265106944 478674944 -308019200 -1094451200 -1880883200 1026031616 239599616 -546832384 -1333526528 -2119958528 1388576768 601882624 -184549376 -970981376 -1757675520 1750859776 964427776 177995776 -608698368 -1395130368 2113404928 1326710784 540278784 
1452539904 1203503104 954204160 705167360 456130560 206831616 -42205184 -291241984 -540278784 -789577728 -1038614528 -1287651328 -1536950272 -1785987072 -2035023872 1392508928 1143472128 894435328 645136384 396099584 147062784 -102236160 -351272960 -600309760 -849346560 -1098645504 -1347682304 -1596719104 -1846018048 -2095054848 1950875648 1701576704 
2076442624 -1930166272 -1641807872 -1353711616 -1065353216 -776994816 -488898560 -200540160 87818240 376176640 664272896 952631296 1240989696 1529085952 1817444352 2105802752 1758986240 2047344640 -1959264256 -1671168000 -1382809600 -1094451200 -806354944 -517996544 -229638144 58720256 346816512 635174912 923533312 1211629568 1499987968 1788346368 
1625817088 -1843658752 -1017905152 -192151552 633339904 1459093504 -2010120192 -1184366592 -358875136 466878464 1292632064 2118123520 -1351090176 -525336576 300154880 1125908480 1951662080 2125463552 -1343750144 -517996544 307494912 1133248512 1959002112 -1510211584 -684720128 141033472 966787072 1792278528 -1676935168 -851181568 -25690112 800063488 
100139008 1463287808 -1468792832 -105644032 1257504768 -1674575872 -311427072 1051721728 -1880096768 -517210112 845938688 -2085879808 -722993152 640155648 2003304448 -928776192 434372608 1797521408 -1803026432 -439877632 923271168 -2008809472 -645660672 717488128 2080636928 -851443712 511705088 1874853888 -1057226752 305922048 1669070848 -1263009792 
1794637824 -599785472 1300758528 -1093926912 806617088 -1587806208 312737792 -2081947648 -181403648 1719140352 -675545088 1224998912 -1169424384 730857472 -1663565824 236978176 2137260032 -257163264 1643380736 -1436549120 463994880 -1930428416 -29884416 1870397440 -524025856 1376518144 -1018167296 882376704 -1512046592 388235264 -2006188032 -105644032 
-1880358912 557318144 -1299709952 1138229248 -719060992 1718878208 -138149888 -1995177984 442499072 -1414529024 1023410176 -833880064 1604059136 -252968960 -2110259200 327680000 -1529348096 908328960 -948699136 1489240064 -1070071808 1367867392 -489160704 1948778496 91488256 -1765539840 672399360 -1184890880 1253048320 -603979776 1833697280 -23330816 
1959526400 639893504 -680001536 -1999634432 975699968 -343932928 -1663827968 1311506432 -8126464 -1328021504 1647312896 327680000 -992215040 1983119360 663486464 -656408576 -1976041472 999292928 -320602112 -1640235008 1335099392 -703332352 -2023227392 952107008 -367525888 -1687420928 1287913472 -31719424 -1351614464 1623719936 304087040 -1015808000 
429654016 -352583680 -1134821376 -1917321216 1595408384 813170688 30932992 -751566848 -1533804544 1978925056 1196425216 414187520 -368050176 -1150550016 -1932787712 1579941888 797442048 15204352 -767033344 -1549533184 1963196416 1180958720 -336855040 -1119354880 -1901592576 1611137024 828637184 46399488 -735838208 -1518338048 1994391552 1212153856 
2120220672 1875116032 1630273536 1385431040 1140588544 895483904 650641408 405798912 160694272 -84148224 -328990720 -574095360 -818937856 -1063780352 -1308884992 -1553727488 -1798569984 -2043674624 2006450176 1761607680 1516765184 1271660544 1026818048 29622272 -215482368 -460324864 -705167360 -950272000 -1195114496 -1439956992 -1685061632 -1929904128 
-1559232512 -1266679808 -974389248 -681836544 -389283840 -96731136 195559424 488112128 780664832 1072955392 1365508096 1658060800 1950351360 -2052063232 -1759510528 -1467219968 -1174667264 -882114560 -589824000 -297271296 -4718592 287834112 580124672 872677376 396099584 688390144 980942848 1273495552 1565786112 1858338816 -2144075776 -1851785216 
-2018508800 -1188560896 -358612992 471334912 1301020672 2130968576 -1334050816 -504365056 325582848 1155530752 1985216512 -1479802880 -649854976 179830784 1009778688 1839726592 -1625554944 -795607040 34340864 864288768 1693974528 -1771044864 -941096960 -111411200 718536704 762576896 1592262656 -1872756736 -1042808832 -213123072 616824832 1446772736 
742653952 2109734912 -817889280 549453824 1916796928 -1011089408 356253696 1723596800 -1204289536 163053568 1530396672 -1397489664 -30146560 1337196544 -1590689792 -223346688 1143996416 -1783889920 -416546816 950796288 -1976827904 -609746944 757596160 2124939264 -802947072 564396032 1129054208 -1798832128 -431489024 935854080 -1992032256 -624689152 
-1866203136 38535168 1943273472 -447217664 1457520640 -932708352 971767808 -1418461184 486277120 -1904214016 524288 1905262592 -485228544 1419509760 -970719232 933756928 -1456472064 448266240 -1941962752 -37486592 1867251712 -522977280 1381498880 -1008730112 896008192 -1494482944 410255360 1495531520 -894959616 1009778688 -1380450304 524025856 
-1254883328 1187250176 -665583616 1776549888 -76546048 -1929379840 512753664 -1340342272 1101791232 -751042560 1690828800 -162004992 -2014838784 427032576 -1425801216 1016332288 -836763648 1605369856 -247463936 -2100297728 341573632 -1511260160 930873344 -922222592 1519910912 -332922880 2108948480 256114688 1862008832 8912896 -1843920896 598212608 
-1718091776 1261436928 -54263808 -1369702400 1609826304 294125568 -1021313024 1958215680 642514944 -672923648 -1988362240 990904320 -324534272 -1639972864 1339293696 23855104 -1291583488 1687945216 372244480 -943194112 2036334592 720633856 -594804736 -1910243328 1069023232 -246415360 -1561853952 1417412608 101974016 -2066481152 912785408 -402653184 
1038614528 260571136 -517472256 -1295777792 -2073821184 1443102720 664797184 -113246208 -891289600 -1669595136 1847328768 1069285376 290979840 -487063552 -1265106944 -2043412480 1473511424 695468032 -82575360 -860880896 -1638924288 1877999616 1099694080 321650688 -456392704 -1234698240 -2012741632 1504182272 725876736 -52166656 -1700003840 1816657920 
-1574174720 -1815085056 -2055733248 1998585856 1757675520 1517027328 1276379136 1035468800 794820608 554172416 313262080 72613888 -168034304 -408944640 -649592832 -890241024 -1130889216 -1371799552 -1612447744 -1853095936 -2094006272 1960312832 1719664640 1478754304 1238106112 997457920 756547584 515899392 275251200 34340864 -206307328 -1333526528 
RESULT of PG * Gt of Matrix with size 32 X 32


10485760 10485760 10485760 10485760 10747904 10747904 10747904 10747904 10747904 10747904 10747904 10747904 10747904 10747904 10747904 10747904 10747904 10747904 10747904 10747904 11010048 11010048 11010048 11010048 11010048 11010048 11010048 11010048 11010048 11010048 11010048 11010048 
11010048 10485760 10485760 10485760 10747904 10747904 10747904 10747904 10747904 10747904 10747904 10747904 10747904 10747904 10747904 10747904 10747904 10747904 10747904 10747904 11010048 11010048 11010048 11010048 11010048 11010048 11010048 11010048 11010048 11010048 11010048 11010048 
11010048 11010048 10485760 10485760 10747904 10747904 10747904 10747904 10747904 10747904 10747904 10747904 10747904 10747904 10747904 10747904 10747904 10747904 10747904 10747904 11010048 11010048 11010048 11010048 11010048 11010048 11010048 11010048 11010048 11010048 11010048 11010048 
11010048 11010048 11010048 10485760 10747904 10747904 10747904 10747904 10747904 10747904 10747904 10747904 10747904 10747904 10747904 10747904 10747904 10747904 10747904 10747904 11010048 11010048 11010048 11010048 11010048 11010048 11010048 11010048 11010048 11010048 11010048 11010048 
11010048 11010048 11010048 11010048 10747904 10747904 10747904 10747904 10747904 10747904 10747904 10747904 10747904 10747904 10747904 10747904 10747904 10747904 10747904 10747904 11010048 11010048 11010048 11010048 11010048 11010048 11010048 11010048 11010048 11010048 11010048 11010048 
11010048 11010048 11010048 11010048 11272192 10747904 10747904 10747904 10747904 10747904 10747904 10747904 10747904 10747904 10747904 10747904 10747904 10747904 10747904 10747904 11010048 11010048 11010048 11010048 11010048 11010048 11010048 11010048 11010048 11010048 11010048 11010048 
11010048 11010048 11010048 11010048 11272192 11272192 10747904 10747904 10747904 10747904 10747904 10747904 10747904 10747904 10747904 10747904 10747904 10747904 10747904 10747904 11010048 11010048 11010048 11010048 11010048 11010048 11010048 11010048 11010048 11010048 11010048 11010048 
11010048 11010048 11010048 11010048 11272192 11272192 11272192 10747904 10747904 10747904 10747904 10747904 10747904 10747904 10747904 10747904 10747904 10747904 10747904 10747904 11010048 11010048 11010048 11010048 11010048 11010048 11010048 11010048 11010048 11010048 11010048 11010048 
11010048 11010048 11010048 11010048 11272192 11272192 11272192 11272192 10747904 10747904 10747904 10747904 10747904 10747904 10747904 10747904 10747904 10747904 10747904 10747904 11010048 11010048 11010048 11010048 11010048 11010048 11010048 11010048 11010048 11010048 11010048 11010048 
11010048 11010048 11010048 11010048 11272192 11272192 11272192 11272192 11272192 10747904 10747904 10747904 10747904 10747904 10747904 10747904 10747904 10747904 10747904 10747904 11010048 11010048 11010048 11010048 11010048 11010048 11010048 11010048 11010048 11010048 11010048 11010048 
11010048 11010048 11010048 11010048 11272192 11272192 11272192 11272192 11272192 11272192 10747904 10747904 10747904 10747904 10747904 10747904 10747904 10747904 10747904 10747904 11010048 11010048 11010048 11010048 11010048 11010048 11010048 11010048 11010048 11010048 11010048 11010048 
11010048 11010048 11010048 11010048 11272192 11272192 11272192 11272192 11272192 11272192 11272192 10747904 10747904 10747904 10747904 10747904 10747904 10747904 10747904 10747904 11010048 11010048 11010048 11010048 11010048 11010048 11010048 11010048 11010048 11010048 11010048 11010048 
11010048 11010048 11010048 11010048 11272192 11272192 11272192 11272192 11272192 11272192 11272192 11272192 10747904 10747904 10747904 10747904 10747904 10747904 10747904 10747904 11010048 11010048 11010048 11010048 11010048 11010048 11010048 11010048 11010048 11010048 11010048 11010048 
11010048 11010048 11010048 11010048 11272192 11272192 11272192 11272192 11272192 11272192 11272192 11272192 11272192 10747904 10747904 10747904 10747904 10747904 10747904 10747904 11010048 11010048 11010048 11010048 11010048 11010048 11010048 11010048 11010048 11010048 11010048 11010048 
11010048 11010048 11010048 11010048 11272192 11272192 11272192 11272192 11272192 11272192 11272192 11272192 11272192 11272192 10747904 10747904 10747904 10747904 10747904 10747904 11010048 11010048 11010048 11010048 11010048 11010048 11010048 11010048 11010048 11010048 11010048 11010048 
11010048 11010048 11010048 11010048 11272192 11272192 11272192 11272192 11272192 11272192 11272192 11272192 11272192 11272192 11272192 10747904 10747904 10747904 10747904 10747904 11010048 11010048 11010048 11010048 11010048 11010048 11010048 11010048 11010048 11010048 11010048 11010048 
11010048 11010048 11010048 11010048 11272192 11272192 11272192 11272192 11272192 11272192 11272192 11272192 11272192 11272192 11272192 11272192 10747904 10747904 10747904 10747904 11010048 11010048 11010048 11010048 11010048 11010048 11010048 11010048 11010048 11010048 11010048 11010048 
11010048 11010048 11010048 11010048 11272192 11272192 11272192 11272192 11272192 11272192 11272192 11272192 11272192 11272192 11272192 11272192 11272192 10747904 10747904 10747904 11010048 11010048 11010048 11010048 11010048 11010048 11010048 11010048 11010048 11010048 11010048 11010048 
11010048 11010048 11010048 11010048 11272192 11272192 11272192 11272192 11272192 11272192 11272192 11272192 11272192 11272192 11272192 11272192 11272192 11272192 10747904 10747904 11010048 11010048 11010048 11010048 11010048 11010048 11010048 11010048 11010048 11010048 11010048 11010048 
11010048 11010048 11010048 11010048 11272192 11272192 11272192 11272192 11272192 11272192 11272192 11272192 11272192 11272192 11272192 11272192 11272192 11272192 11272192 10747904 11010048 11010048 11010048 11010048 11010048 11010048 11010048 11010048 11010048 11010048 11010048 11010048 
11010048 11010048 11010048 11010048 11272192 11272192 11272192 11272192 11272192 11272192 11272192 11272192 11272192 11272192 11272192 11272192 11272192 11272192 11272192 11272192 11010048 11010048 11010048 11010048 11010048 11010048 11010048 11010048 11010048 11010048 11010048 11010048 
11010048 11010048 11010048 11010048 11272192 11272192 11272192 11272192 11272192 11272192 11272192 11272192 11272192 11272192 11272192 11272192 11272192 11272192 11272192 11272192 11534336 11010048 11010048 11010048 11010048 11010048 11010048 11010048 11010048 11010048 11010048 11010048 
11010048 11010048 11010048 11010048 11272192 11272192 11272192 11272192 11272192 11272192 11272192 11272192 11272192 11272192 11272192 11272192 11272192 11272192 11272192 11272192 11534336 11534336 11010048 11010048 11010048 11010048 11010048 11010048 11010048 11010048 11010048 11010048 
11010048 11010048 11010048 11010048 11272192 11272192 11272192 11272192 11272192 11272192 11272192 11272192 11272192 11272192 11272192 11272192 11272192 11272192 11272192 11272192 11534336 11534336 11534336 11010048 11010048 11010048 11010048 11010048 11010048 11010048 11010048 11010048 
11010048 11010048 11010048 11010048 11272192 11272192 11272192 11272192 11272192 11272192 11272192 11272192 11272192 11272192 11272192 11272192 11272192 11272192 11272192 11272192 11534336 11534336 11534336 11534336 11010048 11010048 11010048 11010048 11010048 11010048 11010048 11010048 
11010048 11010048 11010048 11010048 11272192 11272192 11272192 11272192 11272192 11272192 11272192 11272192 11272192 11272192 11272192 11272192 11272192 11272192 11272192 11272192 11534336 11534336 11534336 11534336 11534336 11010048 11010048 11010048 11010048 11010048 11010048 11010048 
11010048 11010048 11010048 11010048 11272192 11272192 11272192 11272192 11272192 11272192 11272192 11272192 11272192 11272192 11272192 11272192 11272192 11272192 11272192 11272192 11534336 11534336 11534336 11534336 11534336 11534336 11010048 11010048 11010048 11010048 11010048 11010048 
11010048 11010048 11010048 11010048 11272192 11272192 11272192 11272192 11272192 11272192 11272192 11272192 11272192 11272192 11272192 11272192 11272192 11272192 11272192 11272192 11534336 11534336 11534336 11534336 11534336 11534336 11534336 11010048 11010048 11010048 11010048 11010048 
11010048 11010048 11010048 11010048 11272192 11272192 11272192 11272192 11272192 11272192 11272192 11272192 11272192 11272192 11272192 11272192 11272192 11272192 11272192 11272192 11534336 11534336 11534336 11534336 11534336 11534336 11534336 11534336 11010048 11010048 11010048 11010048 
11010048 11010048 11010048 11010048 11272192 11272192 11272192 11272192 11272192 11272192 11272192 11272192 11272192 11272192 11272192 11272192 11272192 11272192 11272192 11272192 11534336 11534336 11534336 11534336 11534336 11534336 11534336 11534336 11534336 11010048 11010048 11010048 
11010048 11010048 11010048 11010048 11272192 11272192 11272192 11272192 11272192 11272192 11272192 11272192 11272192 11272192 11272192 11272192 11272192 11272192 11272192 11272192 11534336 11534336 11534336 11534336 11534336 11534336 11534336 11534336 11534336 11534336 11010048 11010048 
11010048 11010048 11010048 11010048 11272192 11272192 11272192 11272192 11272192 11272192 11272192 11272192 11272192 11272192 11272192 11272192 11272192 11272192 11272192 11272192 11534336 11534336 11534336 11534336 11534336 11534336 11534336 11534336 11534336 11534336 11534336 11010048 
RESULT of Pt * G of Matrix with size 32 X 32


-647757824 -297533440 52690944 402915328 753139712 1103364096 1453588480 1803812864 -2140930048 -1790705664 -1440481280 -1090256896 -740032512 -389808128 -39583744 310640640 660865024 1011089408 1361313792 1711538176 2061762560 -1883242496 -1533018112 -1182793728 -832569344 -482344960 -132120576 218103808 568328192 918552576 1268776960 1619001344 
1898971136 -384040960 -33292288 317456384 668205056 1018953728 1369702400 1720451072 2071199744 -1873018880 -1522532352 -1171783680 -821035008 -470286336 -119537664 231211008 581959680 932708352 1283457024 1634205696 1984954368 -1959264256 -1608515584 -1257766912 -907018240 -556269568 -205520896 145227776 495976448 846725120 1197473792 1548222464 
1827667968 -2116026368 -120586240 230686720 581959680 933232640 1284505600 1635778560 1987051520 -1956642816 -1605369856 -1254096896 -902823936 -551550976 -200278016 150994944 502267904 853540864 1204813824 1556086784 1907359744 -2036334592 -1685061632 -1333788672 -982515712 -631242752 -279969792 71303168 422576128 773849088 1125122048 1476395008 
1755054080 2106851328 -1836318720 143130624 494927872 846725120 1198522368 1550319616 1902116864 -2041053184 -1689255936 -1337458688 -985661440 -633864192 -282066944 69730304 421527552 773324800 1125122048 1476919296 1828716544 -2114453504 -1762656256 -1410859008 -1059323904 -707526656 -355729408 -3932160 347865088 699662336 1051459584 1403256832 
1681653760 2033975296 -1908670464 -1556348928 406847488 759169024 1111490560 1463812096 1816133632 -2126774272 -1774452736 -1422131200 -1069809664 -717488128 -365166592 -12845056 339476480 691798016 1044119552 1396441088 1748762624 2101084160 -1841561600 -1489240064 -1136918528 -784596992 -432275456 -79953920 272367616 624689152 977010688 1329332224 
1607204864 1960050688 -1982070784 -1629224960 -1276379136 670302208 1023148032 1375993856 1728839680 2081685504 -1860435968 -1507590144 -1154744320 -801898496 -449052672 -96206848 256638976 609484800 962330624 1315176448 1668022272 2020868096 -1921253376 -1568407552 -1215561728 -862715904 -509870080 -157024256 195821568 548667392 901513216 1254359040 
1531445248 1884815360 -2056781824 -1703411712 -1350041600 -996671488 934019072 1287389184 1640759296 1994129408 -1947467776 -1594097664 -1240727552 -887357440 -533987328 -180617216 172752896 526123008 879493120 1232863232 1586233344 1939603456 -2001993728 -1648623616 -1295253504 -941883392 -588513280 -235405312 117964800 471334912 824705024 1178075136 
1454899200 1808793600 -2132279296 -1778384896 -1424490496 -1070596096 -716701696 1197473792 1551368192 1905262592 -2035810304 -1681915904 -1328021504 -974127104 -620232704 -266338304 87556096 441450496 795344896 1149239296 1503133696 1857028096 -2084044800 -1730150400 -1376256000 -1022361600 -668467200 -314572800 39321600 393216000 747110400 1101004800 
1377304576 1731723264 2086141952 -1854406656 -1499987968 -1145569280 -791150592 -436731904 1461190656 1815609344 -2124939264 -1770520576 -1416101888 -1061683200 -707264512 -352845824 1572864 355991552 710410240 1064828928 1419247616 1773666304 2128084992 -1812463616 -1458044928 -1103626240 -749207552 -394788864 -40370176 314048512 668467200 1022885888 
1298399232 1653342208 2008285184 -1931739136 -1576796160 -1221853184 -866910208 -511967232 -157024256 1724907520 2079850496 -1860173824 -1505230848 -1150287872 -795344896 -440401920 -85458944 269484032 624427008 979369984 1334312960 1689255936 2044198912 -1895825408 -1540882432 -1185939456 -830996480 -476053504 -121110528 233832448 588513280 943456256 
1218707456 1574174720 1929641984 -2009858048 -1654390784 -1298923520 -943456256 -587988992 -232521728 122945536 1988362240 -1951137792 -1595670528 -1240203264 -884736000 -529268736 -173801472 181665792 537133056 892600320 1248067584 1603534848 1959002112 -1980497920 -1625030656 -1269563392 -914096128 -558628864 -203161600 152305664 507772928 863240192 
1137967104 1493958656 1849950208 -2089025536 -1733033984 -1377042432 -1021050880 -665059328 -309067776 46923776 402915328 -2042888192 -1686896640 -1330905088 -974913536 -618921984 -262930432 93061120 449052672 805044224 1161035776 1517027328 1873018880 -2065956864 -1709965312 -1353973760 -997982208 -641990656 -285999104 69992448 425984000 781975552 
1056178176 1412431872 1768947712 2125463552 -1812987904 -1456472064 -1099956224 -743440384 -386924544 -30408704 326107136 682622976 -1779171328 -1422655488 -1066139648 -709623808 -353107968 3407872 359923712 716439552 1072955392 1429471232 1785987072 2142502912 -1795948544 -1439432704 -1082916864 -726401024 -369885184 -13369344 343146496 699662336 
973078528 1330118656 1687158784 2044198912 -1893728256 -1536688128 -1179648000 -822607872 -465567744 -108527616 248512512 605552640 962592768 -1515716608 -1158676480 -801636352 -444596224 -87556096 269484032 626524160 983564288 1340604416 1697644544 2054684672 -1883242496 -1526202368 -1169162240 -812122112 -455081984 -98041856 258998272 616038400 
889192448 1246756864 1604321280 1961885696 -1975517184 -1617952768 -1260388352 -902823936 -545259520 -187695104 169869312 527433728 884998144 1242562560 -1251999744 -894435328 -536870912 -179306496 178257920 535822336 893386752 1250951168 1608515584 1966080000 -1971322880 -1613758464 -1256194048 -898629632 -541065216 -183500800 174063616 531628032 
804257792 1162346496 1520435200 1878523904 -2058354688 -1700265984 -1342177280 -984088576 -625999872 -267911168 90177536 448266240 806354944 1164443648 1522532352 -988282880 -630194176 -272105472 85983232 444071936 802160640 1160249344 1518338048 1876426752 -2060451840 -1702363136 -1344274432 -986185728 -628097024 -270008320 88080384 446169088 
718012416 1076625408 1435238400 1793851392 -2142502912 -1783889920 -1425276928 -1066663936 -708050944 -349437952 9175040 367788032 726401024 1085014016 1443627008 1802240000 -724828160 -366215168 -7602176 351010816 709623808 1068236800 1426849792 1785462784 2144075776 -1792278528 -1433665536 -1075052544 -716439552 -357826560 786432 359399424 
630980608 990117888 1349255168 1708392448 2067529728 -1868300288 -1509163008 -1150025728 -790888448 -431751168 -72613888 286523392 645660672 1004797952 1363935232 1723072512 2082209792 -461111296 -101974016 257163264 616300544 975437824 1334575104 1693712384 2052849664 -1882980352 -1523843072 -1164705792 -805568512 -446431232 -87293952 271843328 
542638080 902299648 1261961216 1621622784 1981284352 -1954021376 -1594359808 -1234436096 -874774528 -515112960 -155451392 204210176 563871744 923533312 1283194880 1642856448 2002518016 -1932787712 -197656576 162004992 521666560 881328128 1240989696 1600651264 1960312832 -1974992896 -1615331328 -1255669760 -896008192 -536346624 -176685056 182976512 
453509120 813694976 1173880832 1534066688 1894252544 -2040528896 -1680343040 -1320157184 -959971328 -599785472 -239599616 120586240 480772096 840957952 1201143808 1561329664 1921515520 -2013265920 -1653080064 66060288 426246144 786432000 1146617856 1506803712 1866989568 -2067791872 -1707606016 -1347420160 -987234304 -627048448 -266862592 93323264 
363331584 724041728 1084751872 1445462016 1806172160 -2128084992 -1767374848 -1406664704 -1045954560 -685244416 -324534272 36175872 396886016 757596160 1118306304 1479016448 1839726592 -2094530560 -1733820416 -1373110272 329777152 690487296 1051197440 1411907584 1772617728 2133327872 -1800929280 -1440219136 -1079508992 -718798848 -358088704 2621440 
271843328 633077760 994312192 1355546624 1716781056 2078015488 -1855717376 -1494482944 -1133248512 -772014080 -410517504 -49283072 311951360 673185792 1034420224 1395654656 1756889088 2118123520 -1815609344 -1454374912 -1093140480 593231872 954466304 1315700736 1676935168 2038169600 -1895563264 -1534328832 -1173094400 -811859968 -450625536 -89391104 
179568640 541327360 903086080 1264844800 1626603520 1988362240 -1944846336 -1583087616 -1221328896 -859570176 -497811456 -136052736 225705984 587464704 949223424 1310982144 1672740864 2034499584 -1898708992 -1536950272 -1175191552 -813432832 856948736 1218707456 1580466176 1942224896 -1990983680 -1629224960 -1267466240 -905707520 -543948800 -182190080 
86245376 448528384 810811392 1173094400 1535377408 1897660416 -2035023872 -1672740864 -1310457856 -948174848 -585891840 -223608832 138674176 500957184 863240192 1225523200 1587806208 1950089216 -1982595072 -1620312064 -1258029056 -895746048 -533463040 1120665600 1482948608 1845231616 -2087452672 -1725169664 -1362886656 -1000603648 -638320640 -276037632 
-8388608 354418688 717225984 1080033280 1442840576 1805647872 -2126512128 -1763704832 -1400897536 -1038090240 -675282944 -312475648 50331648 413401088 776208384 1139015680 1501822976 1864630272 -2067529728 -1704722432 -1341915136 -979107840 -616300544 -253493248 1384120320 1746927616 2109734912 -1822425088 -1459617792 -1096810496 -734003200 -371195904 
-103809024 259522560 622854144 986185728 1349517312 1712848896 2076180480 -1855455232 -1492123648 -1128792064 -765460480 -402128896 -38797312 324534272 687865856 1051197440 1414529024 1777860608 2141192192 -1790443520 -1427111936 -1063780352 -700448768 -337117184 26214400 1647837184 2011168768 -1920466944 -1557135360 -1193803776 -830472192 -467140608 
-200278016 163577856 527433728 891289600 1255145472 1619001344 1982857216 -1948254208 -1584398336 -1220542464 -856686592 -492830720 -128974848 234881024 598736896 962592768 1326448640 1690304512 2054160384 -1876951040 -1513095168 -1149239296 -785383424 -421527552 -57671680 306184192 1911291904 -2019819520 -1655963648 -1292107776 -928251904 -564133888 
-298057728 66322432 430702592 795082752 1159462912 1523843072 1888223232 -2042363904 -1677983744 -1313603584 -949223424 -584843264 -220463104 143917056 508297216 872677376 1237319680 1601699840 1966080000 -1964507136 -1600126976 -1235746816 -871366656 -506986496 -142606336 221773824 586153984 -2119958528 -1755578368 -1391198208 -1026818048 -662437888 
-396623872 -31719424 333185024 698089472 1062993920 1427898368 1792802816 -2137260032 -1772355584 -1407451136 -1042546688 -677642240 -312737792 52166656 417071104 781975552 1146880000 1511784448 1876688896 -2053373952 -1688469504 -1323565056 -958660608 -593756160 -228851712 136052736 500957184 865861632 -1856241664 -1491337216 -1126432768 -761528320 
-496500736 -131072000 234356736 599785472 965214208 1330642944 1696333824 2061762560 -1867776000 -1502347264 -1136918528 -771489792 -406061056 -40632320 324796416 690225152 1055653888 1421082624 1786511360 -2143027200 -1777598464 -1412169728 -1046740992 -681312256 -315883520 49545216 414973952 780402688 1145831424 -1592786944 -1227358208 -861929472 
-597164032 -231211008 134742016 500695040 866648064 1232601088 1598554112 1964507136 -1964507136 -1598554112 -1232601088 -866648064 -500695040 -134742016 231211008 597164032 963117056 1329070080 1695023104 2061238272 -1867776000 -1501822976 -1135869952 -769916928 -403963904 -38010880 327942144 693895168 1059848192 1425801216 -1329070080 -963117056 
-698875904 -332398592 34078720 400556032 767033344 1133510656 1499987968 1866465280 -2062024704 -1695547392 -1329070080 -962592768 -596115456 -229638144 136839168 503316480 869793792 1236271104 1602748416 1969225728 -1959264256 -1592786944 -1226309632 -859832320 -493355008 -126877696 239599616 606076928 972554240 1339031552 1705771008 -1065353216 
RESULT of [PG]t * G of Matrix with size 32 X 32


262144 786432 1310720 1835008 2359296 2883584 3145728 3670016 4194304 4718592 5242880 5767168 6291456 6815744 7340032 7864320 8388608 8912896 9437184 9961472 10485760 11010048 11534336 11796480 12320768 12845056 13369344 13893632 14417920 14942208 15466496 15990784 
15990784 262144 786432 1310720 1835008 2359296 2883584 3407872 3670016 4194304 4718592 5242880 5767168 6291456 6815744 7340032 7864320 8388608 8912896 9437184 9961472 10485760 11010048 11534336 12058624 12582912 12845056 13369344 13893632 14417920 14942208 15466496 
15466496 15990784 262144 786432 1310720 1835008 2359296 2883584 3407872 3670016 4194304 4718592 5242880 5767168 6291456 6815744 7340032 7864320 8388608 8912896 9437184 9961472 10485760 11010048 11534336 12058624 12582912 13107200 13631488 13893632 14417920 14942208 
14942208 15466496 15990784 262144 786432 1310720 1835008 2359296 2883584 3407872 3932160 4194304 4718592 5242880 5767168 6291456 6815744 7340032 7864320 8388608 8912896 9437184 9961472 10485760 11010048 11534336 12058624 12582912 13107200 13631488 14155776 14680064 
14680064 15204352 15728640 16252928 262144 786432 1310720 1835008 2359296 2883584 3407872 3932160 4194304 4718592 5242880 5767168 6291456 6815744 7340032 7864320 8388608 8912896 9437184 9961472 10485760 11010048 11534336 12058624 12582912 13107200 13631488 14155776 
14155776 14680064 15204352 15728640 16252928 262144 786432 1310720 1835008 2359296 2883584 3407872 3932160 4456448 4718592 5242880 5767168 6291456 6815744 7340032 7864320 8388608 8912896 9437184 9961472 10485760 11010048 11534336 12058624 12582912 13107200 13631488 
13631488 14155776 14680064 15204352 15728640 16252928 262144 786432 1310720 1835008 2359296 2883584 3407872 3932160 4456448 4980736 5242880 5767168 6291456 6815744 7340032 7864320 8388608 8912896 9437184 9961472 10485760 11010048 11534336 12058624 12582912 13107200 
13107200 13631488 14155776 14680064 15204352 15728640 16252928 262144 786432 1310720 1835008 2359296 2883584 3407872 3932160 4456448 4980736 5505024 6029312 6291456 6815744 7340032 7864320 8388608 8912896 9437184 9961472 10485760 11010048 11534336 12058624 12582912 
12582912 13107200 13631488 14155776 14680064 15204352 15728640 16252928 262144 786432 1310720 1835008 2359296 2883584 3407872 3932160 4456448 4980736 5505024 6029312 6553600 6815744 7340032 7864320 8388608 8912896 9437184 9961472 10485760 11010048 11534336 12058624 
12058624 12582912 13107200 13631488 14155776 14680064 15204352 15728640 16252928 262144 786432 1310720 1835008 2359296 2883584 3407872 3932160 4456448 4980736 5505024 6029312 6553600 7077888 7602176 8126464 8388608 8912896 9437184 9961472 10485760 11010048 11534336 
11534336 12058624 12582912 13107200 13631488 14155776 14680064 15204352 15728640 16252928 262144 786432 1310720 1835008 2359296 2883584 3407872 3932160 4456448 4980736 5505024 6029312 6553600 7077888 7602176 8126464 8650752 9175040 9699328 9961472 10485760 11010048 
11272192 11796480 12058624 12582912 13107200 13631488 14155776 14680064 15204352 15728640 16252928 262144 786432 1310720 1835008 2359296 2883584 3407872 3932160 4456448 4980736 5505024 6029312 6553600 7077888 7602176 8126464 8650752 9175040 9699328 10223616 10747904 
10747904 11272192 11796480 12320768 12845056 13369344 13893632 14417920 14942208 15466496 15990784 16252928 262144 786432 1310720 1835008 2359296 2883584 3407872 3932160 4456448 4980736 5505024 6029312 6553600 7077888 7602176 8126464 8650752 9175040 9699328 10223616 
10223616 10747904 11272192 11796480 12320768 12845056 13369344 13893632 14417920 14942208 15466496 15990784 16515072 262144 786432 1310720 1835008 2359296 2883584 3407872 3932160 4456448 4980736 5505024 6029312 6553600 7077888 7602176 8126464 8650752 9175040 9699328 
9699328 10223616 10747904 11272192 11796480 12320768 12845056 13369344 13893632 14417920 14942208 15466496 15990784 16515072 262144 786432 1310720 1835008 2359296 2883584 3407872 3932160 4456448 4980736 5505024 6029312 6553600 7077888 7602176 8126464 8650752 9175040 
9175040 9699328 10223616 10747904 11272192 11796480 12320768 12845056 13369344 13893632 14417920 14942208 15466496 15990784 16515072 262144 786432 1310720 1835008 2359296 2883584 3407872 3932160 4456448 4980736 5505024 6029312 6553600 7077888 7602176 8126464 8650752 
8650752 9175040 9699328 10223616 10747904 11272192 11796480 12320768 12845056 13369344 13893632 14417920 14942208 15466496 15990784 16515072 262144 786432 1310720 1835008 2359296 2883584 3407872 3932160 4456448 4980736 5505024 6029312 6553600 7077888 7602176 8126464 
8126464 8650752 9175040 9699328 10223616 10747904 11272192 11796480 12320768 12845056 13369344 13893632 14417920 14942208 15466496 15990784 16515072 262144 786432 1310720 1835008 2359296 2883584 3407872 3932160 4456448 4980736 5505024 6029312 6553600 7077888 7602176 
7602176 8126464 8650752 9175040 9699328 10223616 10747904 11272192 11796480 12320768 12845056 13369344 13893632 14417920 14942208 15466496 15990784 16515072 262144 786432 1310720 1835008 2359296 2883584 3407872 3932160 4456448 4980736 5505024 6029312 6553600 7077888 
7077888 7602176 8126464 8650752 9175040 9699328 10223616 10747904 11272192 11796480 12320768 12845056 13369344 13893632 14417920 14942208 15466496 15990784 16515072 262144 786432 1310720 1835008 2359296 2883584 3407872 3932160 4456448 4980736 5505024 6029312 6553600 
6553600 7077888 7602176 8126464 8650752 9175040 9699328 10223616 10747904 11272192 11796480 12320768 12845056 13369344 13893632 14417920 14942208 15466496 15990784 16515072 262144 786432 1310720 1835008 2359296 2883584 3407872 3932160 4456448 4980736 5505024 6029312 
6029312 6553600 7077888 7602176 8126464 8650752 9175040 9699328 10223616 10747904 11272192 11796480 12320768 12845056 13369344 13893632 14680064 15204352 15728640 16252928 16777216 262144 786432 1310720 1835008 2359296 2883584 3407872 3932160 4456448 4980736 5505024 
5505024 6029312 6553600 7077888 7602176 8126464 8650752 9175040 9699328 10223616 10747904 11272192 11796480 12582912 13107200 13631488 14155776 14680064 15204352 15728640 16252928 16777216 262144 786432 1310720 1835008 2359296 2883584 3407872 3932160 4456448 4980736 
4980736 5505024 6029312 6553600 7077888 7602176 8126464 8650752 9175040 9699328 10223616 11010048 11534336 12058624 12582912 13107200 13631488 14155776 14680064 15204352 15728640 16252928 16777216 262144 786432 1310720 1835008 2359296 2883584 3407872 3932160 4456448 
4456448 4980736 5505024 6029312 6553600 7077888 7602176 8126464 8650752 9175040 9961472 10485760 11010048 11534336 12058624 12582912 13107200 13631488 14155776 14680064 15204352 15728640 16252928 16777216 262144 786432 1310720 1835008 2359296 2883584 3407872 3932160 
3932160 4456448 4980736 5505024 6029312 6553600 7077888 7602176 8126464 8912896 9437184 9961472 10485760 11010048 11534336 12058624 12582912 13107200 13631488 14155776 14680064 15204352 15728640 16252928 16777216 262144 786432 1310720 1835008 2359296 2883584 3407872 
3407872 3932160 4456448 4980736 5505024 6029312 6553600 7077888 7602176 8388608 8912896 9437184 9961472 10485760 11010048 11534336 12058624 12582912 13107200 13631488 14155776 14680064 15204352 15728640 16252928 16777216 262144 786432 1310720 1835008 2359296 2883584 
2883584 3407872 3932160 4456448 4980736 5505024 6029312 6553600 7077888 7864320 8388608 8912896 9437184 9961472 10485760 11010048 11534336 12058624 12582912 13107200 13631488 14155776 14680064 15204352 15728640 16252928 16777216 262144 786432 1310720 1835008 2359296 
2359296 2883584 3407872 3932160 4456448 4980736 5505024 6029312 6553600 7340032 7864320 8388608 8912896 9437184 9961472 10485760 11010048 11534336 12058624 12582912 13107200 13631488 14155776 14680064 15204352 15728640 16252928 16777216 262144 786432 1310720 1835008 
1835008 2359296 2883584 3407872 3932160 4456448 4980736 5505024 6029312 6815744 7340032 7864320 8388608 8912896 9437184 9961472 10485760 11010048 11534336 12058624 12582912 13107200 13631488 14155776 14680064 15204352 15728640 16515072 17039360 262144 786432 1310720 
1310720 1835008 2359296 2883584 3407872 3932160 4456448 4980736 5505024 6291456 6815744 7340032 7864320 8388608 8912896 9437184 9961472 10485760 11010048 11534336 12058624 12582912 13107200 13631488 14155776 14680064 15466496 15990784 16515072 17039360 262144 786432 
786432 1310720 1835008 2359296 2883584 3407872 3932160 4456448 4980736 5767168 6291456 6815744 7340032 7864320 8388608 8912896 9437184 9961472 10485760 11010048 11534336 12058624 12582912 13107200 13631488 14417920 14942208 15466496 15990784 16515072 17039360 262144 
RESULT of Pt * Gt of Matrix with size 32 X 32


190316544 556793856 923271168 1289748480 1656225792 2022703104 -1905786880 -1539309568 -1172832256 -806354944 -439877632 -73400320 293076992 659554304 1026031616 1392508928 1758986240 2125463552 -1803026432 -1436549120 -1070071808 -703332352 -336855040 29622272 396099584 762576896 1129054208 1495531520 1862008832 -2066481152 -1700003840 -1333526528 
-1574174720 470286336 1374158848 -2016935936 -1113063424 -209190912 694681600 1598554112 -1792540672 -888668160 15204352 919076864 1822949376 -1568145408 -664272896 239599616 1143472128 2047344640 -1343750144 -439877632 463994880 1367867392 -2023227392 -1119354880 -215482368 688390144 1592262656 -1798832128 -894959616 8912896 912785408 1816657920 
1038614528 -1815085056 749993984 -2103705600 -662437888 778829824 -2074869760 -633602048 807665664 -2046033920 -604766208 836763648 -2016935936 -575668224 865599488 -1988100096 -546832384 894435328 -1959264256 -517996544 923271168 -1930428416 -489160704 952107008 -1901592576 -460324864 980942848 -1872756736 -431489024 1009778688 -1843920896 -402653184 
-1718091776 260571136 -2055733248 1029963776 -1286340608 692322304 -1623982080 354680832 -1961623552 17039360 1995702272 -320602112 1658060800 -658243584 1320419328 -995885056 982777856 -1333526528 645136384 -1671168000 307494912 -2008809472 -29884416 1948778496 -367525888 1611137024 -705167360 1273495552 -1042808832 935854080 -1380450304 598212608 
-1254883328 1261436928 -517472256 1998585856 1309933568 -468975616 2047082496 268173312 -1510735872 1005322240 -773586944 1742471168 -36438016 -1815347200 700710912 -1078198272 1437859840 -341049344 -2119958528 396099584 -1382809600 1133248512 -645660672 1870397440 91488256 -1687420928 828637184 -950272000 1565786112 -213123072 -1992032256 524025856 
-1866203136 1187250176 -54263808 -1295777792 1757675520 1589641216 348127232 -893386752 -2134900736 918552576 -322961408 -1564475392 1489240064 247726080 -993787904 2059665408 818151424 -423362560 -1664876544 1388576768 147062784 -1094451200 1959002112 717488128 -524025856 -1765539840 1287913472 46399488 -1195114496 1858338816 616824832 -624689152 
742653952 38535168 -665583616 -1369702400 -2073821184 1517027328 1869611008 1165492224 461373440 -242745344 -946864128 -1650982912 1939865600 1235746816 531628032 -172490752 -876609536 -1580728320 2010120192 1306001408 601882624 -102236160 -806354944 -1510211584 2080636928 1376518144 672399360 -31719424 -735838208 -1439956992 -2144075776 1446772736 
-2018508800 2109734912 1943273472 1776549888 1609826304 1443102720 1276379136 -2145386496 1982857216 1816133632 1649410048 1482686464 1315962880 1149239296 982515712 815792128 649068544 482344960 315621376 148897792 -17825792 -184549376 -351272960 -517996544 -684720128 -851443712 -1018167296 -1184890880 -1351614464 -1518338048 -1685061632 -1851785216 
-1559232512 -1188560896 -817889280 -447217664 -76546048 294125568 664797184 1035468800 -1865678848 -1495007232 -1124335616 -753664000 -382992384 -12058624 358612992 729284608 1099956224 1470627840 1841299456 -2082996224 -1712324608 -1341652992 -970981376 -600309760 -229638144 141033472 511705088 882376704 1253048320 1623719936 1994391552 -1929904128 
2120220672 -1266679808 -358612992 549453824 1457520640 -1929379840 -1021313024 -113246208 794820608 -1585709056 -677642240 230424576 1138491392 2046558208 -1340342272 -432275456 475791360 1383858176 -2003042304 -1094975488 -186908672 721158144 1629224960 -1757675520 -849346560 58720256 966787072 1874853888 -1512046592 -603979776 304087040 1212153856 
429654016 1875116032 -974389248 471334912 1916796928 -932708352 512753664 1958215680 -891289600 554172416 -1305739264 139722752 1585184768 -1264320512 181141504 1626603520 -1222901760 222560256 1668022272 -1181483008 263979008 1709441024 -1140064256 305397760 1750859776 -1098645504 346816512 1792278528 -1057226752 388235264 1833697280 -1015808000 
1959526400 -352583680 1630273536 -681836544 1301020672 -1011089408 971767808 -1340342272 642514944 -1669595136 313262080 -1026031616 956825600 -1355284480 627834880 -1684275200 298582016 -2013528064 -30670848 1952186368 -359923712 1622933504 -689176576 1293680640 -1018429440 964427776 -1347682304 635174912 -1676935168 305922048 -2006188032 -23330816 
-1880358912 639893504 -1134821376 1385431040 -389283840 2130968576 356253696 -1418461184 1101791232 -672923648 1847328768 72613888 -746061824 1774190592 -524288 -1775239168 745013248 -1029701632 1490550784 -284164096 -2058878976 461373440 -1313341440 1206910976 -567803904 1952710656 177995776 -1596719104 923533312 -851181568 1669070848 -105644032 
1794637824 557318144 -680001536 -1917321216 1140588544 -96731136 -1334050816 1723596800 486277120 -751042560 -1988362240 1069285376 -168034304 -466092032 -1703411712 1354235904 116916224 -1120403456 1937244160 699924480 -537395200 -1774714880 1282932736 45613056 -1191706624 1865940992 628621312 -608698368 -1846018048 1211629568 -25690112 -1263009792 
100139008 -599785472 -1299709952 -1999634432 1595408384 895483904 195559424 -504365056 -1204289536 -1904214016 1690828800 990904320 290979840 -408944640 -186384384 -886046720 -1585971200 2009071616 1309147136 609222656 -90701824 -790626304 -1490550784 2104492032 1404567552 704643072 4718592 -695205888 -1395130368 -2095054848 1499987968 800063488 
1625817088 1463287808 1300758528 1138229248 975699968 813170688 650641408 488112128 325582848 163053568 524288 -162004992 -324534272 -487063552 -649592832 93585408 -68943872 -231473152 -394002432 -556531712 -719060992 -881590272 -1044119552 -1206648832 -1369178112 -1531707392 -1693974528 -1856503808 -2019033088 2113404928 1950875648 1788346368 
2076442624 -1843658752 -1468792832 -1093926912 -719060992 -343932928 30932992 405798912 780664832 1155530752 1530396672 1905262592 -2014838784 -1639972864 -1265106944 -890241024 373555200 748421120 1123287040 1498152960 1873018880 -2047082496 -1672216576 -1297350656 -922484736 -547618816 -172752896 202113024 576978944 951844864 1326710784 1701576704 
1452539904 -1930166272 -1017905152 -105644032 806617088 1718878208 -1663827968 -751566848 160694272 1072955392 1985216512 -1397489664 -485228544 427032576 1339293696 -2043412480 -1130889216 653524992 1565786112 -1816920064 -904658944 7602176 919863296 1832124416 -1550581760 -638320640 273940480 1186201600 2098462720 -1284243456 -371982336 540278784 
-246153216 1203503104 -1641807872 -192151552 1257504768 -1587806208 -138149888 1311506432 -1533804544 -84148224 1365508096 -1479802880 -30146560 1419509760 -1425801216 23855104 1473511424 -1371799552 933232640 -1912078336 -462422016 987234304 -1858076672 -408420352 1041235968 -1804075008 -354418688 1095499776 -1749811200 -300154880 1149501440 -1695809536 
1275068416 -1032847360 954204160 -1353711616 633339904 -1674575872 312737792 -1995177984 -8126464 1978925056 -328990720 1658060800 -649854976 1337196544 -970719232 1016332288 -1291583488 695468032 -1612447744 1213202432 -1094713344 892338176 -1415577600 571473920 -1736441856 250609664 -2057306112 -70254592 1916796928 -391118848 1595932672 -711983104 
1721761792 -48758784 -1819279360 705167360 -1065353216 1459093504 -311427072 -2081947648 442499072 -1328021504 1196425216 -574095360 1950351360 179830784 -1590689792 933756928 -836763648 1687945216 -82575360 -1853095936 1493172224 -277348352 -2047868928 476577792 -1293942784 1230503936 -540016640 1984430080 213909504 -1556611072 967835648 -802684928 
1093664768 -139460608 -1372585984 1689255936 456130560 -776994816 -2010120192 1051721728 -181403648 -1414529024 1647312896 414187520 -818937856 -2052063232 1009778688 -223346688 -1456472064 1605369856 372244480 -860880896 -2094006272 1772879872 539754496 -693370880 -1926496256 1135345664 -97779712 -1330905088 1731198976 498073600 -735051776 -1968177152 
-609484800 -1305214976 -2000945152 1598291968 902561792 206831616 -488898560 -1184366592 -1880096768 1719140352 1023410176 327680000 -368050176 -1063780352 -1759510528 1839726592 1143996416 448266240 -247463936 -943194112 -1638924288 1960312832 2052849664 1357119488 661389312 -34340864 -730071040 -1425801216 -2121531392 1477705728 781975552 86245376 
907804672 749469696 591134720 432799744 274464768 116129792 -42205184 -200540160 -358875136 -517210112 -675545088 -833880064 -992215040 -1150550016 -1308884992 -1467219968 -1625554944 -1783889920 -1941962752 -2100297728 2036334592 1877999616 1719664640 -1962147840 -2120482816 2016149504 1857814528 1699479552 1541144576 1382809600 1224474624 1066139648 
1350303744 1729363968 2108424192 -1807482880 -1428422656 -1049362432 -670302208 -291241984 87818240 466878464 845938688 1224998912 1604059136 1983119360 -1932787712 -1553727488 -1174667264 -795607040 -416546816 -37486592 341573632 720633856 1099694080 1478754304 -1682440192 -1303379968 -924319744 -545259520 -166199296 213123072 592183296 971243520 
717750272 1634205696 -1744306176 -827850752 88604672 1005060096 1921515520 -1456996352 -540278784 376176640 1292632064 -2085879808 -1169424384 -252968960 663486464 1579941888 -1798569984 -882114560 34340864 950796288 1867251712 -1511260160 -594804736 321650688 1238106112 -1402470400 -486014976 430440448 1346895872 -2031616000 -1115160576 -198705152 
-989331456 464519168 1918369792 -922746880 531103744 1984954368 -856162304 597688320 2051538944 -789577728 664272896 2118123520 -722993152 730857472 -2110259200 -656408576 797442048 -2043674624 -589824000 864288768 -1976827904 -522977280 930873344 -1910243328 -456392704 997457920 -1122500608 331350016 1785200640 -1055916032 397934592 1851785216 
523763712 -1779957760 211288064 -2092433408 -101187584 1890058240 -413663232 1577582592 -726138880 1265106944 -1038614528 952631296 -1351090176 640155648 -1663565824 327680000 -1976041472 15204352 2006450176 -297271296 1693974528 -609746944 1381498880 -922222592 1069023232 -1234698240 756547584 -842792960 1148452864 -1155268608 836239360 -1467482112 
961806336 -804519936 1724121088 -42205184 -1808531456 720109568 -1046216704 1482424320 -283901952 -2049966080 478674944 -1287651328 1240989696 -525336576 2003304448 236978176 -1529348096 999292928 -767033344 1761607680 -4718592 -1771044864 757596160 -1008730112 1519910912 -246415360 -2012741632 515899392 -562823168 1965817856 199491584 -1566834688 
325320704 -903610368 -2132541440 933494784 -295436288 -1524367360 1541668864 312737792 -916193280 -2145124352 920911872 -308019200 -1536950272 1529085952 300154880 -928776192 2137260032 908328960 -320602112 -1549533184 1516765184 287834112 -941096960 2124939264 896008192 -332922880 -1561853952 1504182272 275251200 -282853376 -1511784448 1554251776 
-1385955328 -2077491200 1525940224 834404352 142868480 -548667392 -1240203264 -1931739136 1671692288 980156416 288620544 -402915328 -1094451200 -1785987072 1817444352 1125908480 434372608 -257163264 -948699136 -1640235008 1963196416 1271660544 580124672 -111411200 -802947072 -1494482944 2108948480 1417412608 725876736 34340864 -3145728 -694419456 
122683392 -31457280 -185597952 -339738624 -493879296 -648019968 -802160640 -956301312 -1110441984 -1264582656 -1418461184 -1572601856 -1726742528 -1880883200 -2035023872 2105802752 1951662080 1797521408 1643380736 1489240064 1335099392 1180958720 1026818048 872677376 718536704 564396032 410255360 256114688 101974016 -52166656 -206307328 276824064 
RESULT of [PG]t * Gt of Matrix with size 32 X 32


