0 0 0 0 0 0 0 0 0 0 0 0 0 0 0 0 0 0 0 0 0 0 0 0 0 0 0 0 0 0 0 0 0 
0 0 0 0 0 0 0 0 0 0 0 0 0 0 0 0 0 0 0 0 0 0 0 0 0 0 0 0 0 0 0 0 0 
0 0 0 0 0 0 0 0 0 0 0 0 0 0 0 0 0 0 0 0 0 0 0 0 0 0 0 0 0 0 0 0 0 
0 0 0 0 0 0 0 0 0 0 0 0 0 0 0 0 0 0 0 0 0 0 0 0 0 0 0 0 0 0 0 0 0 
0 0 0 0 0 0 0 0 0 0 0 0 0 0 0 0 0 0 0 0 0 0 0 0 0 0 0 0 0 0 0 0 0 
0 0 0 0 0 0 0 0 0 0 0 0 0 0 0 0 0 0 0 0 0 0 0 0 0 0 0 0 0 0 0 0 0 
0 0 0 0 0 0 0 0 0 0 0 0 0 0 0 0 0 0 0 0 0 0 0 0 0 0 0 0 0 0 0 0 0 
0 0 0 0 0 0 0 0 0 0 0 0 0 0 0 0 0 0 0 0 0 0 0 0 0 0 0 0 0 0 0 0 0 
0 0 0 0 0 0 0 0 0 0 0 0 0 0 0 0 0 0 0 0 0 0 0 0 0 0 0 0 0 0 0 0 0 
0 0 0 0 0 0 0 0 0 0 0 0 0 0 0 0 0 0 0 0 0 0 0 0 0 0 0 0 0 0 0 0 0 
0 0 0 0 0 0 0 0 0 0 0 0 0 0 0 0 0 0 0 0 0 0 0 0 0 0 0 0 0 0 0 0 0 
0 0 0 0 0 0 0 0 0 0 0 0 0 0 0 0 0 0 0 0 0 0 0 0 0 0 0 0 0 0 0 0 0 
0 0 0 0 0 0 0 0 0 0 0 0 0 0 0 0 0 0 0 0 0 0 0 0 0 0 0 0 0 0 0 0 0 
0 0 0 0 0 0 0 0 0 0 0 0 0 0 0 0 0 0 0 0 0 0 0 0 0 0 0 0 0 0 0 0 0 
0 0 0 0 0 0 0 0 0 0 0 0 0 0 0 0 0 0 0 0 0 0 0 0 0 0 0 0 0 0 0 0 0 
0 0 0 0 0 0 0 0 0 0 0 0 0 0 0 0 0 0 0 0 0 0 0 0 0 0 0 0 0 0 0 0 0 
0 0 0 0 0 0 0 0 0 0 0 0 0 0 0 0 0 0 0 0 0 0 0 0 0 0 0 0 0 0 0 0 0 
0 0 0 0 0 0 0 0 0 0 0 0 0 0 0 0 0 0 0 0 0 0 0 0 0 0 0 0 0 0 0 0 0 
0 0 0 0 0 0 0 0 0 0 0 0 0 0 0 0 0 0 0 0 0 0 0 0 0 0 0 0 0 0 0 0 0 
0 0 0 0 0 0 0 0 0 0 0 0 0 0 0 0 0 0 0 0 0 0 0 0 0 0 0 0 0 0 0 0 0 
0 0 0 0 0 0 0 0 0 0 0 0 0 0 0 0 0 0 0 0 0 0 0 0 0 0 0 0 0 0 0 0 0 
0 0 0 0 0 0 0 0 0 0 0 0 0 0 0 0 0 0 0 0 0 0 0 0 0 0 0 0 0 0 0 0 0 
0 0 0 0 0 0 0 0 0 0 0 0 0 0 0 0 0 0 0 0 0 0 0 0 0 0 0 0 0 0 0 0 0 
0 0 0 0 0 0 0 0 0 0 0 0 0 0 0 0 0 0 0 0 0 0 0 0 0 0 0 0 0 0 0 0 0 
0 0 0 0 0 0 0 0 0 0 0 0 0 0 0 0 0 0 0 0 0 0 0 0 0 0 0 0 0 0 0 0 0 
0 0 0 0 0 0 0 0 0 0 0 0 0 0 0 0 0 0 0 0 0 0 0 0 0 0 0 0 0 0 0 0 0 
0 0 0 0 0 0 0 0 0 0 0 0 0 0 0 0 0 0 0 0 0 0 0 0 0 0 0 0 0 0 0 0 0 
0 0 0 0 0 0 0 0 0 0 0 0 0 0 0 0 0 0 0 0 0 0 0 0 0 0 0 0 0 0 0 0 0 
0 0 0 0 0 0 0 0 0 0 0 0 0 0 0 0 0 0 0 0 0 0 0 0 0 0 0 0 0 0 0 0 0 
0 0 0 0 0 0 0 0 0 0 0 0 0 0 0 0 0 0 0 0 0 0 0 0 0 0 0 0 0 0 0 0 0 
0 0 0 0 0 0 0 0 0 0 0 0 0 0 0 0 0 0 0 0 0 0 0 0 0 0 0 0 0 0 0 0 0 
0 0 0 0 0 0 0 0 0 0 0 0 0 0 0 0 0 0 0 0 0 0 0 0 0 0 0 0 0 0 0 0 0 
0 0 0 0 0 0 0 0 0 0 0 0 0 0 0 0 0 0 0 0 0 0 0 0 0 0 0 0 0 0 0 0 0 
INITIAL DATA of Matrix with size 33 X 33


262144 262144 262144 262144 262144 262144 262144 262144 262144 262144 262144 262144 262144 262144 262144 262144 262144 262144 262144 262144 262144 262144 262144 262144 262144 262144 262144 262144 262144 262144 262144 262144 262144 
786432 786432 786432 786432 786432 786432 786432 786432 786432 786432 786432 786432 786432 786432 786432 786432 786432 786432 786432 786432 786432 786432 786432 786432 786432 786432 786432 786432 786432 786432 786432 786432 786432 
1572864 1572864 1310720 1310720 1310720 1310720 1310720 1310720 1310720 1310720 1310720 1310720 1572864 1572864 1572864 1572864 1572864 1572864 1572864 1572864 1572864 1572864 1572864 1572864 1572864 1572864 1572864 1572864 1572864 1572864 1572864 1572864 1572864 
2097152 2097152 2097152 2097152 2097152 2097152 2097152 2097152 2097152 2097152 2097152 2097152 2097152 2097152 2097152 2097152 2097152 2097152 2097152 2097152 2097152 2097152 2097152 2097152 2097152 2097152 2097152 2097152 2097152 2097152 2097152 2097152 2097152 
2621440 2621440 2621440 2621440 2621440 2621440 2621440 2621440 2621440 2621440 2621440 2621440 2621440 2621440 2621440 2621440 2621440 2621440 2621440 2621440 2621440 2621440 2621440 2621440 2621440 2621440 2621440 2621440 2621440 2621440 2621440 2621440 2621440 
3407872 3407872 3407872 3407872 3407872 3145728 3145728 3145728 3145728 3145728 3145728 3145728 3145728 3145728 3145728 3145728 3145728 3145728 3145728 3145728 3145728 3145728 3145728 3145728 3145728 3145728 3145728 3407872 3407872 3407872 3407872 3407872 3407872 
3932160 3932160 3932160 3932160 3932160 3932160 3670016 3670016 3670016 3670016 3670016 3670016 3670016 3670016 3670016 3670016 3670016 3670016 3932160 3932160 3932160 3932160 3932160 3932160 3932160 3932160 3932160 3932160 3932160 3932160 3932160 3932160 3932160 
4456448 4456448 4456448 4456448 4456448 4456448 4456448 4194304 4194304 4194304 4194304 4456448 4456448 4456448 4456448 4456448 4456448 4456448 4456448 4456448 4456448 4456448 4456448 4456448 4456448 4456448 4456448 4456448 4456448 4456448 4456448 4456448 4456448 
4980736 5242880 5242880 5242880 5242880 5242880 5242880 5242880 4980736 4980736 4980736 4980736 4980736 4980736 4980736 4980736 4980736 4980736 4980736 4980736 4980736 4980736 4980736 4980736 4980736 4980736 4980736 4980736 4980736 4980736 4980736 4980736 4980736 
5767168 5767168 5767168 5767168 5767168 5767168 5767168 5767168 5767168 5505024 5505024 5505024 5505024 5505024 5505024 5505024 5505024 5505024 5505024 5505024 5505024 5505024 5505024 5505024 5505024 5505024 5505024 5505024 5767168 5767168 5767168 5767168 5767168 
6291456 6291456 6291456 6291456 6291456 6291456 6291456 6291456 6291456 6291456 6029312 6029312 6029312 6029312 6029312 6029312 6029312 6029312 6029312 6029312 6029312 6029312 6291456 6291456 6291456 6291456 6291456 6291456 6291456 6291456 6291456 6291456 6291456 
6815744 6815744 6815744 6815744 6815744 6815744 7077888 7077888 7077888 7077888 7077888 6553600 6553600 6553600 6553600 6553600 6553600 6553600 6815744 6815744 6815744 6815744 6815744 6815744 6815744 6815744 6815744 6815744 6815744 6815744 6815744 6815744 6815744 
7340032 7602176 7602176 7602176 7602176 7602176 7602176 7602176 7602176 7602176 7602176 7602176 7077888 7077888 7077888 7340032 7340032 7340032 7340032 7340032 7340032 7340032 7340032 7340032 7340032 7340032 7340032 7340032 7340032 7340032 7340032 7340032 7340032 
8126464 8126464 8126464 8126464 8126464 8126464 8126464 8126464 8126464 8126464 8126464 8126464 8126464 7864320 7864320 7864320 7864320 7864320 7864320 7864320 7864320 7864320 7864320 7864320 7864320 7864320 7864320 7864320 7864320 7864320 8126464 8126464 8126464 
8650752 8650752 8650752 8650752 8650752 8650752 8650752 8650752 8650752 8650752 8912896 8912896 8912896 8912896 8388608 8388608 8388608 8388608 8388608 8388608 8388608 8388608 8388608 8388608 8388608 8388608 8388608 8650752 8650752 8650752 8650752 8650752 8650752 
9175040 9175040 9175040 9175040 9175040 9175040 9437184 9437184 9437184 9437184 9437184 9437184 9437184 9437184 9437184 8912896 8912896 8912896 8912896 8912896 8912896 8912896 8912896 8912896 9175040 9175040 9175040 9175040 9175040 9175040 9175040 9175040 9175040 
9699328 9699328 9699328 9961472 9961472 9961472 9961472 9961472 9961472 9961472 9961472 9961472 9961472 9961472 9961472 9961472 9437184 9437184 9437184 9437184 9437184 9699328 9699328 9699328 9699328 9699328 9699328 9699328 9699328 9699328 9699328 9699328 9699328 
10485760 10485760 10485760 10485760 10485760 10485760 10485760 10485760 10485760 10485760 10485760 10485760 10485760 10485760 10747904 10747904 10747904 9961472 9961472 10223616 10223616 10223616 10223616 10223616 10223616 10223616 10223616 10223616 10223616 10223616 10223616 10223616 10223616 
11010048 11010048 11010048 11010048 11010048 11010048 11010048 11010048 11010048 11010048 11010048 11272192 11272192 11272192 11272192 11272192 11272192 11272192 10747904 10747904 10747904 10747904 10747904 10747904 10747904 10747904 10747904 10747904 10747904 10747904 10747904 11010048 11010048 
11534336 11534336 11534336 11534336 11534336 11534336 11534336 11534336 11796480 11796480 11796480 11796480 11796480 11796480 11796480 11796480 11796480 11796480 11796480 11272192 11272192 11272192 11272192 11272192 11272192 11272192 11272192 11272192 11272192 11534336 11534336 11534336 11534336 
12058624 12058624 12058624 12058624 12058624 12058624 12320768 12320768 12320768 12320768 12320768 12320768 12320768 12320768 12320768 12320768 12320768 12582912 12582912 12582912 11796480 11796480 11796480 11796480 11796480 11796480 11796480 12058624 12058624 12058624 12058624 12058624 12058624 
12582912 12582912 12582912 12582912 12845056 12845056 12845056 12845056 12845056 12845056 12845056 12845056 12845056 12845056 12845056 13107200 13107200 13107200 13107200 13107200 13107200 12320768 12320768 12320768 12320768 12582912 12582912 12582912 12582912 12582912 12582912 12582912 12582912 
13107200 13107200 13369344 13369344 13369344 13369344 13369344 13369344 13369344 13369344 13369344 13369344 13631488 13631488 13631488 13631488 13631488 13631488 13631488 13631488 13631488 13631488 12845056 12845056 13107200 13107200 13107200 13107200 13107200 13107200 13107200 13107200 13107200 
13893632 13893632 13893632 13893632 13893632 13893632 13893632 13893632 13893632 13893632 14155776 14155776 14155776 14155776 14155776 14155776 14155776 14155776 14155776 14155776 14155776 14417920 14417920 13631488 13631488 13631488 13631488 13631488 13631488 13631488 13631488 13631488 13631488 
14417920 14417920 14417920 14417920 14417920 14417920 14417920 14417920 14417920 14680064 14680064 14680064 14680064 14680064 14680064 14680064 14680064 14680064 14942208 14942208 14942208 14942208 14942208 14942208 14155776 14155776 14155776 14155776 14155776 14155776 14155776 14155776 14417920 
14942208 14942208 14942208 14942208 14942208 14942208 14942208 15204352 15204352 15204352 15204352 15204352 15204352 15204352 15204352 15204352 15204352 15466496 15466496 15466496 15466496 15466496 15466496 15466496 15466496 14680064 14680064 14680064 14680064 14680064 14680064 14942208 14942208 
15466496 15466496 15466496 15466496 15466496 15466496 15728640 15728640 15728640 15728640 15728640 15728640 15728640 15728640 15728640 15990784 15990784 15990784 15990784 15990784 15990784 15990784 15990784 15990784 16252928 16252928 15204352 15204352 15204352 15204352 15466496 15466496 15466496 
15990784 15990784 15990784 15990784 15990784 16252928 16252928 16252928 16252928 16252928 16252928 16252928 16252928 16515072 16515072 16515072 16515072 16515072 16515072 16515072 16515072 16515072 16777216 16777216 16777216 16777216 16777216 15728640 15728640 15990784 15990784 15990784 15990784 
16515072 16515072 16515072 16515072 16777216 16777216 16777216 16777216 16777216 16777216 16777216 16777216 17039360 17039360 17039360 17039360 17039360 17039360 17039360 17039360 17301504 17301504 17301504 17301504 17301504 17301504 17301504 17301504 16515072 16515072 16515072 16515072 16515072 
17039360 17039360 17039360 17301504 17301504 17301504 17301504 17301504 17301504 17301504 17301504 17563648 17563648 17563648 17563648 17563648 17563648 17563648 17563648 17825792 17825792 17825792 17825792 17825792 17825792 17825792 17825792 18087936 18087936 17039360 17039360 17039360 17039360 
17563648 17563648 17825792 17825792 17825792 17825792 17825792 17825792 17825792 17825792 18087936 18087936 18087936 18087936 18087936 18087936 18087936 18087936 18350080 18350080 18350080 18350080 18350080 18350080 18350080 18350080 18612224 18612224 18612224 18612224 17563648 17563648 17563648 
18087936 18350080 18350080 18350080 18350080 18350080 18350080 18350080 18350080 18612224 18612224 18612224 18612224 18612224 18612224 18612224 18612224 18874368 18874368 18874368 18874368 18874368 18874368 18874368 19136512 19136512 19136512 19136512 19136512 19136512 19136512 18087936 18087936 
18612224 18874368 18874368 18874368 18874368 18874368 18874368 18874368 19136512 19136512 19136512 19136512 19136512 19136512 19136512 19136512 19398656 19398656 19398656 19398656 19398656 19398656 19398656 19660800 19660800 19660800 19660800 19660800 19660800 19660800 19922944 19922944 18612224 
RESULT of P * G of Matrix with size 33 X 33


-1473773568 -1460404224 -1447034880 -1433665536 -1420296192 -1406926848 -1393557504 -1380188160 -1366818816 -1353449472 -1340080128 -1326710784 -1313603584 -1300234240 -1286864896 -1273495552 -1260126208 -1246756864 -1233387520 -1220018176 -1206648832 -1193279488 -1179910144 -1166540800 -1153171456 -1140064256 -1126694912 -1113325568 -1099956224 -1086586880 -1073217536 -1059848192 -1046478848 
1458569216 404750336 437780480 470548480 503578624 536608768 569376768 602406912 635174912 668205056 701235200 734003200 767033344 800063488 832831488 865861632 898629632 931659776 964689920 997457920 1030488064 1063518208 1096286208 1129316352 1162346496 1195114496 1228144640 1260912640 1293942784 1326972928 1359740928 1392771072 1425801216 
-383778816 -331087872 -2011693056 -1959264256 -1906835456 -1854144512 -1801715712 -1749286912 -1696595968 -1644167168 -1591738368 -1539047424 -1486618624 -1434189824 -1381498880 -1329070080 -1276641280 -1223950336 -1171521536 -1119092736 -1066401792 -1013972992 -961544192 -908853248 -856424448 -803733504 -751304704 -698875904 -646184960 -593756160 -541327360 -488636416 -436207616 
2029780992 2101870592 -2121007104 -133431296 -61341696 10747904 82837504 154927104 227016704 299106304 371458048 443547648 515637248 587726848 659816448 731906048 803995648 876085248 948174848 1020264448 1092354048 1164443648 1236533248 1308622848 1380712448 1452802048 1524891648 1597243392 1669332992 1741422592 1813512192 1885601792 1957691392 
109051904 200802304 292552704 384040960 1745092608 1836580864 1928331264 2020081664 2111832064 -2091384832 -1999896576 -1908146176 -1816395776 -1724645376 -1633157120 -1541406720 -1449656320 -1357905920 -1266417664 -1174667264 -1082916864 -991166464 -899416064 -807927808 -716177408 -624427008 -532676608 -441188352 -349437952 -257687552 -165937152 -74186752 17301504 
-1850736640 -1739587584 -1628176384 -1517027328 -1405616128 -671612928 -560201728 -449052672 -337641472 -226492416 -115081216 -3932160 107479040 218628096 330039296 441188352 552599552 663748608 775159808 886308864 997457920 1108869120 1220018176 1331429376 1442578432 1553989632 1665138688 1776549888 1887698944 1999110144 2110259200 -2073296896 -1962147840 
445120512 575930368 707002368 837812224 968622080 1099431936 1206910976 1337720832 1468530688 1599340544 1730412544 1861222400 1992032256 2122842112 -2041315328 -1910243328 -1779433472 -1648623616 -1517813760 -1387003904 -1255931904 -1125122048 -994312192 -863502336 -732692480 -601620480 -470810624 -340000768 -209190912 -78381056 52690944 183500800 314310656 
-1593049088 -1442578432 -1292107776 -1141637120 -991166464 -840695808 -690487296 -1209794560 -1059323904 -908853248 -758382592 -607911936 -457441280 -306970624 -156499968 -6029312 144441344 294649856 445120512 595591168 746061824 896532480 1047003136 1197473792 1347944448 1498415104 1648885760 1799356416 1949564928 2100035584 -2044461056 -1893990400 -1743519744 
624427008 794558464 964689920 1134559232 1304690688 1474822144 1644691456 1814822912 668729344 838598656 1008730112 1178861568 1348730880 1518862336 1688993792 1858863104 2028994560 -2096103424 -1925971968 -1755840512 -1585971200 -1415839744 -1245708288 -1075838976 -905707520 -735838208 -565706752 -395575296 -225705984 -55574528 114556928 284426240 454557696 
-1491861504 -1302331392 -1112801280 -923009024 -733478912 -543948800 -354156544 -164626432 24903680 -1747976192 -1558183936 -1368653824 -1179123712 -989331456 -799801344 -610271232 -420478976 -230948864 -41418752 148373504 337903616 527433728 717225984 906756096 1096286208 1286078464 1475608576 1665400832 1854930944 2044461056 -2060713984 -1871183872 -1681653760 
647233536 856424448 1065615360 1274806272 1483997184 1693188096 1902379008 2111832064 -1973944320 -1764753408 130547712 339738624 548929536 758120448 967311360 1176502272 1385693184 1594884096 1804075008 2013265920 -2072510464 -1863057408 -1653866496 -1444675584 -1235484672 -1026293760 -817102848 -607911936 -398721024 -189530112 19660800 228851712 438042624 
-1547698176 -1318846464 -1089994752 -861143040 -632553472 -403701760 -174850048 54001664 282591232 511442944 740294656 2009071616 -2057306112 -1828454400 -1599602688 -1370750976 -1142161408 -913309696 -684457984 -455606272 -227016704 1835008 230686720 459538432 688128000 916979712 1145831424 1374683136 1603534848 1832124416 2060976128 -2005139456 -1776287744 
513277952 761790464 1010040832 1258553344 1506803712 1755316224 2003566592 -2043150336 -1794637824 -1546387456 -1297874944 -1049624576 -407633920 -159121408 89128960 337379328 585891840 834142208 1082654720 1330905088 1579417600 1827667968 2076180480 -1970536448 -1722023936 -1473773568 -1225261056 -977010688 -728498176 -480247808 -231735296 16515072 265027584 
-1760034816 -1491861504 -1223950336 -956039168 -688128000 -420216832 -152043520 115867648 383778816 651689984 919601152 1187774464 1455685632 1470889984 1738801152 2006712320 -2020343808 -1752432640 -1484259328 -1216348160 -948436992 -680525824 -412614656 -144441344 123469824 391380992 659292160 927203328 1195114496 1463287808 1731198976 1999110144 -2027945984 
222560256 510132224 797704192 1085276160 1372848128 1660420096 1947992064 -2059403264 -1771831296 -1484259328 -1196949504 -909377536 -621805568 -334233600 -945815552 -658243584 -370671616 -83099648 204472320 492044288 779616256 1066926080 1354498048 1642070016 1929641984 -2077753344 -1790181376 -1502609408 -1215037440 -927465472 -639893504 -352321536 -65011712 
-2128871424 -1821900800 -1514668032 -1207435264 -900464640 -593231872 -285999104 20971520 328204288 635174912 942407680 1249640448 1556611072 1863843840 -2123890688 932708352 1239678976 1546911744 1854144512 -2133852160 -1826619392 -1519648768 -1212416000 -905183232 -598212608 -290979840 16252928 323223552 630456320 937426944 1244659712 1551892480 1858863104 
-224657408 101974016 428867584 755499008 1082130432 1409024000 1735655424 2062286848 -1905786880 -1579155456 -1252524032 -925630464 -598999040 -272367616 54525952 381157376 -1483997184 -1157103616 -830472192 -503840768 -176947200 149684224 476315648 803209216 1129840640 1456472064 1783365632 2109997056 -1858338816 -1531445248 -1204813824 -878182400 -551288832 
1640497152 1986789376 -1961885696 -1615593472 -1269301248 -923009024 -576716800 -230424576 115867648 462159872 808452096 1154744320 1501036544 1847328768 -2101346304 -1755054080 -1408761856 394526720 740818944 1087111168 1433403392 1779695616 2125987840 -1822687232 -1476395008 -1130102784 -783810560 -437518336 -91226112 255066112 601358336 947650560 1293942784 
-828637184 -462946304 -96993280 268959744 634912768 1000865792 1366556672 1732509696 2098462720 -1830551552 -1464860672 -1098907648 -732954624 -367001600 -1310720 364642304 730595328 1096548352 -2022178816 -1656225792 -1290272768 -924319744 -558628864 -192675840 173277184 539230208 904921088 1270874112 1636827136 2002780160 -1926496256 -1560543232 -1194590208 
958136320 1343488000 1728839680 2114453504 -1795162112 -1409548288 -1024196608 -638582784 -253231104 132382720 517734400 903348224 1288699904 1674313728 2059665408 -1849688064 -1464336384 -1078722560 -693370880 -143654912 241696768 627310592 1012662272 1398276096 1783627776 -2125725696 -1740374016 -1354760192 -969408512 -583794688 -198443008 187170816 572522496 
-1589379072 -1184366592 -779354112 -374341632 30932992 435945472 840957952 1245970432 1650982912 2056257536 -1833697280 -1428684800 -1023672320 -618659840 -213647360 191627264 596639744 1001652224 1406664704 1811677184 1734606848 2139881472 -1750073344 -1345060864 -940048384 -535035904 -129761280 275251200 680263680 1085276160 1490288640 1895301120 -1994391552 
119013376 543686656 968359936 1392771072 1817444352 -2052849664 -1628176384 -1203503104 -778829824 -354156544 70516736 495190016 919863296 1344274432 1768947712 -2101346304 -1676673024 -1251999744 -827326464 -402653184 22020096 -681836544 -257163264 167510016 592183296 1016856576 1441267712 1865940992 -2004353024 -1579679744 -1155006464 -730333184 -305659904 
1788084224 -2062548992 -1618214912 -1174142976 -729808896 -285736960 158597120 602931200 1047003136 1491337216 1935409152 -1915224064 -1470889984 -1026818048 -582483968 -138412032 305922048 750256128 1194328064 1638662144 2082996224 -1767899136 1196687360 1640759296 2085093376 -1765801984 -1321467904 -877133824 -433061888 11272192 455344128 899678208 1344012288 
-876871680 -412876800 50855936 514588672 978583552 1442316288 1906049024 -1924923392 -1461190656 -997457920 -533463040 -69730304 394002432 857997312 1321730048 1785462784 -2045509632 -1581776896 -1118044160 -654049280 -190316544 273416192 737411072 -1220018176 -756285440 -292290560 171442176 635174912 1099169792 1562902528 2026635264 -1804337152 -1340604416 
714080256 1197473792 1680867328 -2130706432 -1647312896 -1163919360 -680525824 -197132288 286261248 769654784 1253048320 1736441856 -2075131904 -1591476224 -1108082688 -624689152 -141295616 342097920 825491456 1308884992 1792278528 -2019295232 -1535901696 -1052508160 658505728 1141899264 1625292800 2108686336 -1702887424 -1219493888 -736100352 -252706816 230686720 
-2029256704 -1526202368 -1023148032 -520355840 -17301504 485752832 988807168 1491599360 1994653696 -1797259264 -1294204928 -791412736 -288358400 214695936 717750272 1220804608 1723596800 -2068316160 -1565261824 -1062207488 -559415296 -56360960 446693376 949747712 1452539904 -1758199808 -1255145472 -752091136 -249298944 253755392 756809728 1259864064 1762656256 
-516685824 5767168 528482304 1050935296 1573650432 2096103424 -1676148736 -1153695744 -630980608 -108527616 414187520 936640512 1459355648 1981808640 -1790443520 -1267990528 -745537536 -222822400 299630592 822345728 1344798720 1867513856 -1905000448 -1382285312 -859832320 -337117184 120324096 642777088 1165492224 1687945216 -2084306944 -1561853952 -1039138816 
956563456 1498939392 2041053184 -1711800320 -1169686528 -627572736 -85458944 456916992 999030784 1541144576 2083258368 -1669595136 -1127219200 -585105408 -42991616 499122176 1041235968 1583349760 2125725696 -1627127808 -1085014016 -542900224 -786432 541589504 1083703296 1625817088 -2127036416 1998585856 -1754267648 -1211891712 -669777920 -127664128 414449664 
-1904214016 -1342439424 -780664832 -218890240 342884352 904658944 1466433536 2028208128 -1705246720 -1143472128 -581697536 -19922944 541851648 1103626240 1665400832 -2067791872 -1506017280 -944504832 -382730240 179044352 740818944 1302593536 1864368128 -1868824576 -1307049984 -745275392 -183500800 378011648 -417857536 143917056 705691648 1267466240 1828978688 
-509083648 72089600 653524992 1234960384 1816133632 -1897398272 -1316225024 -734789632 -153354240 427819008 1009254400 1590427648 -2123104256 -1541668864 -960495616 -379060224 202375168 783548416 1364983808 1946157056 -1767374848 -1185939456 -604766208 -23330816 557842432 1139277824 1720713216 -1993080832 -1411645440 1460404224 2041839616 -1671692288 -1090519040 
846725120 1447559168 2048655360 -1645477888 -1044643840 -443547648 157286400 758120448 1358954496 1960050688 -1734082560 -1133248512 -532152320 68681728 669515776 1270611968 1871446016 -1822687232 -1221591040 -620756992 -19922944 581173248 1182007296 1782841344 -1911029760 -1310195712 -709361664 -108265472 492568576 1093402624 -956039168 -355205120 245891072 
-2131492864 -1510998016 -890503168 -270008320 350486528 970981376 1591476224 -2082996224 -1462501376 -842006528 -221511680 398983168 1019478016 1639972864 -2034499584 -1414004736 -793509888 -173015040 447479808 1067974656 1688469504 -1986002944 -1365508096 -745013248 -124518400 495976448 1116471296 1736966144 -1937506304 -1316749312 -696254464 922222592 1542979584 
-854065152 -213909504 425984000 1066139648 1706295296 -1948516352 -1308622848 -668467200 -28311552 611844096 1251737600 1891893248 -1762918400 -1123024896 -482869248 157286400 797442048 1437335552 2077491200 -1577320448 -937164800 -297271296 342884352 983040000 1623195648 -2031878144 -1391722496 -751566848 -111411200 528482304 1168637952 1808793600 -1494220800 
RESULT of P G * G of Matrix with size 33 X 33


0 0 0 0 0 0 0 0 0 0 0 0 0 0 262144 262144 262144 262144 262144 262144 262144 262144 262144 262144 262144 262144 262144 262144 524288 524288 524288 524288 524288 
1572864 0 0 0 0 0 262144 262144 262144 262144 262144 524288 524288 524288 524288 786432 786432 786432 786432 786432 1048576 1048576 1048576 1048576 1048576 1310720 1310720 1310720 1310720 1310720 1572864 1572864 1572864 
2621440 2883584 0 0 0 262144 262144 262144 524288 524288 524288 786432 786432 786432 1048576 1048576 1310720 1310720 1310720 1572864 1572864 1572864 1835008 1835008 1835008 2097152 2097152 2097152 2359296 2359296 2359296 2621440 2621440 
3670016 3932160 3932160 0 0 262144 262144 524288 524288 786432 786432 1048576 1048576 1310720 1310720 1572864 1572864 1835008 1835008 1835008 2097152 2097152 2359296 2359296 2621440 2621440 2883584 2883584 3145728 3145728 3407872 3407872 3670016 
4718592 4718592 4980736 5242880 0 0 262144 524288 524288 786432 1048576 1048576 1310720 1310720 1572864 1835008 1835008 2097152 2097152 2359296 2621440 2621440 2883584 3145728 3145728 3407872 3407872 3670016 3932160 3932160 4194304 4456448 4456448 
5505024 5767168 6029312 6029312 6291456 0 262144 262144 524288 786432 1048576 1048576 1310720 1572864 1835008 1835008 2097152 2359296 2621440 2621440 2883584 3145728 3407872 3670016 3670016 3932160 4194304 4456448 4456448 4718592 4980736 5242880 5242880 
6291456 6553600 6815744 7077888 7340032 7602176 0 262144 524288 786432 1048576 1048576 1310720 1572864 1835008 2097152 2359296 2621440 2883584 3145728 3145728 3407872 3670016 3932160 4194304 4456448 4718592 4980736 5242880 5505024 5505024 5767168 6029312 
7077888 7340032 7602176 7864320 8126464 8388608 8650752 0 262144 524288 786432 1048576 1310720 1572864 1835008 2097152 2359296 2621440 2883584 3145728 3407872 3670016 3932160 4456448 4718592 4980736 5242880 5505024 5767168 6029312 6291456 6553600 6815744 
7602176 7864320 8388608 8650752 8912896 9175040 9437184 9699328 0 262144 524288 1048576 1310720 1572864 1835008 2097152 2359296 2883584 3145728 3407872 3670016 3932160 4194304 4718592 4980736 5242880 5505024 5767168 6029312 6553600 6815744 7077888 7340032 
8126464 8650752 8912896 9175040 9699328 9961472 10223616 10747904 11010048 0 262144 786432 1048576 1310720 1835008 2097152 2359296 2883584 3145728 3407872 3932160 4194304 4456448 4718592 5242880 5505024 5767168 6291456 6553600 6815744 7340032 7602176 7864320 
8650752 9175040 9437184 9961472 10223616 10747904 11010048 11272192 11796480 12058624 0 524288 786432 1310720 1572864 1835008 2359296 2621440 3145728 3407872 3932160 4194304 4718592 4980736 5242880 5767168 6029312 6553600 6815744 7340032 7602176 8126464 8388608 
9175040 9699328 9961472 10485760 10747904 11272192 11796480 12058624 12582912 12845056 13369344 0 524288 786432 1310720 1835008 2097152 2621440 2883584 3407872 3932160 4194304 4718592 4980736 5505024 5767168 6291456 6815744 7077888 7602176 7864320 8388608 8650752 
9437184 9961472 10485760 11010048 11272192 11796480 12320768 12582912 13107200 13631488 14155776 14417920 0 524288 1048576 1572864 1835008 2359296 2883584 3145728 3670016 4194304 4718592 4980736 5505024 6029312 6291456 6815744 7340032 7864320 8126464 8650752 9175040 
9961472 10223616 10747904 11272192 11796480 12320768 12845056 13107200 13631488 14155776 14680064 15204352 15728640 0 524288 1048576 1572864 2097152 2621440 3145728 3407872 3932160 4456448 4980736 5505024 6029312 6553600 6815744 7340032 7864320 8388608 8912896 9437184 
9961472 10485760 11010048 11534336 12058624 12582912 13107200 13631488 14155776 14680064 15204352 15728640 16252928 16777216 262144 786432 1310720 1835008 2097152 2621440 3145728 3670016 4194304 4718592 5242880 5767168 6291456 6815744 7340032 7864320 8388608 8912896 9437184 
10223616 10747904 11272192 11796480 12320768 13107200 13631488 14155776 14680064 15204352 15728640 16252928 16777216 17563648 18087936 262144 786432 1310720 1835008 2359296 2883584 3407872 3932160 4718592 5242880 5767168 6291456 6815744 7340032 7864320 8650752 9175040 9699328 
10223616 10747904 11534336 12058624 12582912 13107200 13893632 14417920 14942208 15728640 16252928 16777216 17301504 18087936 18612224 19136512 262144 786432 1310720 1835008 2621440 3145728 3670016 4456448 4980736 5505024 6029312 6815744 7340032 7864320 8388608 9175040 9699328 
10223616 11010048 11534336 12058624 12845056 13369344 14155776 14680064 15204352 15990784 16515072 17301504 17825792 18350080 19136512 19660800 20447232 262144 786432 1572864 2097152 2621440 3407872 3932160 4718592 5242880 5767168 6553600 7077888 7864320 8388608 8912896 9699328 
10223616 10747904 11534336 12320768 12845056 13631488 14155776 14942208 15466496 16252928 16777216 17563648 18087936 18874368 19398656 20185088 20971520 21495808 262144 786432 1572864 2097152 2883584 3670016 4194304 4980736 5505024 6291456 6815744 7602176 8126464 8912896 9437184 
9961472 10747904 11534336 12058624 12845056 13631488 14155776 14942208 15728640 16252928 17039360 17825792 18350080 19136512 19922944 20447232 21233664 22020096 22544384 262144 1048576 1572864 2359296 3145728 3670016 4456448 5242880 5767168 6553600 7340032 7864320 8650752 9437184 
9961472 10485760 11272192 12058624 12845056 13631488 14155776 14942208 15728640 16515072 17301504 17825792 18612224 19398656 20185088 20971520 21757952 22282240 23068672 23855104 262144 1048576 1835008 2359296 3145728 3932160 4718592 5505024 6029312 6815744 7602176 8388608 9175040 
9437184 10223616 11010048 11796480 12582912 13369344 14155776 14942208 15728640 16515072 17301504 18087936 18874368 19660800 20447232 21233664 22020096 22806528 23592960 24117248 24903680 262144 1048576 1835008 2621440 3407872 4194304 4980736 5767168 6553600 7340032 8126464 8650752 
9175040 9961472 10747904 11534336 12320768 13107200 14155776 14942208 15728640 16515072 17301504 18087936 18874368 19660800 20447232 21233664 22020096 23068672 23855104 24641536 25427968 26214400 262144 1048576 1835008 2621440 3407872 4456448 5242880 6029312 6815744 7602176 8388608 
8650752 9699328 10485760 11272192 12058624 13107200 13893632 14680064 15466496 16252928 17301504 18087936 18874368 19660800 20709376 21495808 22282240 23068672 23855104 24903680 25690112 26476544 27262976 262144 1048576 2097152 2883584 3670016 4456448 5505024 6291456 7077888 7864320 
8126464 9175040 9961472 11010048 11796480 12582912 13631488 14417920 15204352 16252928 17039360 17825792 18874368 19660800 20709376 21495808 22282240 23330816 24117248 24903680 25952256 26738688 27525120 28573696 262144 1310720 2097152 2883584 3932160 4718592 5505024 6553600 7340032 
7602176 8650752 9437184 10485760 11272192 12320768 13107200 14155776 14942208 15990784 16777216 17825792 18612224 19660800 20447232 21495808 22282240 23330816 24117248 25165824 25952256 27000832 27787264 28835840 29622272 262144 1310720 2097152 3145728 3932160 4980736 5767168 6815744 
7077888 7864320 8912896 9961472 10747904 11796480 12845056 13631488 14680064 15728640 16515072 17563648 18350080 19398656 20447232 21233664 22282240 23330816 24117248 25165824 26214400 27000832 28049408 28835840 29884416 30932992 262144 1310720 2359296 3145728 4194304 5242880 6029312 
6291456 7340032 8388608 9175040 10223616 11272192 12320768 13107200 14155776 15204352 16252928 17301504 18087936 19136512 20185088 21233664 22020096 23068672 24117248 25165824 26214400 27000832 28049408 29097984 30146560 30932992 31981568 262144 1310720 2359296 3407872 4456448 5242880 
5505024 6553600 7602176 8650752 9699328 10747904 11796480 12582912 13631488 14680064 15728640 16777216 17825792 18874368 19922944 20971520 22020096 23068672 23855104 24903680 25952256 27000832 28049408 29097984 30146560 31195136 32243712 33292288 524288 1310720 2359296 3407872 4456448 
4718592 5767168 6815744 7864320 8912896 9961472 11010048 12058624 13107200 14155776 15204352 16252928 17301504 18350080 19398656 20447232 21757952 22806528 23855104 24903680 25952256 27000832 28049408 29097984 30146560 31195136 32243712 33292288 34340864 524288 1572864 2621440 3670016 
3670016 4718592 6029312 7077888 8126464 9175040 10223616 11272192 12582912 13631488 14680064 15728640 16777216 18087936 19136512 20185088 21233664 22282240 23592960 24641536 25690112 26738688 27787264 28835840 30146560 31195136 32243712 33292288 34340864 35651584 524288 1572864 2621440 
2621440 3932160 4980736 6029312 7340032 8388608 9437184 10747904 11796480 12845056 14155776 15204352 16252928 17563648 18612224 19660800 20971520 22020096 23068672 24117248 25427968 26476544 27525120 28835840 29884416 30932992 32243712 33292288 34340864 35651584 36700160 524288 1572864 
1572864 2883584 3932160 5242880 6291456 7602176 8650752 9699328 11010048 12058624 13369344 14417920 15728640 16777216 18087936 19136512 20447232 21495808 22544384 23855104 24903680 26214400 27262976 28573696 29622272 30932992 31981568 33292288 34340864 35651584 36700160 37748736 524288 
RESULT of P * Gt of Matrix with size 33 X 33


228589568 564658176 900988928 1237057536 1573388288 1909456896 -2049179648 -1713111040 -1376780288 -1040449536 -704380928 -368050176 -31981568 304349184 640417792 976748544 1312817152 1649147904 1985478656 -1973420032 -1637089280 -1301020672 -964689920 -628621312 -292290560 43778048 380108800 716439552 1052508160 1388838912 1724907520 2061238272 -1897660416 
2045509632 668991488 1651507200 -1660944384 -678428672 304087040 1286602752 -2025848832 -1043333120 -60555264 921960448 1904476160 -1407975424 -425459712 557056000 1539571712 -1772879872 -790364160 192151552 1174929408 -2137522176 -1155006464 -172490752 810024960 1792540672 -1519910912 -537395200 445120512 1427636224 -1884553216 -902037504 80478208 1062993920 
64749568 1693712384 1109393408 -1556611072 72089600 1701052416 -964952064 663748608 -2002255872 -373293056 1255407616 -1410596864 218365952 1847066624 -818937856 809762816 -1856241664 -227278848 1401421824 -1264582656 364380160 1993080832 -672923648 956039168 -1710227456 -81264640 1547436032 -1118568448 510394368 2139095040 -526909440 1102053376 -1564213248 
1086324736 -933494784 1341652992 1549795328 -469762048 1805385728 -214433792 2060713984 40894464 -1978925056 296484864 -1723334656 551813120 -1468006400 807141376 -1212416000 1062731776 -957087744 1318060032 -701759488 1573388288 -446169088 1828978688 -190840832 2084306944 64487424 -1955069952 320077824 -1699741696 575406080 -1444413440 830734336 -1188823040 
815267840 -558366720 -1931739136 989855744 1990459392 616824832 -756547584 -2129920000 791674880 -581959680 -1955332096 966262784 -407371776 -1780744192 1140850688 -232521728 -1606156288 1315438592 -57933824 -1431306240 1490026496 116654080 -1256718336 1664614400 291241984 -1082130432 1839464448 465829888 -907542528 2014052352 640679936 -732954624 -2106327040 
-748683264 -1475608576 2092171264 1364983808 637796352 -1864105984 1703673856 976748544 249561088 -477626368 -1204813824 -1931739136 1636040704 908853248 181665792 -545259520 -1272446976 -1999634432 1568145408 841220096 114032640 -613154816 -1340080128 -2067267584 1500512256 773324800 46399488 -680787968 -1407975424 -2135162880 1432879104 705691648 -21495808 
689963008 609222656 528482304 447479808 366739456 285999104 -1423704064 -1504444416 -1585184768 -1665925120 -1746665472 -1827667968 -1908408320 -1989148672 -2069889024 2144337920 2063335424 1982595072 1901854720 1821114368 1740374016 1659371520 1578631168 1497890816 1417150464 1336410112 1255407616 1174667264 1093926912 1013186560 932446208 851443712 770703360 
835977216 1401421824 1966866432 -1762394112 -1196949504 -631504896 -65798144 -983040000 -417595392 147849216 713555968 1279000576 1844445184 -1884815360 -1319370752 -753926144 -188219392 377225216 942669824 1508376576 2073821184 -1655701504 -1089994752 -524550144 41156608 606601216 1172045824 1737752576 -1991770112 -1426325504 -860618752 -295174144 270270464 
-310902784 900988928 2112880640 -970194944 241696768 1453588480 -1629749248 -417857536 -542638080 669253632 1881145344 -1201930240 9699328 1221591040 -1861484544 -649592832 562298880 1774190592 -1308884992 -96993280 1114898432 -1968439296 -756547584 455344128 1667235840 -1415839744 -203948032 1007943680 -2075131904 -863240192 348389376 1560281088 -1522794496 
1544814592 -892076032 966000640 -1470627840 387448832 -2049179648 -191102976 1667235840 -769654784 -102236160 1756102656 -680787968 1177288704 -1259339776 598736896 -1837891584 20185088 1878523904 -558366720 1299972096 -1136918528 721158144 -1715470336 142606336 2000945152 -435945472 1422393344 -1014497280 843579392 -1593049088 265027584 2123366400 -313524224 
2107637760 317194240 -1473249280 1031274496 -759169024 1745354752 -45088768 -1835532288 668991488 -1121452032 338165760 -1452277760 1052246016 -738197504 1766326272 -24117248 -1814560768 689963008 -1100480512 1404043264 -386400256 2118123520 327680000 -1462763520 1041760256 -748683264 1755840512 -34603008 -1825046528 679477248 -1110966272 1393557504 -396886016 
1377828864 233832448 -910426112 -2054422528 1096286208 -47710208 -1191968768 1959002112 814743552 -329252864 -1473511424 778829824 -365428736 -1509425152 1641283584 497287168 -646971392 -1790967808 1359740928 215744512 -928514048 -2072510464 1078198272 -65798144 -1210056704 1940914176 796917760 -347340800 -1491337216 1659371520 515375104 -628883456 -1772879872 
-644612096 -1142423552 -1640235008 -2138046464 1659109376 1161560064 663748608 165937152 -331874304 -829685760 -1327497216 -1825308672 1219231744 721420288 223608832 -274202624 -772014080 -1269825536 -1767636992 2029518848 1531969536 1034158080 536346624 38535168 -459276288 -957087744 -1454899200 -1952710656 1844445184 1346633728 848822272 351010816 -146800640 
335282176 483917824 632553472 780926976 929562624 1077936128 1226571776 1375207424 1523580928 1672216576 1820590080 1969225728 2117861376 1659633664 1808269312 1956904960 2105278464 -2041053184 -1892679680 -1744044032 -1595408384 -1447034880 -1298399232 -1150025728 -1001390080 -852754432 -704380928 -555745280 -407371776 -258736128 -110100480 38273024 186908672 
22544384 817364992 1612447744 -1887698944 -1092878336 -298057728 496762880 1291583488 2086404096 -1413480448 -618659840 176160768 970981376 1765801984 2100297728 -1399848960 -605028352 189792256 984612864 1779433472 -1720451072 -925630464 -130809856 664010752 1458831360 -2041315328 -1246494720 -451674112 343408640 1138229248 1933049856 -1567096832 -772276224 
-1582825472 -141557760 1299709952 -1554251776 -112984064 1328283648 -1525678080 -84410368 1356857344 -1497104384 -55836672 1385431040 -1468530688 -27262976 1414004736 -1754267648 -312999936 1128005632 -1725693952 -284426240 1156579328 -1697120256 -255852544 1185153024 -1668546560 -227278848 1213726720 -1639972864 -198705152 1242562560 -1611399168 -170131456 1271136256 
-185860096 1901592576 -305659904 1781792768 -425721856 1661730816 -545783808 1541931008 -665583616 1421869056 -785645568 1302069248 -905445376 1182007296 -1025507328 1061945344 -1313865728 773586944 -1433665536 653787136 -1553727488 533725184 -1673527296 413925376 -1793589248 293863424 -1913651200 174063616 -2033451008 54001664 2141454336 -65798144 2021654528 
-81526784 -1642594304 1091043328 -470024192 -2031091712 702808064 -858521600 1875378176 314310656 -1246756864 1486880768 -74186752 -1635254272 1098645504 -462684160 -2023751680 710148096 -873201664 1860435968 299368448 -1261699072 1472200704 -89128960 -1650196480 1083703296 -477364224 -2038693888 695205888 -865861632 1868038144 306970624 -1254359040 1479540736 
-1270087680 2110259200 1195376640 280494080 -634126336 -1549008896 1831075840 916455424 1572864 -913309696 -1827930112 1552154624 637272064 -277610496 -1192230912 -2107113472 1272971264 358350848 -432799744 -1347682304 2032402432 1117782016 202899456 -711983104 -1626603520 1753481216 838598656 -76021760 -990904320 -1905786880 1474560000 559677440 -355205120 
543948800 275513344 7077888 -261357568 -530055168 -798490624 -1066926080 -1335361536 -1603796992 -1872232448 -2140667904 1885601792 1617166336 1348730880 1080295424 811859968 543424512 274726912 6291456 7602176 -260833280 -529268736 -797704192 -1066139648 -1334837248 -1603272704 -1871708160 -2140143616 1886388224 1617952768 1349255168 1080819712 812384256 
1065353216 1443102720 1820852224 -2096103424 -1718353920 -1340604416 -962592768 -584843264 -206831616 170917888 548667392 926679040 1304428544 1682440192 2060189696 -1857028096 -1479016448 -1101266944 -723255296 -345505792 448004096 826015744 1203765248 1581776896 1959526400 -1957691392 -1579679744 -1201930240 -823918592 -446169088 -68419584 309592064 687341568 
293863424 1318060032 -1952710656 -928514048 95682560 1119879168 2144075776 -1126957056 -102760448 921436160 1945632768 -1325137920 -300941312 723255296 1747451904 -1523318784 -499122176 525074432 1549271040 -1721499648 -697303040 888668160 1912864768 -1357905920 -333709312 690225152 1714421760 -1556348928 -532152320 492044288 1516240896 -1754529792 -730333184 
-1770258432 -99614720 1570766848 -1053556736 616824832 -2007498752 -337117184 1333526528 -1291059200 379584512 2049966080 -574619648 1096024064 -1528561664 142082048 1812463616 -811859968 858521600 -1765801984 -95420416 1575223296 -1049362432 1329070080 -1295253504 375128064 2045509632 -578813952 1091567616 -1532755968 137625600 1808269312 -816316416 854327296 
-832045056 1485045760 -493092864 1823735808 -154402816 -2132541440 184287232 -1793851392 522977280 -1455161344 861667328 -1116471296 1200357376 -777781248 1539047424 -439091200 1877737472 -100401152 -2078539776 238288896 -1739849728 576978944 -1401159680 1769472000 -208666624 2108162048 130023424 -1848115200 468713472 -1509425152 807403520 -1170735104 1146093568 
-1186201600 1776812032 445120512 -886833152 2076442624 744488960 -587202560 -1918894080 1044119552 -287571968 -1619525632 1343750144 11796480 -1319895040 1643118592 311427072 -1020264448 1942749184 611057664 -720896000 -2052587520 910426112 -421265408 -1753219072 -2084831232 878182400 -453509120 -1785462784 1177812992 -154140672 -1485832192 1477443584 145489920 
1461714944 776208384 90701824 -594804736 -1280311296 -1965817856 1643642880 958136320 272891904 -412614656 -1098121216 -1783627776 1825832960 1140326400 454819840 -230686720 -916193280 -1601699840 2007760896 1322516480 637009920 -48496640 -734003200 -1419509760 -2105016320 -1644429312 1965031424 1279524864 594018304 -91488256 -776994816 -1462239232 2147221504 
-1477967872 -1517289472 -1556348928 -1595408384 -1634729984 -1673789440 -1712848896 -1752170496 -1791229952 -1830551552 -1869611008 -1908670464 -1947992064 -1987051520 -2026110976 -2065432576 -2104492032 -2143551488 2112094208 2073034752 2033713152 1994653696 1955594240 1916272640 1877213184 1838153728 -1204027392 -1243086848 -1282146304 -1321467904 -1360527360 -1399848960 -1438908416 
-1415315456 -808189952 -201064448 406061056 1013186560 1620574208 -2067267584 -1460142080 -853016576 -245891072 361234432 968622080 1575747584 -2112094208 -1504968704 -897843200 -290455552 316669952 923795456 1530920960 2138046464 -1549795328 -942407680 -335282176 271843328 878968832 1486094336 -763363328 -156237824 450887680 1058013184 1665138688 -2022703104 
1649410048 -1391984640 -138412032 1115160576 -1926496256 -672923648 580648960 1834221568 -1207435264 46137344 1299709952 -1741946880 -488374272 765198336 2018770944 -1022885888 230686720 1484259328 -1557397504 -303824896 949747712 -2091646976 -838336512 415236096 1668808704 -1372585984 -119275520 1134297088 -322961408 930611200 -2111045632 -857473024 396099584 
-873201664 1026555904 -1368391680 531365888 -1863843840 36175872 1935933440 -459276288 1440481280 -954466304 945291264 -1449918464 449839104 -1945108480 -45350912 1854406656 -540803072 1359216640 -1035993088 863764480 -1531445248 368574464 -2026635264 -126877696 1773142016 -622067712 1277689856 -1117519872 782499840 117440512 2017198080 -377749504 1522008064 
-393478144 -2142240768 403701760 -1345060864 1201143808 -547618816 1998585856 249561088 -1499201536 1047003136 -701759488 1844445184 95682560 -1653342208 892862464 -855900160 1690304512 -58458112 -1807482880 738721792 -1010040832 1536163840 -212598784 -1961623552 584581120 -1164181504 1382023168 -366739456 -2115764224 430440448 557842432 -1190920192 1355284480 
-1206648832 1986002944 883425280 -219152384 -1321467904 1870921728 768606208 -333971456 -1436549120 1756102656 653524992 -449052672 -1551368192 1641021440 538443776 -563871744 -1666449408 1525940224 423624704 -678952960 -1781530624 1411121152 308543488 -794034176 -1896349696 1296039936 193462272 -908853248 -2011430912 1180958720 78643200 998506496 -104071168 
982777856 526647296 70516736 -385613824 -842006528 -1298137088 -1754267648 2084569088 1628438528 1172307968 716177408 260046848 -196083712 -652476416 -1108606976 -1564737536 -2020868096 1817968640 1361838080 905707520 449576960 -6553600 -462946304 -919076864 -1375207424 -1831337984 2007498752 1551368192 1095237632 639107072 182976512 -273416192 1438908416 
RESULT of PG * Gt of Matrix with size 33 X 33


12320768 12320768 12320768 12320768 12320768 12320768 12582912 12582912 12582912 12582912 12582912 12582912 12582912 12582912 12582912 12582912 12582912 12582912 12582912 12582912 12582912 12845056 12845056 12845056 12845056 12845056 12845056 12845056 12845056 12845056 12845056 12845056 12845056 
12845056 12320768 12320768 12320768 12320768 12320768 12582912 12582912 12582912 12582912 12582912 12582912 12582912 12582912 12582912 12582912 12582912 12582912 12582912 12582912 12582912 12845056 12845056 12845056 12845056 12845056 12845056 12845056 12845056 12845056 12845056 12845056 12845056 
12845056 12845056 12320768 12320768 12320768 12320768 12582912 12582912 12582912 12582912 12582912 12582912 12582912 12582912 12582912 12582912 12582912 12582912 12582912 12582912 12582912 12845056 12845056 12845056 12845056 12845056 12845056 12845056 12845056 12845056 12845056 12845056 12845056 
12845056 12845056 13107200 12320768 12320768 12320768 12582912 12582912 12582912 12582912 12582912 12582912 12582912 12582912 12582912 12582912 12582912 12582912 12582912 12582912 12582912 12845056 12845056 12845056 12845056 12845056 12845056 12845056 12845056 12845056 12845056 12845056 12845056 
12845056 12845056 13107200 13107200 12320768 12320768 12582912 12582912 12582912 12582912 12582912 12582912 12582912 12582912 12582912 12582912 12582912 12582912 12582912 12582912 12582912 12845056 12845056 12845056 12845056 12845056 12845056 12845056 12845056 12845056 12845056 12845056 12845056 
12845056 12845056 13107200 13107200 13107200 12320768 12582912 12582912 12582912 12582912 12582912 12582912 12582912 12582912 12582912 12582912 12582912 12582912 12582912 12582912 12582912 12845056 12845056 12845056 12845056 12845056 12845056 12845056 12845056 12845056 12845056 12845056 12845056 
12845056 12845056 13107200 13107200 13107200 13107200 12582912 12582912 12582912 12582912 12582912 12582912 12582912 12582912 12582912 12582912 12582912 12582912 12582912 12582912 12582912 12845056 12845056 12845056 12845056 12845056 12845056 12845056 12845056 12845056 12845056 12845056 12845056 
12845056 12845056 13107200 13107200 13107200 13107200 13107200 12582912 12582912 12582912 12582912 12582912 12582912 12582912 12582912 12582912 12582912 12582912 12582912 12582912 12845056 12845056 12845056 12845056 12845056 12845056 12845056 12845056 12845056 12845056 12845056 12845056 12845056 
12845056 12845056 13107200 13107200 13107200 13107200 13107200 13107200 12582912 12582912 12582912 12582912 12582912 12582912 12582912 12582912 12582912 12582912 12582912 12582912 12845056 12845056 12845056 12845056 12845056 12845056 12845056 12845056 12845056 12845056 12845056 12845056 12845056 
12845056 12845056 13107200 13107200 13107200 13107200 13107200 13107200 13107200 12582912 12582912 12582912 12582912 12582912 12582912 12582912 12582912 12582912 12582912 12582912 12845056 12845056 12845056 12845056 12845056 12845056 12845056 12845056 12845056 12845056 12845056 12845056 12845056 
12845056 12845056 13107200 13107200 13107200 13107200 13107200 13107200 13107200 13107200 12582912 12582912 12582912 12582912 12582912 12582912 12582912 12582912 12582912 12582912 12845056 12845056 12845056 12845056 12845056 12845056 12845056 12845056 12845056 12845056 12845056 12845056 12845056 
12845056 12845056 13107200 13107200 13107200 13107200 13107200 13107200 13107200 13107200 13107200 12582912 12582912 12582912 12582912 12582912 12582912 12582912 12582912 12582912 12845056 12845056 12845056 12845056 12845056 12845056 12845056 12845056 12845056 12845056 12845056 12845056 12845056 
12845056 12845056 13107200 13107200 13107200 13107200 13107200 13107200 13107200 13107200 13107200 13107200 12582912 12582912 12582912 12582912 12582912 12582912 12582912 12582912 12845056 12845056 12845056 12845056 12845056 12845056 12845056 12845056 12845056 12845056 12845056 12845056 12845056 
12845056 12845056 13107200 13107200 13107200 13107200 13107200 13107200 13107200 13107200 13107200 13107200 13107200 12582912 12582912 12582912 12582912 12582912 12582912 12582912 12845056 12845056 12845056 12845056 12845056 12845056 12845056 12845056 12845056 12845056 12845056 12845056 12845056 
12845056 12845056 13107200 13107200 13107200 13107200 13107200 13107200 13107200 13107200 13107200 13107200 13107200 13107200 12582912 12582912 12582912 12582912 12582912 12582912 12582912 12845056 12845056 12845056 12845056 12845056 12845056 12845056 12845056 12845056 12845056 12845056 12845056 
12845056 12845056 13107200 13107200 13107200 13107200 13107200 13107200 13107200 13107200 13107200 13107200 13107200 13107200 13107200 12582912 12582912 12582912 12582912 12582912 12582912 12845056 12845056 12845056 12845056 12845056 12845056 12845056 12845056 12845056 12845056 12845056 12845056 
12845056 12845056 13107200 13107200 13107200 13107200 13107200 13107200 13107200 13107200 13107200 13107200 13107200 13107200 13107200 13107200 12582912 12582912 12582912 12582912 12582912 12845056 12845056 12845056 12845056 12845056 12845056 12845056 12845056 12845056 12845056 12845056 12845056 
12845056 12845056 13107200 13107200 13107200 13107200 13107200 13107200 13107200 13107200 13107200 13107200 13107200 13107200 13107200 13107200 13107200 12582912 12582912 12582912 12582912 12845056 12845056 12845056 12845056 12845056 12845056 12845056 12845056 12845056 12845056 12845056 12845056 
12845056 12845056 13107200 13107200 13107200 13107200 13107200 13107200 13107200 13107200 13107200 13107200 13107200 13107200 13107200 13107200 13107200 13369344 12582912 12582912 12582912 12845056 12845056 12845056 12845056 12845056 12845056 12845056 12845056 12845056 12845056 12845056 12845056 
12845056 12845056 13107200 13107200 13107200 13107200 13107200 13107200 13107200 13107200 13107200 13107200 13107200 13107200 13107200 13107200 13107200 13369344 13369344 12582912 12582912 12845056 12845056 12845056 12845056 12845056 12845056 12845056 12845056 12845056 12845056 12845056 12845056 
12845056 12845056 13107200 13107200 13107200 13107200 13107200 13107200 13107200 13107200 13107200 13107200 13107200 13107200 13107200 13107200 13107200 13369344 13369344 13369344 12582912 12845056 12845056 12845056 12845056 12845056 12845056 12845056 12845056 12845056 12845056 12845056 12845056 
12845056 12845056 13107200 13107200 13107200 13107200 13107200 13107200 13107200 13107200 13107200 13107200 13107200 13107200 13107200 13107200 13107200 13369344 13369344 13369344 13369344 12845056 12845056 12845056 12845056 12845056 12845056 12845056 12845056 12845056 12845056 12845056 12845056 
12845056 12845056 13107200 13107200 13107200 13107200 13107200 13107200 13107200 13107200 13107200 13107200 13107200 13107200 13107200 13107200 13107200 13369344 13369344 13369344 13369344 13369344 12845056 12845056 12845056 12845056 12845056 12845056 12845056 12845056 12845056 12845056 12845056 
12845056 12845056 13107200 13107200 13107200 13107200 13107200 13107200 13107200 13107200 13107200 13107200 13107200 13107200 13107200 13107200 13107200 13369344 13369344 13369344 13369344 13369344 13369344 12845056 12845056 12845056 12845056 12845056 12845056 12845056 12845056 12845056 12845056 
12845056 12845056 13107200 13107200 13107200 13107200 13107200 13107200 13107200 13107200 13107200 13107200 13107200 13107200 13107200 13107200 13107200 13369344 13369344 13369344 13369344 13369344 13369344 13369344 12845056 12845056 12845056 12845056 12845056 12845056 12845056 12845056 12845056 
12845056 12845056 13107200 13107200 13107200 13107200 13107200 13107200 13107200 13107200 13107200 13107200 13107200 13107200 13107200 13107200 13107200 13369344 13369344 13369344 13369344 13369344 13369344 13369344 13369344 12845056 12845056 12845056 12845056 12845056 12845056 12845056 12845056 
12845056 12845056 13107200 13107200 13107200 13107200 13107200 13107200 13107200 13107200 13107200 13107200 13107200 13107200 13107200 13107200 13107200 13369344 13369344 13369344 13369344 13369344 13369344 13369344 13369344 13369344 12845056 12845056 12845056 12845056 12845056 12845056 12845056 
12845056 12845056 13107200 13107200 13107200 13107200 13107200 13107200 13107200 13107200 13107200 13107200 13107200 13107200 13107200 13107200 13107200 13369344 13369344 13369344 13369344 13369344 13369344 13369344 13369344 13369344 13369344 12845056 12845056 12845056 12845056 12845056 12845056 
12845056 12845056 13107200 13107200 13107200 13107200 13107200 13107200 13107200 13107200 13107200 13107200 13107200 13107200 13107200 13107200 13107200 13369344 13369344 13369344 13369344 13369344 13369344 13369344 13369344 13369344 13369344 13369344 12845056 12845056 12845056 12845056 12845056 
12845056 12845056 13107200 13107200 13107200 13107200 13107200 13107200 13107200 13107200 13107200 13107200 13107200 13107200 13107200 13107200 13107200 13369344 13369344 13369344 13369344 13369344 13369344 13369344 13369344 13369344 13369344 13369344 13369344 12845056 12845056 12845056 12845056 
12845056 12845056 13107200 13107200 13107200 13107200 13107200 13107200 13107200 13107200 13107200 13107200 13107200 13107200 13107200 13107200 13107200 13369344 13369344 13369344 13369344 13369344 13369344 13369344 13369344 13369344 13369344 13369344 13369344 13369344 12845056 12845056 12845056 
12845056 12845056 13107200 13107200 13107200 13107200 13107200 13107200 13107200 13107200 13107200 13107200 13107200 13107200 13107200 13107200 13107200 13369344 13369344 13369344 13369344 13369344 13369344 13369344 13369344 13369344 13369344 13369344 13369344 13369344 13369344 12845056 12845056 
12845056 12845056 13107200 13107200 13107200 13107200 13107200 13107200 13107200 13107200 13107200 13107200 13107200 13107200 13107200 13107200 13107200 13369344 13369344 13369344 13369344 13369344 13369344 13369344 13369344 13369344 13369344 13369344 13369344 13369344 13369344 13631488 12845056 
RESULT of Pt * G of Matrix with size 33 X 33


1352138752 1773666304 -2099773440 -1678245888 -1256718336 -835452928 -413925376 7602176 429129728 850657280 1272184832 1693450240 2114977792 -1758461952 -1336934400 -915406848 -493879296 -72351744 348913664 770441216 1191968768 1613496320 2035023872 -1838415872 -1417150464 -995622912 -574095360 -152567808 268959744 690487296 1112014848 1533280256 1954807808 
-2003828736 1669332992 2091384832 -1781530624 -1359216640 -937164800 -515112960 -93061120 328990720 751042560 1173094400 1595146240 2017198080 -1855455232 -1433403392 -1011351552 -589299712 -167247872 254803968 676855808 1098907648 1520959488 1943273472 -1929641984 -1507590144 -1085538304 -663486464 -241434624 180617216 602669056 1024720896 1447034880 1869086720 
-2090336256 -1667760128 1986527232 -1885601792 -1463025664 -1040449536 -617611264 -195035136 227803136 650379264 1072955392 1495793664 1918369792 -1954021376 -1531183104 -1108606976 -685768704 -263192576 159383552 582221824 1004797952 1427374080 1850212352 -2022178816 -1599340544 -1176764416 -754188288 -331350016 91226112 513802240 936640512 1359216640 1782054912 
2117074944 -1754791936 -1331429376 -1991245824 -1567883264 -1144520704 -721420288 -298057728 125304832 548405248 971767808 1395130368 1818230784 -2053373952 -1630273536 -1206910976 -783548416 -360448000 62914560 486277120 909377536 1332740096 1756102656 -2115764224 -1692401664 -1269039104 -845938688 -422576128 524288 423886848 847249408 1270349824 1693712384 
2028208128 -1842872320 -1418985472 -995360768 -1673789440 -1250164736 -826277888 -402391040 21495808 445382656 869269504 1293156352 1717043200 2140930048 -1730150400 -1306525696 -882638848 -458752000 -34865152 389021696 812908544 1236795392 1660682240 2084569088 -1786511360 -1362624512 -938999808 -515112960 -91226112 332660736 756547584 1180434432 1604321280 
1938030592 -1932263424 -1507852288 -1083441152 -659030016 -1356595200 -932184064 -507772928 -83361792 341049344 765460480 1190133760 1614544896 2038956032 -1831600128 -1407188992 -982515712 -558104576 -133693440 290717696 715128832 1139539968 1564213248 1988624384 -1881931776 -1457520640 -1033109504 -608698368 -184025088 240386048 664797184 1089208320 1513619456 
1846804480 -2022965248 -1598029824 -1172832256 -747896832 -322699264 -1039400960 -614465536 -189267968 235667456 660602880 1085800448 1510735872 1935933440 -1934098432 -1508900864 -1083965440 -658767872 -233832448 191102976 616300544 1041235968 1466433536 1891368960 -1978400768 -1553465344 -1128529920 -703332352 -278396928 146800640 571736064 996933632 1421869056 
1754529792 -2114715648 -1689255936 -1263534080 -837812224 -412352512 13369344 -722206720 -296484864 128974848 554696704 980418560 1405878272 1831600128 -2037645312 -1612185600 -1186463744 -760741888 -335020032 90439680 516161536 941883392 1367343104 1793064960 -2076180480 -1650720768 -1224998912 -799277056 -373817344 51904512 477626368 903348224 1328807936 
1660944384 2087190528 -1781530624 -1355284480 -929038336 -502792192 -76546048 349700096 -405012480 21233664 447479808 873725952 1299972096 1726218240 -2142502912 -1716256768 -1290010624 -863764480 -437518336 -11272192 414973952 840957952 1267204096 1693450240 2119696384 -1749024768 -1322778624 -896532480 -470286336 -44040192 382205952 808452096 1234698240 
1566048256 1993080832 -1875116032 -1448345600 -1021575168 -594542592 -167772160 258998272 685768704 -87818240 338952192 765984768 1192755200 1619525632 2046296064 -1821900800 -1394868224 -968097792 -541327360 -114556928 312475648 739246080 1166016512 1592786944 2019557376 -1848377344 -1421606912 -994836480 -568066048 -141033472 285736960 712507392 1139277824 
1470103552 1897660416 -1970012160 -1542455296 -1115160576 -687603712 -260308992 167247872 594542592 1022099456 229376000 656932864 1084227584 1511784448 1939079168 -1928331264 -1501036544 -1073479680 -646184960 -218628096 208666624 636223488 1063518208 1491075072 1918369792 -1949040640 -1521745920 -1094451200 -666894336 -239599616 187957248 615251968 1042808832 
1373110272 1801191424 -2065956864 -1637875712 -1209794560 -781713408 -353894400 74186752 502267904 930349056 1358168064 546570240 974651392 1402732544 1830813696 -2036334592 -1608253440 -1180172288 -752091136 -324272128 103809024 531890176 959971328 1387790336 1815871488 -2051014656 -1622933504 -1195114496 -767033344 -338952192 89128960 516947968 945029120 
1274806272 1703411712 2132017152 -1734344704 -1305739264 -877133824 -448528384 -19922944 408682496 837287936 1265893376 1694498816 863764480 1292369920 1720975360 -2145386496 -1716781056 -1288175616 -859308032 -430702592 -2097152 426508288 855113728 1283719168 1712324608 2140930048 -1725431808 -1296826368 -868220928 -439615488 -11010048 417595392 846200832 
1175191552 1604321280 2033713152 -1832124416 -1402994688 -973602816 -544473088 -115343360 313786368 743178240 1172307968 1601437696 2030567424 1181220864 1610350592 2039480320 -1826357248 -1396965376 -967835648 -538705920 -109576192 319815680 748945408 1178075136 1607467008 2036596736 -1829240832 -1400111104 -970719232 -541589504 -112459776 316932096 746061824 
1074528256 1504444416 1934098432 -1930952704 -1501298688 -1071382528 -641728512 -211812352 217841664 647757824 1077411840 1507328000 1937244160 -1928069120 1498415104 1928069120 -1936982016 -1507328000 -1077411840 -647757824 -217841664 211812352 641728512 1071644672 1501298688 1931214848 -1934098432 -1504182272 -1074528256 -644612096 -214958080 214958080 644612096 
972554240 1402994688 1833435136 -2031091712 -1600651264 -1170472960 -740032512 -309592064 120848384 551288832 981467136 1411907584 1842348032 -2022178816 -1591738368 1815609344 -2048917504 -1618739200 -1188298752 -757858304 -327417856 103022592 533200896 963641344 1394081792 1824522240 -2040004608 -1609826304 -1179385856 -748945408 -318504960 111935488 542113792 
869531648 1300496384 1731461120 -2132541440 -1701576704 -1270611968 -839385088 -408420352 22544384 453509120 884473856 1315438592 1746403328 -2117599232 -1686634496 -1255669760 2132803584 -1731198976 -1300234240 -869269504 -438304768 -7340032 423624704 854589440 1285554176 1716518912 -2147221504 -1716256768 -1285292032 -854327296 -423362560 7602176 438566912 
765198336 1196949504 1628438528 2059927552 -1803288576 -1371799552 -940310528 -508559360 -77070336 354418688 786169856 1217658880 1649147904 2080899072 -1782579200 -1351090176 -919339008 -1844969472 -1413480448 -981729280 -550240256 -118751232 312999936 744488960 1175977984 1607729152 2039218176 -1824260096 -1392508928 -961019904 -529530880 -97779712 333709312 
659816448 1092091904 1524105216 1956380672 -1906573312 -1474297856 -1042022400 -610009088 -177733632 254279680 686555136 1118830592 1550843904 1983119360 -1879834624 -1447559168 -1015283712 -583270400 -1527775232 -1095499776 -663486464 -231211008 200802304 633077760 1065353216 1497366528 1929641984 -1933312000 -1501036544 -1068761088 -636747776 -204472320 227540992 
553123840 985923584 1418723328 1851523072 -2010644480 -1577844736 -1145307136 -712507392 -279707648 153092096 585891840 1018691584 1451491328 1884291072 -1978138624 -1545338880 -1112539136 -679739392 -246939648 -1210580992 -777781248 -344981504 87818240 520617984 953155584 1385955328 1818755072 -2043412480 -1610612736 -1177812992 -745013248 -312213504 120324096 
445382656 878706688 1312030720 1745354752 -2116288512 -1682702336 -1249378304 -816054272 -382730240 50593792 483917824 917241856 1350565888 1784152064 -2077491200 -1644167168 -1210843136 -777519104 -344195072 89128960 -893386752 -460062720 -26476544 406847488 840171520 1273495552 1706819584 2140143616 -1721499648 -1288175616 -854589440 -421265408 12058624 
336330752 770179072 1204289536 1638137856 2072248320 -1788870656 -1355022336 -920911872 -487063552 -52953088 380895232 814743552 1248854016 1682702336 2116812800 -1744306176 -1310457856 -876347392 -442499072 -8388608 425459712 -576192512 -142082048 291766272 725876736 1159725056 1593573376 2027683840 -1833435136 -1399324672 -965476352 -531628032 -97517568 
226230272 660602880 1095237632 1529872384 1964244992 -1896087552 -1461452800 -1027080192 -592445440 -157810688 276561920 711196672 1145831424 1580204032 2014838784 -1845493760 -1411121152 -976486400 -541851648 -107479040 327155712 761790464 -258998272 175636480 610271232 1044643840 1479278592 1913913344 -1946681344 -1512046592 -1077411840 -643039232 -208404480 
114819072 549978112 985137152 1420296192 1855193088 -2004615168 -1569456128 -1134297088 -699138048 -263979008 171180032 606339072 1041498112 1476657152 1911816192 -1947992064 -1512833024 -1077936128 -642777088 -207618048 227540992 662700032 1097859072 58458112 493617152 928514048 1363673088 1798832128 -2060976128 -1625817088 -1190658048 -755499008 -320339968 
2097152 438042624 873725952 1309409280 1745092608 -2114191360 -1678508032 -1242562560 -806879232 -371195904 64487424 500170752 936116224 1371799552 1807482880 -2051801088 -1616117760 -1180172288 -744488960 -308805632 126877696 562561024 998244352 1434189824 375652352 811335680 1247019008 1682702336 2118385664 -1740636160 -1304952832 -869269504 -433586176 
-111673344 324796416 761004032 1197473792 1633681408 2070151168 -1788608512 -1352138752 -915931136 -479723520 -43253760 392953856 829423616 1265631232 1702100992 2138308608 -1720188928 -1283981312 -847773696 -411303936 24903680 461373440 897581056 1334050816 1770258432 692846592 1129054208 1565523968 2001731584 -1856765952 -1420558336 -984088576 -547880960 
-226492416 210501632 647233536 1084227584 1521221632 1957953536 -1900019712 -1463025664 -1026031616 -589299712 -152305664 284688384 721420288 1158414336 1595408384 2032402432 -1825832960 -1388838912 -951844864 -515112960 -78118912 358875136 795869184 1232601088 1669595136 2106589184 1010040832 1447034880 1883766784 -1974206464 -1537212416 -1100480512 -663486464 
-342622208 94896128 532414464 969932800 1407451136 1844969472 -2012479488 -1574961152 -1137442816 -699924480 -262406144 175112192 612630528 1050148864 1487667200 1925185536 -1932263424 -1495007232 -1057488896 -619970560 -182452224 255066112 692584448 1130102784 1567621120 2005139456 -1852309504 1327235072 1764753408 -2092695552 -1655177216 -1217658880 -780140544 
-460062720 -21757952 416284672 854327296 1292369920 1730674688 -2126249984 -1688207360 -1250164736 -811859968 -373817344 64225280 502267904 940310528 1378615296 1816657920 -2040266752 -1602224128 -1163919360 -725876736 -287834112 150208512 588513280 1026555904 1464598528 1902641152 -1954021376 -1515978752 1644429312 2082471936 -1774190592 -1336147968 -898105344 
-578551808 -139722752 298844160 737673216 1176240128 1615069184 2053636096 -1802502144 -1363935232 -925106176 -486539264 -47710208 390856704 829685760 1268252672 1707081728 2145648640 -1710489600 -1271922688 -833093632 -394526720 44302336 482869248 921698304 1360265216 1799094272 -2057306112 -1618477056 -1179910144 1961623552 -1894514688 -1455947776 -1017118720 
-698089472 -258998272 180355072 619708416 1059061760 1498152960 1937506304 -1918107648 -1478754304 -1039400960 -600309760 -160956416 278396928 717750272 1156841472 1596194816 2035548160 -1820065792 -1380974592 -941621248 -502267904 -62914560 376438784 815529984 1254883328 1694236672 2133590016 -1722286080 -1282932736 -843579392 -2016149504 -1576796160 -1137442816 
-818937856 -379060224 60817408 500695040 940572672 1380450304 1820327936 -2034761728 -1594884096 -1155006464 -715128832 -275251200 164626432 604504064 1044381696 1484259328 1924136960 -1930952704 -1491075072 -1051197440 -611319808 -171442176 268435456 708313088 1148190720 1588068352 2027945984 -1827143680 -1387266048 -947388416 -507248640 -1698955264 -1259077632 
-941096960 -500695040 -60293120 380370944 820772864 1261174784 1701838848 2142240768 -1712324608 -1271660544 -831258624 -390856704 49545216 490209280 930611200 1371013120 1811677184 -2042888192 -1602486272 -1161822208 -721420288 -281018368 159383552 600047616 1040449536 1480851456 1921515520 -1933049856 -1492647936 -1052246016 -611581952 -171180032 -1381498880 
RESULT of [PG]t * G of Matrix with size 33 X 33


262144 786432 1310720 2097152 2621440 3145728 3670016 4194304 4980736 5505024 6029312 6553600 7077888 7864320 8388608 8912896 9437184 9961472 10747904 11272192 11796480 12320768 12845056 13631488 14155776 14680064 15204352 15728640 16515072 17039360 17563648 18087936 18612224 
18612224 262144 786432 1310720 2097152 2621440 3145728 3670016 4194304 4980736 5505024 6029312 6553600 7077888 7864320 8388608 8912896 9437184 9961472 10747904 11272192 11796480 12320768 12845056 13631488 14155776 14680064 15204352 15728640 16515072 17039360 17563648 18087936 
18087936 18874368 262144 786432 1310720 2097152 2621440 3145728 3670016 4194304 4980736 5505024 6029312 6553600 7077888 7864320 8388608 8912896 9437184 10223616 10747904 11272192 11796480 12320768 13107200 13631488 14155776 14680064 15204352 15990784 16515072 17039360 17563648 
17563648 18350080 18874368 262144 786432 1310720 2097152 2621440 3145728 3670016 4194304 4980736 5505024 6029312 6553600 7340032 7864320 8388608 8912896 9437184 10223616 10747904 11272192 11796480 12320768 13107200 13631488 14155776 14680064 15204352 15990784 16515072 17039360 
17039360 17563648 18350080 18874368 262144 786432 1310720 2097152 2621440 3145728 3670016 4456448 4980736 5505024 6029312 6553600 7340032 7864320 8388608 8912896 9437184 10223616 10747904 11272192 11796480 12582912 13107200 13631488 14155776 14680064 15466496 15990784 16515072 
16515072 17039360 17825792 18350080 18874368 262144 786432 1310720 2097152 2621440 3145728 3670016 4456448 4980736 5505024 6029312 6553600 7340032 7864320 8388608 8912896 9699328 10223616 10747904 11272192 11796480 12582912 13107200 13631488 14155776 14680064 15466496 15990784 
15990784 16515072 17039360 17825792 18350080 18874368 262144 786432 1310720 2097152 2621440 3145728 3670016 4456448 4980736 5505024 6029312 6553600 7340032 7864320 8388608 8912896 9699328 10223616 10747904 11272192 11796480 12582912 13107200 13631488 14155776 14942208 15466496 
15466496 15990784 16515072 17301504 17825792 18350080 18874368 262144 786432 1310720 2097152 2621440 3145728 3670016 4456448 4980736 5505024 6029312 6815744 7340032 7864320 8388608 8912896 9699328 10223616 10747904 11272192 12058624 12582912 13107200 13631488 14155776 14942208 
14942208 15466496 15990784 16515072 17301504 17825792 18350080 18874368 262144 786432 1310720 2097152 2621440 3145728 3670016 4456448 4980736 5505024 6029312 6815744 7340032 7864320 8388608 8912896 9699328 10223616 10747904 11272192 12058624 12582912 13107200 13631488 14417920 
14417920 14942208 15466496 15990784 16777216 17301504 17825792 18350080 19136512 262144 786432 1310720 2097152 2621440 3145728 3670016 4456448 4980736 5505024 6029312 6815744 7340032 7864320 8388608 9175040 9699328 10223616 10747904 11272192 12058624 12582912 13107200 13631488 
13893632 14417920 14942208 15466496 15990784 16777216 17301504 17825792 18350080 19136512 262144 786432 1572864 2097152 2621440 3145728 3670016 4456448 4980736 5505024 6029312 6815744 7340032 7864320 8388608 9175040 9699328 10223616 10747904 11534336 12058624 12582912 13107200 
13107200 13893632 14417920 14942208 15466496 16252928 16777216 17301504 17825792 18612224 19136512 262144 786432 1572864 2097152 2621440 3145728 3670016 4456448 4980736 5505024 6029312 6815744 7340032 7864320 8388608 9175040 9699328 10223616 10747904 11534336 12058624 12582912 
12582912 13107200 13893632 14417920 14942208 15466496 16252928 16777216 17301504 17825792 18612224 19136512 262144 786432 1572864 2097152 2621440 3145728 3932160 4456448 4980736 5505024 6291456 6815744 7340032 7864320 8388608 9175040 9699328 10223616 10747904 11534336 12058624 
12058624 12582912 13369344 13893632 14417920 14942208 15728640 16252928 16777216 17301504 18087936 18612224 19136512 262144 786432 1572864 2097152 2621440 3145728 3932160 4456448 4980736 5505024 6291456 6815744 7340032 7864320 8650752 9175040 9699328 10223616 11010048 11534336 
11534336 12058624 12582912 13369344 13893632 14417920 14942208 15728640 16252928 16777216 17301504 18087936 18612224 19136512 262144 786432 1572864 2097152 2621440 3145728 3932160 4456448 4980736 5505024 6291456 6815744 7340032 7864320 8650752 9175040 9699328 10223616 11010048 
11010048 11534336 12058624 12582912 13369344 13893632 14417920 15204352 15728640 16252928 16777216 17563648 18087936 18612224 19136512 262144 786432 1572864 2097152 2621440 3145728 3932160 4456448 4980736 5505024 6291456 6815744 7340032 7864320 8650752 9175040 9699328 10223616 
10485760 11010048 11534336 12058624 12845056 13369344 13893632 14417920 15204352 15728640 16252928 16777216 17563648 18087936 18612224 19136512 262144 786432 1572864 2097152 2621440 3145728 3932160 4456448 4980736 5505024 6291456 6815744 7340032 7864320 8650752 9175040 9699328 
9699328 10485760 11010048 11534336 12058624 12845056 13369344 13893632 14417920 15204352 15728640 16252928 17039360 17563648 18087936 18612224 19398656 262144 786432 1572864 2097152 2621440 3145728 3932160 4456448 4980736 5505024 6291456 6815744 7340032 8126464 8650752 9175040 
9175040 9699328 10485760 11010048 11534336 12058624 12845056 13369344 13893632 14680064 15204352 15728640 16252928 17039360 17563648 18087936 18612224 19398656 262144 786432 1572864 2097152 2621440 3145728 3932160 4456448 4980736 5505024 6291456 6815744 7340032 8126464 8650752 
8650752 9175040 9699328 10485760 11010048 11534336 12320768 12845056 13369344 13893632 14680064 15204352 15728640 16515072 17039360 17563648 18087936 18874368 19398656 262144 786432 1572864 2097152 2621440 3145728 3932160 4456448 4980736 5767168 6291456 6815744 7340032 8126464 
8126464 8650752 9175040 9961472 10485760 11010048 11534336 12320768 12845056 13369344 14155776 14680064 15204352 15728640 16515072 17039360 17563648 18087936 18874368 19398656 262144 786432 1572864 2097152 2621440 3145728 3932160 4456448 4980736 5767168 6291456 6815744 7340032 
7340032 8126464 8650752 9175040 9961472 10485760 11010048 11534336 12320768 12845056 13369344 14155776 14680064 15204352 15728640 16515072 17039360 17563648 18350080 18874368 19398656 262144 786432 1572864 2097152 2621440 3145728 3932160 4456448 4980736 5767168 6291456 6815744 
6815744 7602176 8126464 8650752 9175040 9961472 10485760 11010048 11796480 12320768 12845056 13369344 14155776 14680064 15204352 15990784 16515072 17039360 17563648 18350080 18874368 19398656 262144 786432 1572864 2097152 2621440 3407872 3932160 4456448 4980736 5767168 6291456 
6291456 6815744 7602176 8126464 8650752 9175040 9961472 10485760 11010048 11796480 12320768 12845056 13631488 14155776 14680064 15204352 15990784 16515072 17039360 17825792 18350080 18874368 19398656 262144 786432 1572864 2097152 2621440 3407872 3932160 4456448 4980736 5767168 
5767168 6291456 6815744 7602176 8126464 8650752 9437184 9961472 10485760 11010048 11796480 12320768 12845056 13631488 14155776 14680064 15204352 15990784 16515072 17039360 17825792 18350080 18874368 19660800 262144 786432 1572864 2097152 2621440 3407872 3932160 4456448 4980736 
4980736 5767168 6291456 6815744 7602176 8126464 8650752 9437184 9961472 10485760 11010048 11796480 12320768 12845056 13631488 14155776 14680064 15466496 15990784 16515072 17301504 17825792 18350080 18874368 19660800 262144 786432 1572864 2097152 2621440 3407872 3932160 4456448 
4456448 5242880 5767168 6291456 6815744 7602176 8126464 8650752 9437184 9961472 10485760 11272192 11796480 12320768 12845056 13631488 14155776 14680064 15466496 15990784 16515072 17301504 17825792 18350080 19136512 19660800 262144 786432 1572864 2097152 2621440 3407872 3932160 
3932160 4456448 5242880 5767168 6291456 6815744 7602176 8126464 8650752 9437184 9961472 10485760 11272192 11796480 12320768 13107200 13631488 14155776 14942208 15466496 15990784 16515072 17301504 17825792 18350080 19136512 19660800 262144 786432 1572864 2097152 2621440 3407872 
3407872 3932160 4456448 5242880 5767168 6291456 7077888 7602176 8126464 8650752 9437184 9961472 10485760 11272192 11796480 12320768 13107200 13631488 14155776 14942208 15466496 15990784 16777216 17301504 17825792 18350080 19136512 19660800 262144 786432 1572864 2097152 2621440 
2621440 3407872 3932160 4456448 5242880 5767168 6291456 7077888 7602176 8126464 8912896 9437184 9961472 10485760 11272192 11796480 12320768 13107200 13631488 14155776 14942208 15466496 15990784 16777216 17301504 17825792 18612224 19136512 19660800 262144 786432 1572864 2097152 
2097152 2621440 3407872 3932160 4456448 5242880 5767168 6291456 7077888 7602176 8126464 8912896 9437184 9961472 10747904 11272192 11796480 12582912 13107200 13631488 14155776 14942208 15466496 15990784 16777216 17301504 17825792 18612224 19136512 19660800 262144 786432 1572864 
1572864 2097152 2621440 3407872 3932160 4456448 5242880 5767168 6291456 7077888 7602176 8126464 8912896 9437184 9961472 10747904 11272192 11796480 12582912 13107200 13631488 14417920 14942208 15466496 16252928 16777216 17301504 18087936 18612224 19136512 19922944 262144 786432 
786432 1572864 2097152 2621440 3407872 3932160 4456448 5242880 5767168 6291456 7077888 7602176 8126464 8912896 9437184 9961472 10747904 11272192 11796480 12582912 13107200 13631488 14417920 14942208 15466496 16252928 16777216 17301504 18087936 18612224 19136512 19922944 262144 
RESULT of Pt * Gt of Matrix with size 33 X 33


228589568 668991488 1109393408 1549795328 1990459392 -1864105984 -1423704064 -983040000 -542638080 -102236160 338165760 778829824 1219231744 1659633664 2100297728 -1754267648 -1313865728 -873201664 -432799744 7602176 448004096 888668160 1329070080 1769472000 -2084831232 -1644429312 -1204027392 -763363328 -322961408 117440512 557842432 998506496 1438908416 
982777856 564658176 1651507200 -1556611072 -469762048 616824832 1703673856 -1504444416 -417595392 669253632 1756102656 -1452277760 -365428736 721420288 1808269312 -1399848960 -312999936 773586944 1860435968 -1347682304 -260833280 826015744 1912864768 -1295253504 -208666624 878182400 1965031424 -1243086848 -156237824 930611200 2017198080 -1190920192 -104071168 
-1206648832 526647296 900988928 -1660944384 72089600 1805385728 -756547584 976748544 -1585184768 147849216 1881145344 -680787968 1052246016 -1509425152 223608832 1956904960 -605028352 1128005632 -1433665536 299368448 2032402432 -529268736 1203765248 -1357905920 375128064 2108162048 -453509120 1279524864 -1282146304 450887680 -2111045632 -377749504 1355284480 
-393478144 1986002944 70516736 1237057536 -678428672 1701052416 -214433792 -2129920000 249561088 -1665925120 713555968 -1201930240 1177288704 -738197504 1641283584 -274202624 2105278464 189792256 -1725693952 653787136 -1261699072 1117782016 -797704192 1581776896 -333709312 2045509632 130023424 -1785462784 594018304 -1321467904 1058013184 -857473024 1522008064 
-873201664 -2142240768 883425280 -385613824 1573388288 304087040 -964952064 2060713984 791674880 -477626368 -1746665472 1279000576 9699328 -1259339776 1766326272 497287168 -772014080 -2041053184 984612864 -284426240 -1553727488 1472200704 202899456 -1066139648 1959526400 690225152 -578813952 -1848115200 1177812992 -91488256 -1360527360 1665138688 396099584 
1649410048 1026555904 403701760 -219152384 -842006528 1909456896 1286602752 663748608 40894464 -581959680 -1204813824 -1827667968 1844445184 1221591040 598736896 -24117248 -646971392 -1269825536 -1892679680 1779433472 1156579328 533725184 -89128960 -711983104 -1334837248 -1957691392 1714421760 1091567616 468713472 -154140672 -776994816 -1399848960 -2022703104 
-1415315456 -1391984640 -1368391680 -1345060864 -1321467904 -1298137088 -2049179648 -2025848832 -2002255872 -1978925056 -1955332096 -1931739136 -1908408320 -1884815360 -1861484544 -1837891584 -1814560768 -1790967808 -1767636992 -1744044032 -1720451072 -1697120256 -1673527296 -1650196480 -1626603520 -1603272704 -1579679744 -1556348928 -1532755968 -1509425152 -1485832192 -1462239232 -1438908416 
-1477967872 -808189952 -138412032 531365888 1201143808 1870921728 -1754267648 -1713111040 -1043333120 -373293056 296484864 966262784 1636040704 -1989148672 -1319370752 -649592832 20185088 689963008 1359740928 2029518848 -1595408384 -925630464 -255852544 413925376 1083703296 1753481216 -1871708160 -1201930240 -532152320 137625600 807403520 1477443584 2147221504 
1461714944 -1517289472 -201064448 1115160576 -1863843840 -547618816 768606208 2084569088 -1376780288 -60555264 1255407616 -1723334656 -407371776 908853248 -2069889024 -753926144 562298880 1878523904 -1100480512 215744512 1531969536 -1447034880 -130809856 1185153024 -1793589248 -477364224 838598656 -2140143616 -823918592 492044288 1808269312 -1170735104 145489920 
-1186201600 776208384 -1556348928 406061056 -1926496256 36175872 1998585856 -333971456 1628438528 -1040449536 921960448 -1410596864 551813120 -1780744192 181665792 2144337920 -188219392 1774190592 -558366720 1404043264 -928514048 1034158080 -1298399232 664010752 -1668546560 293863424 -2038693888 -76021760 1886388224 -446169088 1516240896 -816316416 1146093568 
-832045056 1776812032 90701824 -1595408384 1013186560 -672923648 1935933440 249561088 -1436549120 1172307968 -704380928 1904476160 218365952 -1468006400 1140850688 -545259520 2063335424 377225216 -1308884992 1299972096 -386400256 -2072510464 536346624 -1150025728 1458831360 -227278848 -1913651200 695205888 -990904320 1617952768 -68419584 -1754529792 854327296 
-1770258432 1485045760 445120512 -594804736 -1634729984 1620574208 580648960 -459276288 -1499201536 1756102656 716177408 -368050176 -1407975424 1847066624 807141376 -232521728 -1272446976 1982595072 942669824 -96993280 -1136918528 2118123520 1078198272 38535168 -1001390080 -2041315328 1213726720 174063616 -865861632 -1905786880 1349255168 309592064 -730333184 
293863424 -99614720 -493092864 -886833152 -1280311296 -1673789440 -2067267584 1834221568 1440481280 1047003136 653524992 260046848 -31981568 -425459712 -818937856 -1212416000 -1606156288 -1999634432 1901854720 1508376576 1114898432 721158144 327680000 -65798144 -459276288 -852754432 -1246494720 -1639972864 -2033451008 1868038144 1474560000 1080819712 687341568 
1065353216 1318060032 1570766848 1823735808 2076442624 -1965817856 -1712848896 -1460142080 -1207435264 -954466304 -701759488 -449052672 -196083712 304349184 557056000 809762816 1062731776 1315438592 1568145408 1821114368 2073821184 -1968439296 -1715470336 -1462763520 -1210056704 -957087744 -704380928 -451674112 -198705152 54001664 306970624 559677440 812384256 
543948800 1443102720 -1952710656 -1053556736 -154402816 744488960 1643642880 -1752170496 -853016576 46137344 945291264 1844445184 -1551368192 -652476416 640417792 1539571712 -1856241664 -957087744 -57933824 841220096 1740374016 -1655701504 -756547584 142606336 1041760256 1940914176 -1454899200 -555745280 343408640 1242562560 2141454336 -1254359040 -355205120 
-1270087680 275513344 1820852224 -928514048 616824832 -2132541440 -587202560 958136320 -1791229952 -245891072 1299709952 -1449918464 95682560 1641021440 -1108606976 976748544 -1772879872 -227278848 1318060032 -1431306240 114032640 1659371520 -1089994752 455344128 2000945152 -748683264 796917760 -1952710656 -407371776 1138229248 -1611399168 -65798144 1479540736 
-81526784 2110259200 7077888 -2096103424 95682560 -2007498752 184287232 -1918894080 272891904 -1830551552 361234432 -1741946880 449839104 -1653342208 538443776 -1564737536 1312817152 -790364160 1401421824 -701759488 1490026496 -613154816 1578631168 -524550144 1667235840 -435945472 1755840512 -347340800 1844445184 -258736128 1933049856 -170131456 2021654528 
-185860096 -1642594304 1195376640 -261357568 -1718353920 1119879168 -337117184 -1793851392 1044119552 -412614656 -1869611008 968622080 -488374272 -1945108480 892862464 -563871744 -2020868096 1649147904 192151552 -1264582656 1573388288 116654080 -1340080128 1497890816 41156608 -1415839744 1422393344 -34603008 -1491337216 1346633728 -110100480 -1567096832 1271136256 
-1582825472 1901592576 1091043328 280494080 -530055168 -1340604416 2144075776 1333526528 522977280 -287571968 -1098121216 -1908670464 1575747584 765198336 -45350912 -855900160 -1666449408 1817968640 1985478656 1174929408 364380160 -446169088 -1256718336 -2067267584 1417150464 606601216 -203948032 -1014497280 -1825046528 1659371520 848822272 38273024 -772276224 
22544384 -141557760 -305659904 -470024192 -634126336 -798490624 -962592768 -1126957056 -1291059200 -1455161344 -1619525632 -1783627776 -1947992064 -2112094208 2018770944 1854406656 1690304512 1525940224 1361838080 -1973420032 -2137522176 1993080832 1828978688 1664614400 1500512256 1336410112 1172045824 1007943680 843579392 679477248 515375104 351010816 186908672 
335282176 817364992 1299709952 1781792768 -2031091712 -1549008896 -1066926080 -584843264 -102760448 379584512 861667328 1343750144 1825832960 -1987051520 -1504968704 -1022885888 -540803072 -58458112 423624704 905707520 -1637089280 -1155006464 -672923648 -190840832 291241984 773324800 1255407616 1737752576 -2075131904 -1593049088 -1110966272 -628883456 -146800640 
-644612096 483917824 1612447744 -1554251776 -425721856 702808064 1831075840 -1335361536 -206831616 921436160 2049966080 -1116471296 11796480 1140326400 -2026110976 -897843200 230686720 1359216640 -1807482880 -678952960 449576960 -1301020672 -172490752 956039168 2084306944 -1082130432 46399488 1174667264 -1991770112 -863240192 265027584 1393557504 -1772879872 
1377828864 -1142423552 632553472 -1887698944 -112984064 1661730816 -858521600 916455424 -1603796992 170917888 1945632768 -574619648 1200357376 -1319895040 454819840 -2065432576 -290455552 1484259328 -1035993088 738721792 -1781530624 -6553600 -964689920 810024960 -1710227456 64487424 1839464448 -680787968 1093926912 -1426325504 348389376 2123366400 -396886016 
2107637760 233832448 -1640235008 780926976 -1092878336 1328283648 -545783808 1875378176 1572864 -1872232448 548667392 -1325137920 1096024064 -777781248 1643118592 -230686720 -2104492032 316669952 -1557397504 863764480 -1010040832 1411121152 -462946304 -628621312 1792540672 -81264640 -1955069952 465829888 -1407975424 1013186560 -860618752 1560281088 -313524224 
1544814592 317194240 -910426112 -2138046464 929562624 -298057728 -1525678080 1541931008 314310656 -913309696 -2140667904 926679040 -300941312 -1528561664 1539047424 311427072 -916193280 -2143551488 923795456 -303824896 -1531445248 1536163840 308543488 -919076864 -292290560 -1519910912 1547436032 320077824 -907542528 -2135162880 932446208 -295174144 -1522794496 
-310902784 -892076032 -1473249280 -2054422528 1659109376 1077936128 496762880 -84410368 -665583616 -1246756864 -1827930112 1885601792 1304428544 723255296 142082048 -439091200 -1020264448 -1601699840 2112094208 1530920960 949747712 368574464 -212598784 -794034176 -1375207424 43778048 -537395200 -1118568448 -1699741696 2014052352 1432879104 851443712 270270464 
835977216 900988928 966000640 1031274496 1096286208 1161560064 1226571776 1291583488 1356857344 1421869056 1486880768 1552154624 1617166336 1682440192 1747451904 1812463616 1877737472 1942749184 2007760896 2073034752 2138046464 -2091646976 -2026635264 -1961623552 -1896349696 -1831337984 380108800 445120512 510394368 575406080 640679936 705691648 770703360 
689963008 1401421824 2112880640 -1470627840 -759169024 -47710208 663748608 1375207424 2086404096 -1497104384 -785645568 -74186752 637272064 1348730880 2060189696 -1523318784 -811859968 -100401152 611057664 1322516480 2033713152 -1549795328 -838336512 -126877696 584581120 1296039936 2007498752 716439552 1427636224 2139095040 -1444413440 -732954624 -21495808 
-748683264 609222656 1966866432 -970194944 387448832 1745354752 -1191968768 165937152 1523580928 -1413480448 -55836672 1302069248 -1635254272 -277610496 1080295424 -1857028096 -499122176 858521600 -2078539776 -720896000 637009920 1994653696 -942407680 415236096 1773142016 -1164181504 193462272 1551368192 1052508160 -1884553216 -526909440 830734336 -2106327040 
815267840 -1475608576 528482304 -1762394112 241696768 -2049179648 -45088768 1959002112 -331874304 1672216576 -618659840 1385431040 -905445376 1098645504 -1192230912 811859968 -1479016448 525074432 -1765801984 238288896 -2052587520 -48496640 1955594240 -335282176 1668808704 -622067712 1382023168 -908853248 1095237632 1388838912 -902037504 1102053376 -1188823040 
1086324736 -558366720 2092171264 447479808 -1196949504 1453588480 -191102976 -1835532288 814743552 -829685760 1820590080 176160768 -1468530688 1182007296 -462684160 -2107113472 543424512 -1101266944 1549271040 -95420416 -1739849728 910426112 -734003200 1916272640 271843328 -1372585984 1277689856 -366739456 -2011430912 639107072 1724907520 80478208 -1564213248 
64749568 -933494784 -1931739136 1364983808 366739456 -631504896 -1629749248 1667235840 668991488 -329252864 -1327497216 1969225728 970981376 -27262976 -1025507328 -2023751680 1272971264 274726912 -723255296 -1721499648 1575223296 576978944 -421265408 -1419509760 1877213184 878968832 -119275520 -1117519872 -2115764224 1180958720 182976512 2061238272 1062993920 
2045509632 1693712384 1341652992 989855744 637796352 285999104 -65798144 -417857536 -769654784 -1121452032 -1473511424 -1825308672 2117861376 1765801984 1414004736 1061945344 710148096 358350848 6291456 -345505792 -697303040 -1049362432 -1401159680 -1753219072 -2105016320 1838153728 1486094336 1134297088 782499840 430440448 78643200 -273416192 -1897660416 
RESULT of [PG]t * Gt of Matrix with size 33 X 33


