0 0 0 0 0 0 0 0 0 
0 0 0 0 0 0 0 0 0 
0 0 0 0 0 0 0 0 0 
0 0 0 0 0 0 0 0 0 
0 0 0 0 0 0 0 0 0 
0 0 0 0 0 0 0 0 0 
0 0 0 0 0 0 0 0 0 
0 0 0 0 0 0 0 0 0 
0 0 0 0 0 0 0 0 0 
INITIAL DATA of Matrix with size 9 X 9


0 0 0 0 0 0 0 0 0 
0 0 0 0 0 0 0 0 0 
0 0 0 0 0 0 0 0 0 
0 0 0 0 0 0 0 0 0 
0 0 0 0 0 0 0 0 0 
0 0 0 0 0 0 0 0 0 
0 0 0 0 0 0 0 0 0 
0 0 0 0 0 0 0 0 0 
0 0 0 0 0 0 0 0 0 
RESULT of P * G of Matrix with size 9 X 9


786432 786432 786432 786432 786432 786432 786432 786432 786432 
2359296 1835008 1835008 1835008 2097152 2097152 2097152 2097152 2097152 
3670016 3670016 2883584 3145728 3145728 3145728 3407872 3407872 3407872 
4718592 4980736 4980736 4194304 4194304 4456448 4456448 4456448 4718592 
6029312 6029312 6291456 6291456 5242880 5505024 5505024 5767168 5767168 
7077888 7340032 7340032 7602176 7864320 6553600 6553600 6815744 7077888 
8126464 8388608 8650752 8912896 8912896 9175040 7602176 7864320 7864320 
9175040 9437184 9699328 9961472 10223616 10223616 10485760 8650752 8912896 
10223616 10485760 10747904 11010048 11272192 11534336 11796480 12058624 9961472 
RESULT of P G * G of Matrix with size 9 X 9


0 0 0 0 0 0 0 0 0 
0 0 0 0 0 0 0 0 0 
0 0 0 0 0 0 0 0 0 
0 0 0 0 0 0 0 0 0 
0 0 0 0 0 0 0 0 0 
0 0 0 0 0 0 0 0 0 
0 0 0 0 0 0 0 0 0 
0 0 0 0 0 0 0 0 0 
0 0 0 0 0 0 0 0 0 
RESULT of P * Gt of Matrix with size 9 X 9


0 262144 262144 524288 524288 786432 786432 1048576 1310720 
3670016 262144 524288 1048576 1572864 1835008 2359296 2621440 3145728 
5242880 6029312 262144 1048576 1835008 2359296 3145728 3932160 4456448 
6291456 7340032 8126464 524288 1572864 2359296 3407872 4456448 5242880 
6815744 8126464 9437184 10485760 786432 2097152 3145728 4456448 5767168 
6815744 8388608 9961472 11534336 12845056 1048576 2359296 3932160 5505024 
6553600 8126464 9961472 11796480 13631488 15204352 1048576 2883584 4718592 
5505024 7340032 9437184 11534336 13631488 15466496 17563648 1310720 3407872 
3932160 6029312 8388608 10747904 13107200 15466496 17563648 19922944 1572864 
RESULT of PG * Gt of Matrix with size 9 X 9


0 0 0 0 0 0 0 0 0 
0 0 0 0 0 0 0 0 0 
0 0 0 0 0 0 0 0 0 
0 0 0 0 0 0 0 0 0 
0 0 0 0 0 0 0 0 0 
0 0 0 0 0 0 0 0 0 
0 0 0 0 0 0 0 0 0 
0 0 0 0 0 0 0 0 0 
0 0 0 0 0 0 0 0 0 
RESULT of Pt * G of Matrix with size 9 X 9


6291456 6291456 6553600 6815744 6815744 7077888 7340032 7340032 7602176 
7602176 6291456 6553600 6553600 6815744 7077888 7077888 7340032 7602176 
7602176 7864320 6553600 6553600 6815744 7077888 7077888 7340032 7602176 
7602176 7864320 8126464 6553600 6815744 7077888 7077888 7340032 7602176 
7602176 7864320 7864320 8126464 6815744 6815744 7077888 7340032 7340032 
7602176 7864320 7864320 8126464 8388608 6815744 7077888 7340032 7340032 
7602176 7602176 7864320 8126464 8388608 8388608 7077888 7077888 7340032 
7602176 7602176 7864320 8126464 8126464 8388608 8650752 7077888 7340032 
7340032 7602176 7864320 8126464 8126464 8388608 8650752 8650752 7340032 
RESULT of [PG]t * G of Matrix with size 9 X 9


0 0 0 0 0 0 0 0 0 
0 0 0 0 0 0 0 0 0 
0 0 0 0 0 0 0 0 0 
0 0 0 0 0 0 0 0 0 
0 0 0 0 0 0 0 0 0 
0 0 0 0 0 0 0 0 0 
0 0 0 0 0 0 0 0 0 
0 0 0 0 0 0 0 0 0 
0 0 0 0 0 0 0 0 0 
RESULT of Pt * Gt of Matrix with size 9 X 9


0 262144 262144 524288 786432 1048576 1048576 1310720 1572864 
3932160 262144 524288 1048576 1572864 2097152 2359296 2883584 3407872 
5505024 6029312 262144 1048576 1835008 2359296 3145728 3932160 4718592 
6553600 7340032 8388608 524288 1572864 2359296 3407872 4456448 5505024 
6815744 8126464 9437184 10747904 524288 1835008 3145728 4456448 5767168 
6815744 8388608 9961472 11534336 13107200 786432 2359296 3932160 5242880 
6291456 8126464 9961472 11796480 13631488 15466496 786432 2621440 4456448 
5242880 7340032 9437184 11534336 13631488 15466496 17563648 1048576 3145728 
3670016 6029312 8126464 10485760 12845056 15204352 17563648 19922944 1310720 
RESULT of [PG]t * Gt of Matrix with size 9 X 9


