0 0 0 0 0 0 0 0 0 0 0 0 0 0 
0 0 0 0 0 0 0 0 0 0 0 0 0 0 
0 0 0 0 0 0 0 0 0 0 0 0 0 0 
0 0 0 0 0 0 0 0 0 0 0 0 0 0 
0 0 0 0 0 0 0 0 0 0 0 0 0 0 
0 0 0 0 0 0 0 0 0 0 0 0 0 0 
0 0 0 0 0 0 0 0 0 0 0 0 0 0 
0 0 0 0 0 0 0 0 0 0 0 0 0 0 
0 0 0 0 0 0 0 0 0 0 0 0 0 0 
0 0 0 0 0 0 0 0 0 0 0 0 0 0 
0 0 0 0 0 0 0 0 0 0 0 0 0 0 
0 0 0 0 0 0 0 0 0 0 0 0 0 0 
0 0 0 0 0 0 0 0 0 0 0 0 0 0 
0 0 0 0 0 0 0 0 0 0 0 0 0 0 
INITIAL DATA of Matrix with size 14 X 14


0 0 0 0 0 0 0 0 0 0 0 0 0 0 
0 0 0 0 0 0 0 0 0 0 0 0 0 0 
0 0 0 0 0 0 0 0 0 0 0 0 0 0 
0 0 0 0 0 0 0 0 0 0 0 0 0 0 
0 0 0 0 0 0 0 0 0 0 0 0 0 0 
0 0 0 0 0 0 0 0 0 0 0 0 0 0 
0 0 0 0 0 0 0 0 0 0 0 0 0 0 
0 0 0 0 0 0 0 0 0 0 0 0 0 0 
0 0 0 0 0 0 0 0 0 0 0 0 0 0 
0 0 0 0 0 0 0 0 0 0 0 0 0 0 
0 0 0 0 0 0 0 0 0 0 0 0 0 0 
0 0 0 0 0 0 0 0 0 0 0 0 0 0 
0 0 0 0 0 0 0 0 0 0 0 0 0 0 
0 0 0 0 0 262144 262144 262144 262144 262144 262144 262144 262144 0 
RESULT of P * G of Matrix with size 14 X 14


17563648 17825792 18087936 18087936 18350080 18612224 18874368 18874368 19136512 19398656 19398656 19660800 19922944 20185088 
49020928 42991616 43515904 44040192 44564480 44826624 45350912 45875200 46399488 46923776 47185920 47710208 48234496 48758784 
77332480 78118912 68681728 69468160 69992448 70778880 71565312 72351744 72876032 73662464 74448896 75235328 76021760 76546048 
105119744 106168320 107216896 94109696 95158272 96206848 96993280 98041856 99090432 100139008 101187584 101974016 103022592 104071168 
132382720 133693440 134742016 136052736 119537664 120848384 122159104 123469824 124780544 125829120 127139840 128450560 129761280 131072000 
158859264 160432128 162004992 163577856 165150720 144965632 146538496 148111360 149684224 151257088 152829952 154402816 155975680 157286400 
185073664 186908672 188743680 190578688 192413696 193986560 170655744 172490752 174063616 175898624 177733632 179568640 181403648 183238656 
210501632 212598784 214695936 216793088 218890240 220987392 223084544 196083712 198180864 200278016 202375168 204472320 206569472 208666624 
235667456 238026752 240386048 242745344 245104640 247463936 249823232 252182528 221511680 223870976 226230272 228589568 230948864 233308160 
260046848 262668288 265289728 267911168 270532608 273154048 275775488 278396928 281018368 246939648 249561088 252182528 254803968 257425408 
284164096 287047680 289931264 292814848 295698432 298582016 301465600 304349184 307232768 310116352 272629760 275513344 278396928 281280512 
307494912 310640640 313786368 316932096 320077824 323223552 326369280 329777152 332922880 336068608 339214336 298057728 301203456 304349184 
330301440 333709312 337117184 340787200 344195072 347602944 351010816 354418688 357826560 361234432 364642304 368050176 323485696 326893568 
352583680 356515840 360185856 363855872 367525888 371195904 374865920 378535936 382205952 386138112 389808128 393478144 397148160 348913664 
RESULT of P G * G of Matrix with size 14 X 14


0 0 0 0 0 0 0 0 0 0 0 0 0 0 
0 0 0 0 0 0 0 0 0 0 0 0 0 0 
0 0 0 0 0 0 0 0 0 0 0 0 0 0 
0 0 0 0 0 0 0 0 0 0 0 0 0 0 
0 0 0 0 0 0 0 0 0 0 0 0 0 0 
0 0 0 0 0 0 0 0 0 0 0 0 0 0 
0 0 0 0 0 0 0 0 0 0 0 0 0 0 
0 0 0 0 0 0 262144 0 0 0 0 0 0 0 
0 0 0 0 0 262144 262144 262144 0 0 0 0 0 0 
0 0 0 0 0 262144 262144 262144 262144 0 0 0 0 0 
0 0 0 0 0 262144 262144 262144 262144 262144 0 0 0 0 
0 0 0 0 0 262144 262144 262144 262144 262144 262144 0 0 0 
0 0 0 0 0 0 262144 262144 262144 262144 262144 262144 0 0 
0 0 0 0 0 0 262144 262144 262144 262144 262144 262144 262144 0 
RESULT of P * Gt of Matrix with size 14 X 14


1310720 3407872 5505024 7602176 9699328 11796480 13631488 15728640 17825792 19922944 22020096 24117248 26214400 28311552 
80216064 3932160 9699328 15728640 21495808 27262976 33292288 39059456 44826624 50855936 56623104 62652416 68419584 74186752 
122421248 131858432 6553600 16252928 25952256 35651584 45088768 54788096 64487424 74186752 83623936 93323264 103022592 112721920 
157024256 170393600 183762944 9175040 22806528 36175872 49545216 62914560 76283904 89915392 103284736 116654080 130023424 143392768 
184025088 201326592 218365952 235667456 11796480 29097984 46399488 63438848 80740352 98041856 115081216 132382720 149684224 166723584 
203423744 224395264 245366784 266338304 287571968 14680064 35651584 56623104 77594624 98566144 119537664 140509184 161480704 182452224 
215482368 240123904 265027584 289669120 314572800 339214336 17301504 41943040 66846720 91488256 116391936 141033472 165937152 190578688 
219676672 248250368 276824064 305397760 333971456 362545152 391118848 19922944 48496640 77070336 105644032 134217728 162791424 191102976 
216530944 249036800 281280512 313524224 346030080 378273792 410517504 443023360 22544384 54788096 87293952 119537664 151781376 184287232 
205783040 241958912 278134784 314310656 350224384 386400256 422576128 458752000 494927872 25165824 61341696 97517568 133431296 169607168 
187432960 227278848 267386880 307232768 347078656 386924544 427032576 466878464 506724352 546570240 27787264 67633152 107741184 147587072 
161480704 205258752 249036800 292552704 336330752 380108800 423624704 467402752 511180800 554696704 598474752 30408704 74186752 117964800 
128188416 175636480 223084544 270532608 317980672 365428736 412876800 460324864 508035072 555483136 602931200 650379264 33030144 80740352 
87031808 138412032 189530112 240910336 292028416 343408640 394526720 445906944 497025024 548405248 599785472 650903552 702283776 35651584 
RESULT of PG * Gt of Matrix with size 14 X 14


0 0 0 0 0 0 0 0 0 0 0 0 0 0 
0 0 0 0 0 0 0 0 0 0 0 0 0 0 
0 0 0 0 0 0 0 0 0 0 0 0 0 0 
0 0 0 0 0 0 0 0 0 0 0 0 0 0 
0 0 0 0 0 0 0 0 0 0 0 0 0 0 
0 0 0 0 0 0 0 0 0 0 0 0 0 0 
0 0 0 0 0 0 0 0 0 0 0 0 0 0 
0 0 0 0 0 0 0 0 0 0 0 0 0 0 
0 0 0 0 0 0 0 0 0 0 0 0 0 0 
0 0 0 0 0 0 0 0 0 0 0 0 0 0 
0 0 0 0 0 0 0 0 0 0 0 0 0 0 
0 0 0 0 0 0 0 0 0 0 0 0 0 0 
0 0 0 0 0 0 0 0 0 0 0 0 0 0 
0 0 0 0 0 0 0 0 0 0 0 0 0 0 
RESULT of Pt * G of Matrix with size 14 X 14


224919552 227278848 229638144 231997440 234356736 236716032 239337472 241696768 244056064 246415360 248774656 251133952 253493248 256114688 
258211840 226754560 229113856 231473152 233832448 236191744 238813184 241172480 243531776 245891072 248512512 250871808 253231104 255590400 
257687552 260046848 228327424 230948864 233308160 235667456 238288896 240648192 243007488 245628928 247988224 250347520 252968960 255328256 
257425408 259784704 262144000 230162432 232783872 235143168 237764608 240123904 242483200 245104640 247463936 249823232 252444672 254803968 
256901120 259260416 261881856 264241152 231997440 234618880 236978176 239599616 241958912 244580352 246939648 249561088 251920384 254279680 
256376832 258998272 261357568 263979008 266338304 233832448 236453888 238813184 241434624 243793920 246415360 248774656 251396096 254017536 
255852544 258473984 260833280 263454720 265814016 268435456 235667456 238288896 240648192 243269632 245891072 248250368 250871808 253231104 
255328256 257949696 260308992 262930432 265551872 267911168 270532608 237502464 240123904 242745344 245104640 247726080 250347520 252706816 
254803968 257163264 259784704 262406144 265027584 267386880 270008320 272629760 239337472 241958912 244580352 246939648 249561088 252182528 
254017536 256638976 259260416 261881856 264241152 266862592 269484032 272105472 274726912 241172480 243793920 246415360 249036800 251396096 
253493248 256114688 258473984 261095424 263716864 266338304 268959744 271581184 274202624 276824064 243007488 245628928 248250368 250871808 
252706816 255328256 257949696 260571136 263192576 265814016 268435456 271056896 273678336 276299776 278921216 244842496 247463936 250085376 
251920384 254541824 257163264 259784704 262406144 265027584 267649024 270270464 272891904 275513344 278134784 280756224 246677504 249298944 
251133952 253755392 256376832 258998272 261619712 264503296 267124736 269746176 272367616 274989056 277610496 280231936 282853376 248512512 
RESULT of [PG]t * G of Matrix with size 14 X 14


0 0 0 0 0 0 0 0 0 0 0 0 0 0 
0 0 0 0 0 0 0 0 0 0 0 0 0 0 
0 0 0 0 0 0 0 0 0 0 0 0 0 0 
0 0 0 0 0 0 0 0 0 0 0 0 0 0 
0 0 0 0 0 0 0 0 0 0 0 0 0 0 
0 0 0 0 0 0 0 0 0 0 0 0 0 0 
0 0 0 0 0 262144 0 0 0 0 0 0 0 0 
0 0 0 0 0 0 262144 0 0 0 0 0 0 0 
0 0 0 0 0 0 0 262144 0 0 0 0 0 0 
0 0 0 0 0 0 0 0 262144 0 0 0 0 0 
0 0 0 0 0 0 0 0 0 262144 0 0 0 0 
0 0 0 0 0 0 0 0 0 0 262144 0 0 0 
0 0 0 0 0 0 0 0 0 0 0 262144 0 0 
0 0 0 0 0 0 0 0 0 0 0 0 262144 0 
RESULT of Pt * Gt of Matrix with size 14 X 14


1310720 3932160 6553600 9175040 11796480 14680064 17301504 19922944 22544384 25165824 27787264 30408704 33030144 35651584 
87031808 3407872 9699328 16252928 22806528 29097984 35651584 41943040 48496640 54788096 61341696 67633152 74186752 80740352 
128188416 138412032 5505024 15728640 25952256 36175872 46399488 56623104 66846720 77070336 87293952 97517568 107741184 117964800 
161480704 175636480 189530112 7602176 21495808 35651584 49545216 63438848 77594624 91488256 105644032 119537664 133431296 147587072 
187432960 205258752 223084544 240910336 9699328 27262976 45088768 62914560 80740352 98566144 116391936 134217728 151781376 169607168 
205783040 227278848 249036800 270532608 292028416 11796480 33292288 54788096 76283904 98041856 119537664 141033472 162791424 184287232 
216530944 241958912 267386880 292552704 317980672 343408640 13631488 39059456 64487424 89915392 115081216 140509184 165937152 191102976 
219676672 249036800 278134784 307232768 336330752 365428736 394526720 15728640 44826624 74186752 103284736 132382720 161480704 190578688 
215482368 248250368 281280512 314310656 347078656 380108800 412876800 445906944 17825792 50855936 83623936 116654080 149684224 182452224 
203423744 240123904 276824064 313524224 350224384 386924544 423624704 460324864 497025024 19922944 56623104 93323264 130023424 166723584 
184025088 224395264 265027584 305397760 346030080 386400256 427032576 467402752 508035072 548405248 22020096 62652416 103022592 143392768 
157024256 201326592 245366784 289669120 333971456 378273792 422576128 466878464 511180800 555483136 599785472 24117248 68419584 112721920 
122421248 170393600 218365952 266338304 314572800 362545152 410517504 458752000 506724352 554696704 602931200 650903552 26214400 74186752 
80216064 131858432 183762944 235667456 287571968 339214336 391118848 443023360 494927872 546570240 598474752 650379264 702283776 28311552 
RESULT of [PG]t * Gt of Matrix with size 14 X 14


