0 0 0 0 0 0 0 0 0 0 0 0 0 0 0 0 0 0 
0 0 0 0 0 0 0 0 0 0 0 0 0 0 0 0 0 0 
0 0 0 0 0 0 0 0 0 0 0 0 0 0 0 0 0 0 
0 0 0 0 0 0 0 0 0 0 0 0 0 0 0 0 0 0 
0 0 0 0 0 0 0 0 0 0 0 0 0 0 0 0 0 0 
0 0 0 0 0 0 0 0 0 0 0 0 0 0 0 0 0 0 
0 0 0 0 0 0 0 0 0 0 0 0 0 0 0 0 0 0 
0 0 0 0 0 0 0 0 0 0 0 0 0 0 0 0 0 0 
0 0 0 0 0 0 0 0 0 0 0 0 0 0 0 0 0 0 
0 0 0 0 0 0 0 0 0 0 0 0 0 0 0 0 0 0 
0 0 0 0 0 0 0 0 0 0 0 0 0 0 0 0 0 0 
0 0 0 0 0 0 0 0 0 0 0 0 0 0 0 0 0 0 
0 0 0 0 0 0 0 0 0 0 0 0 0 0 0 0 0 0 
0 0 0 0 0 0 0 0 0 0 0 0 0 0 0 0 0 0 
0 0 0 0 0 0 0 0 0 0 0 0 0 0 0 0 0 0 
0 0 0 0 0 0 0 0 0 0 0 0 0 0 0 0 0 0 
0 0 0 0 0 0 0 0 0 0 0 0 0 0 0 0 0 0 
0 0 0 0 0 0 0 0 0 0 0 0 0 0 0 0 0 0 
INITIAL DATA of Matrix with size 18 X 18


0 0 0 0 0 0 0 0 0 0 0 0 0 0 0 0 0 0 
0 0 0 0 0 0 0 0 0 0 0 0 0 0 0 0 0 0 
0 0 0 0 0 0 0 0 0 0 0 0 0 0 0 0 0 0 
0 0 0 0 0 0 0 0 0 0 0 0 0 0 0 0 0 0 
0 0 0 0 0 0 0 0 0 0 0 0 0 0 0 0 0 0 
262144 262144 262144 262144 262144 262144 262144 262144 262144 262144 262144 262144 262144 262144 262144 262144 262144 262144 
262144 262144 262144 262144 262144 262144 262144 262144 262144 262144 262144 262144 262144 262144 262144 262144 262144 262144 
262144 262144 262144 262144 262144 262144 262144 262144 262144 262144 262144 262144 262144 262144 262144 262144 262144 262144 
262144 262144 262144 262144 262144 262144 262144 262144 262144 262144 262144 262144 262144 262144 262144 262144 262144 262144 
262144 262144 262144 262144 262144 524288 524288 524288 524288 262144 262144 262144 262144 262144 262144 262144 262144 262144 
524288 524288 524288 524288 524288 524288 524288 524288 524288 524288 524288 524288 524288 524288 524288 524288 524288 524288 
524288 524288 524288 524288 524288 524288 524288 524288 524288 524288 524288 524288 524288 524288 524288 524288 524288 524288 
524288 524288 524288 524288 524288 524288 524288 524288 524288 524288 524288 524288 524288 524288 524288 524288 524288 524288 
524288 524288 524288 524288 524288 524288 524288 524288 524288 524288 524288 524288 524288 524288 524288 524288 524288 524288 
524288 524288 524288 524288 524288 524288 524288 524288 786432 786432 786432 786432 786432 786432 524288 524288 524288 524288 
786432 786432 786432 786432 786432 786432 786432 786432 786432 786432 786432 786432 786432 786432 786432 524288 786432 786432 
786432 786432 786432 786432 786432 786432 786432 786432 786432 786432 786432 786432 786432 786432 786432 786432 786432 786432 
786432 786432 786432 786432 786432 786432 786432 786432 786432 786432 786432 786432 786432 786432 786432 786432 786432 786432 
RESULT of P * G of Matrix with size 18 X 18


102498304 103284736 103809024 104595456 105119744 105906176 106430464 107216896 107741184 108527616 109051904 109838336 110362624 111149056 111673344 112459776 112984064 113770496 
278659072 251396096 252968960 254541824 256114688 257687552 259260416 260833280 262668288 264241152 265814016 267386880 268959744 270532608 272105472 273678336 275513344 277086208 
440926208 443547648 400031744 402653184 405274624 407633920 410255360 412876800 415498240 417857536 420478976 423100416 425721856 428081152 430702592 433324032 435945472 438304768 
601358336 604766208 608436224 548929536 552337408 556007424 559415296 562823168 566493184 569901056 573308928 576978944 580386816 583794688 587464704 590872576 594280448 597950464 
759955456 764411904 768868352 773324800 697565184 702021632 706478080 710934528 715390976 719847424 724303872 728760320 733216768 737673216 742129664 746586112 751042560 755499008 
916455424 921960448 927465472 932708352 938213376 846462976 851705856 857210880 862715904 867958784 873463808 878706688 884211712 889454592 894959616 900464640 905707520 911212544 
1071382528 1077673984 1083965440 1090256896 1096810496 1103101952 995098624 1001652224 1007943680 1014235136 1020526592 1026818048 1033371648 1039663104 1045954560 1052246016 1058537472 1065091072 
1224212480 1231552512 1238630400 1245970432 1253310464 1260650496 1267990528 1143996416 1151336448 1158414336 1165754368 1173094400 1180434432 1187774464 1195114496 1202192384 1209532416 1216872448 
1375207424 1383333888 1391722496 1399848960 1407975424 1416364032 1424490496 1432879104 1292632064 1301020672 1309147136 1317535744 1325662208 1334050816 1342177280 1350303744 1358692352 1366818816 
1524105216 1533280256 1542455296 1551630336 1560805376 1570242560 1579417600 1588592640 1597767680 1441529856 1450704896 1459879936 1469054976 1478230016 1487405056 1496580096 1505755136 1514930176 
1671430144 1681391616 1691615232 1701838848 1711800320 1722023936 1732247552 1742209024 1752432640 1762656256 1590165504 1600389120 1610612736 1620574208 1630797824 1641021440 1650982912 1661206528 
1816657920 1827667968 1838678016 1849950208 1860960256 1871970304 1882980352 1894252544 1905262592 1916272640 1927544832 1739063296 1750073344 1761083392 1772355584 1783365632 1794375680 1805647872 
1960050688 1972109312 1984167936 1995964416 2008023040 2020081664 2032140288 2044198912 2056257536 2068316160 2080374784 2092433408 1887698944 1899757568 1911816192 1923874816 1935933440 1947992064 
2101346304 2114453504 2127560704 2140405760 -2141454336 -2128609280 -2115502080 -2102657024 -2089549824 -2076704768 -2063597568 -2050752512 -2037645312 2036596736 2049441792 2062548992 2075394048 2088501248 
-2053898240 -2040004608 -2026110976 -2012217344 -1998323712 -1984167936 -1970274304 -1956380672 -1942487040 -1928593408 -1914699776 -1900806144 -1886912512 -1872756736 -2109734912 -2095579136 -2081685504 -2067791872 
-1916272640 -1901330432 -1886388224 -1871708160 -1856765952 -1841823744 -1826881536 -1812201472 -1797259264 -1782317056 -1767374848 -1752694784 -1737752576 -1722810368 -1708130304 -1960837120 -1945894912 -1931214848 
-1780482048 -1764491264 -1748762624 -1733033984 -1717043200 -1701314560 -1685585920 -1669595136 -1653866496 -1638137856 -1622147072 -1606418432 -1590689792 -1574699008 -1558970368 -1543241728 -1811939328 -1796210688 
-1646526464 -1629749248 -1612972032 -1596194816 -1579417600 -1562640384 -1545863168 -1529085952 -1512308736 -1495531520 -1478754304 -1461977088 -1445199872 -1428422656 -1411645440 -1395130368 -1378353152 -1663303680 
RESULT of P G * G of Matrix with size 18 X 18


0 0 0 0 0 0 0 0 0 0 0 0 0 0 0 0 0 0 
0 0 0 0 0 0 0 0 0 0 0 0 0 0 0 0 0 0 
0 0 0 0 0 0 0 0 0 0 0 0 0 0 0 0 0 0 
262144 262144 262144 0 0 0 0 0 0 0 0 0 0 0 0 0 262144 262144 
262144 262144 262144 262144 0 0 0 0 0 0 0 0 0 0 262144 262144 262144 262144 
262144 262144 262144 524288 524288 0 0 0 0 0 0 0 0 262144 262144 262144 262144 262144 
262144 262144 524288 524288 524288 524288 0 0 0 0 0 0 0 262144 262144 262144 262144 262144 
262144 524288 524288 524288 524288 524288 524288 0 0 0 0 0 0 262144 262144 262144 262144 262144 
262144 524288 524288 524288 524288 524288 786432 786432 0 0 0 0 0 262144 262144 262144 262144 262144 
524288 524288 524288 524288 524288 786432 786432 786432 786432 0 0 0 0 0 262144 262144 262144 262144 
262144 524288 524288 524288 524288 786432 786432 786432 786432 1048576 0 0 0 0 262144 262144 262144 262144 
262144 524288 524288 524288 524288 786432 786432 786432 786432 1048576 1048576 0 0 0 0 262144 262144 262144 
262144 524288 524288 524288 524288 786432 786432 786432 1048576 1048576 1048576 1048576 0 0 0 0 262144 262144 
262144 262144 524288 524288 524288 786432 786432 786432 1048576 1048576 1048576 1048576 1310720 0 0 0 262144 262144 
262144 262144 524288 524288 524288 786432 786432 786432 1048576 1048576 1048576 1310720 1310720 1310720 0 0 0 262144 
262144 262144 262144 524288 524288 524288 786432 786432 786432 1048576 1048576 1310720 1310720 1310720 1572864 0 0 0 
0 262144 262144 524288 524288 524288 786432 786432 786432 1048576 1048576 1048576 1310720 1310720 1572864 1572864 0 0 
0 0 262144 262144 524288 524288 524288 786432 786432 1048576 1048576 1048576 1310720 1310720 1572864 1572864 1572864 0 
RESULT of P * Gt of Matrix with size 18 X 18


6291456 15466496 24641536 33554432 42729472 51904512 61079552 70254592 79429632 88604672 97779712 106954752 116129792 125304832 134479872 143654912 152829952 162004992 
463732736 18087936 44302336 70516736 96731136 122945536 149159936 175374336 201588736 227803136 254017536 280231936 306446336 332660736 358875136 385089536 411303936 437518336 
722206720 765460480 29884416 73138176 116391936 159645696 202899456 246153216 289406976 332922880 376176640 419430400 462684160 505937920 549191680 592445440 635699200 678952960 
946601984 1007157248 1067450368 41680896 101974016 162267136 222560256 283115520 343408640 403701760 463994880 524288000 584581120 645136384 705429504 765722624 826015744 886308864 
1136918528 1214513152 1291845632 1369178112 53477376 130809856 208404480 285736960 363069440 440401920 517996544 595329024 672661504 749993984 827326464 904921088 982253568 1059586048 
1293156352 1387790336 1482162176 1576534016 1671168000 65273856 159907840 254279680 348651520 443023360 537657344 632029184 726401024 821035008 915406848 1009778688 1104412672 1198784512 
1415315456 1526726656 1638400000 1749811200 1861484544 1972895744 77070336 188743680 300154880 411828224 523239424 634650624 746323968 857735168 969146368 1080819712 1192230912 1303904256 
1503395840 1631846400 1760296960 1889009664 2017460224 2146172928 -2020343808 88866816 217579520 346030080 474742784 603193344 731906048 860356608 989069312 1117519872 1246232576 1374683136 
1557135360 1702625280 1848377344 1994129408 2139619328 -2009595904 -1864105984 -1718353920 100925440 246415360 392167424 537657344 683409408 828899328 974651392 1120141312 1265893376 1411383296 
1576796160 1739587584 1902116864 2064908288 -2067267584 -1904738304 -1741946880 -1579417600 -1416626176 112721920 275251200 438042624 600834048 763363328 926154752 1088684032 1251475456 1414266880 
1562378240 1742209024 1922039808 2101608448 -2013528064 -1833697280 -1654128640 -1474297856 -1294467072 -1114898432 124518400 304349184 483917824 663748608 843579392 1023148032 1202978816 1382809600 
1513881600 1710751744 1907621888 2104229888 -1993867264 -1796997120 -1600126976 -1403518976 -1206648832 -1009778688 -812908544 136314880 333185024 529793024 726663168 923533312 1120403456 1317011456 
1431306240 1645215744 1859125248 2073034752 -2008285184 -1794375680 -1580466176 -1366556672 -1152647168 -938999808 -725090304 -511180800 148111360 362020864 575930368 789839872 1003487232 1217396736 
1314652160 1545601024 1776549888 2007236608 -2056781824 -1825832960 -1594884096 -1363935232 -1132986368 -902037504 -671088640 -440139776 -209453056 159907840 390856704 621805568 852754432 1083703296 
1163657216 1411645440 1659633664 1907621888 -2139357184 -1891368960 -1643380736 -1395392512 -1147404288 -899416064 -651427840 -403439616 -155451392 92536832 171704320 419692544 667680768 915668992 
978845696 1243873280 1508900864 1773928448 2038956032 -1990983680 -1725956096 -1460928512 -1195900928 -930873344 -665845760 -400818176 -135790592 129236992 394264576 183500800 448790528 713818112 
759693312 1041760256 1323827200 1605894144 1887961088 -2124939264 -1842610176 -1560543232 -1278476288 -996409344 -714342400 -432275456 -150208512 131858432 413925376 696254464 195559424 477626368 
506462208 805568512 1104674816 1403781120 1703149568 2002255872 -1993605120 -1694498816 -1395392512 -1096024064 -796917760 -497811456 -198705152 100401152 399769600 698875904 997982208 207355904 
RESULT of PG * Gt of Matrix with size 18 X 18


524288 524288 524288 524288 524288 524288 524288 524288 524288 524288 524288 524288 524288 524288 524288 524288 524288 524288 
524288 524288 524288 524288 524288 524288 524288 524288 524288 524288 524288 524288 524288 524288 524288 524288 524288 524288 
524288 524288 524288 524288 524288 524288 524288 524288 524288 524288 524288 524288 524288 524288 524288 524288 524288 524288 
524288 524288 524288 524288 524288 524288 524288 524288 524288 524288 524288 524288 524288 524288 524288 524288 524288 524288 
524288 524288 524288 524288 524288 524288 524288 524288 524288 524288 524288 524288 524288 524288 524288 524288 524288 524288 
524288 524288 524288 524288 524288 524288 524288 524288 524288 524288 524288 524288 524288 524288 524288 524288 524288 524288 
524288 524288 524288 524288 524288 524288 524288 524288 524288 524288 524288 524288 524288 524288 524288 524288 524288 524288 
524288 524288 524288 524288 524288 524288 524288 524288 524288 524288 524288 524288 524288 524288 524288 524288 524288 524288 
524288 524288 524288 524288 524288 524288 524288 524288 524288 524288 524288 524288 524288 524288 524288 524288 524288 524288 
524288 524288 524288 524288 524288 524288 524288 524288 524288 524288 524288 524288 524288 524288 524288 524288 524288 524288 
524288 524288 524288 524288 524288 524288 524288 524288 524288 524288 524288 524288 524288 524288 524288 524288 524288 524288 
524288 524288 524288 524288 524288 524288 524288 524288 524288 524288 524288 524288 524288 524288 524288 524288 524288 524288 
524288 524288 524288 524288 524288 524288 524288 524288 524288 524288 524288 524288 524288 524288 524288 524288 524288 524288 
524288 524288 524288 524288 524288 524288 524288 524288 524288 524288 524288 524288 524288 524288 524288 524288 524288 524288 
524288 524288 524288 524288 524288 524288 524288 524288 524288 524288 524288 524288 524288 524288 524288 524288 524288 524288 
524288 524288 524288 524288 524288 524288 524288 524288 524288 524288 524288 524288 524288 524288 524288 524288 524288 524288 
524288 524288 524288 524288 524288 524288 524288 524288 524288 524288 524288 524288 524288 524288 524288 524288 524288 524288 
524288 524288 524288 524288 524288 524288 524288 524288 524288 524288 524288 524288 524288 524288 524288 524288 524288 524288 
RESULT of Pt * G of Matrix with size 18 X 18


1707868160 1718878208 1729626112 1740636160 1751646208 1762394112 1773404160 1784414208 1795424256 1806172160 1817182208 1828192256 1838940160 1849950208 1860960256 1871970304 1882718208 1893728256 
1902903296 1715994624 1727004672 1738014720 1749024768 1760034816 1771044864 1782054912 1793064960 1804075008 1815085056 1825832960 1836843008 1847853056 1858863104 1869873152 1880883200 1891893248 
1901068288 1912078336 1724383232 1735393280 1746403328 1757413376 1768423424 1779433472 1790705664 1801715712 1812725760 1823735808 1834745856 1845755904 1856765952 1867776000 1878786048 1890058240 
1898971136 1909981184 1921253376 1732509696 1743781888 1754791936 1765801984 1777074176 1788084224 1799094272 1810366464 1821376512 1832386560 1843658752 1854668800 1865678848 1876951040 1887961088 
1896873984 1908146176 1919156224 1930428416 1740898304 1751908352 1763180544 1774452736 1785462784 1796734976 1807745024 1819017216 1830027264 1841299456 1852309504 1863581696 1874591744 1885863936 
1894776832 1905786880 1917059072 1928331264 1939603456 1749286912 1760296960 1771569152 1782841344 1793851392 1805123584 1816395776 1827667968 1838678016 1849950208 1861222400 1872232448 1883504640 
1892417536 1903689728 1914961920 1926234112 1937506304 1948778496 1757413376 1768685568 1779957760 1791229952 1802502144 1813774336 1825046528 1836056576 1847328768 1858600960 1869873152 1881145344 
1890058240 1901330432 1912602624 1923874816 1935147008 1946419200 1957953536 1765801984 1777074176 1788346368 1799618560 1810890752 1822162944 1833435136 1844707328 1855979520 1867513856 1878786048 
1887436800 1898971136 1910243328 1921515520 1933049856 1944322048 1955594240 1966866432 1773928448 1785200640 1796734976 1808007168 1819279360 1830813696 1842085888 1853358080 1864892416 1876164608 
1884815360 1896349696 1907621888 1919156224 1930428416 1941962752 1953234944 1964769280 1976041472 1782317056 1793589248 1805123584 1816395776 1827930112 1839202304 1850736640 1862008832 1873543168 
1882193920 1893728256 1905000448 1916534784 1928069120 1939341312 1950875648 1962409984 1973944320 1985216512 1790443520 1801977856 1813512192 1824784384 1836318720 1847853056 1859125248 1870659584 
1879310336 1890844672 1902379008 1913913344 1925447680 1936982016 1948516352 1960050688 1971322880 1982857216 1994391552 1798832128 1810366464 1821900800 1833172992 1844707328 1856241664 1867776000 
1876426752 1887961088 1899495424 1911029760 1922564096 1934360576 1945894912 1957429248 1968963584 1980497920 1992032256 2003566592 1806958592 1818492928 1830027264 1841823744 1853358080 1864892416 
1873281024 1885077504 1896611840 1908146176 1919942656 1931476992 1943011328 1954807808 1966342144 1977876480 1989672960 2001207296 2012741632 1815347200 1826881536 1838415872 1850212352 1861746688 
1870135296 1881931776 1893466112 1905262592 1916796928 1928593408 1940127744 1951924224 1963720704 1975255040 1987051520 1998585856 2010382336 2021916672 1823473664 1835270144 1846804480 1858600960 
1866989568 1878786048 1890320384 1902116864 1913913344 1925709824 1937244160 1949040640 1960837120 1972371456 1984167936 1995964416 2007760896 2019295232 2031091712 1831862272 1843658752 1855193088 
1863581696 1875378176 1887174656 1898971136 1910767616 1922564096 1934360576 1946157056 1957953536 1969487872 1981284352 1993080832 2004877312 2016673792 2028470272 2040266752 1839988736 1851785216 
1860173824 1871970304 1883766784 1895563264 1907359744 1919418368 1931214848 1943011328 1954807808 1966604288 1978400768 1990197248 2001993728 2014052352 2025848832 2037645312 2049441792 1848377344 
RESULT of [PG]t * G of Matrix with size 18 X 18


0 0 0 0 0 262144 262144 262144 262144 262144 524288 524288 524288 524288 524288 524288 786432 786432 
786432 0 0 0 0 0 262144 262144 262144 262144 262144 524288 524288 524288 524288 524288 786432 786432 
786432 786432 0 0 0 0 0 262144 262144 262144 262144 262144 524288 524288 524288 524288 524288 786432 
786432 786432 786432 0 0 0 0 0 262144 262144 262144 262144 262144 524288 524288 524288 524288 524288 
524288 786432 786432 786432 0 0 0 0 0 262144 262144 262144 262144 262144 524288 524288 524288 524288 
524288 524288 786432 786432 786432 0 0 0 0 0 262144 262144 262144 262144 262144 524288 524288 524288 
524288 524288 524288 786432 786432 786432 0 0 0 0 0 262144 262144 262144 262144 262144 524288 524288 
524288 524288 524288 524288 786432 786432 786432 0 0 0 0 0 262144 262144 262144 262144 262144 524288 
524288 524288 524288 524288 524288 786432 786432 786432 0 0 0 0 0 262144 262144 262144 262144 262144 
262144 524288 524288 524288 524288 524288 786432 786432 786432 0 0 0 0 0 262144 262144 262144 262144 
262144 262144 524288 524288 524288 524288 524288 786432 786432 786432 0 0 0 0 0 262144 262144 262144 
262144 262144 262144 524288 524288 524288 524288 524288 786432 786432 786432 0 0 0 0 0 262144 262144 
262144 262144 262144 262144 524288 524288 524288 524288 786432 786432 786432 786432 0 0 0 0 0 262144 
262144 262144 262144 262144 262144 524288 524288 524288 524288 786432 786432 786432 786432 0 0 0 0 0 
0 262144 262144 262144 262144 524288 524288 524288 524288 524288 786432 786432 786432 786432 0 0 0 0 
0 0 262144 262144 262144 262144 524288 524288 524288 524288 524288 786432 786432 786432 786432 0 0 0 
0 0 0 262144 262144 262144 262144 524288 524288 524288 524288 524288 786432 786432 786432 786432 0 0 
0 0 0 0 262144 262144 262144 262144 524288 524288 524288 524288 524288 786432 786432 786432 786432 0 
RESULT of Pt * Gt of Matrix with size 18 X 18


6291456 18087936 29884416 41680896 53477376 65273856 77070336 88866816 100925440 112721920 124518400 136314880 148111360 159907840 171704320 183500800 195559424 207355904 
506462208 15466496 44302336 73138176 101974016 130809856 159907840 188743680 217579520 246415360 275251200 304349184 333185024 362020864 390856704 419692544 448790528 477626368 
759693312 805568512 24641536 70516736 116391936 162267136 208404480 254279680 300154880 346030080 392167424 438042624 483917824 529793024 575930368 621805568 667680768 713818112 
978845696 1041760256 1104674816 33554432 96731136 159645696 222560256 285736960 348651520 411828224 474742784 537657344 600834048 663748608 726663168 789839872 852754432 915668992 
1163657216 1243873280 1323827200 1403781120 42729472 122945536 202899456 283115520 363069440 443023360 523239424 603193344 683409408 763363328 843579392 923533312 1003487232 1083703296 
1314652160 1411645440 1508900864 1605894144 1703149568 51904512 149159936 246153216 343408640 440401920 537657344 634650624 731906048 828899328 926154752 1023148032 1120403456 1217396736 
1431306240 1545601024 1659633664 1773928448 1887961088 2002255872 61079552 175374336 289406976 403701760 517996544 632029184 746323968 860356608 974651392 1088684032 1202978816 1317011456 
1513881600 1645215744 1776549888 1907621888 2038956032 -2124939264 -1993605120 70254592 201588736 332922880 463994880 595329024 726401024 857735168 989069312 1120141312 1251475456 1382809600 
1562378240 1710751744 1859125248 2007236608 -2139357184 -1990983680 -1842610176 -1694498816 79429632 227803136 376176640 524288000 672661504 821035008 969146368 1117519872 1265893376 1414266880 
1576796160 1742209024 1907621888 2073034752 -2056781824 -1891368960 -1725956096 -1560543232 -1395392512 88604672 254017536 419430400 584581120 749993984 915406848 1080819712 1246232576 1411383296 
1557135360 1739587584 1922039808 2104229888 -2008285184 -1825832960 -1643380736 -1460928512 -1278476288 -1096024064 97779712 280231936 462684160 645136384 827326464 1009778688 1192230912 1374683136 
1503395840 1702625280 1902116864 2101608448 -1993867264 -1794375680 -1594884096 -1395392512 -1195900928 -996409344 -796917760 106954752 306446336 505937920 705429504 904921088 1104412672 1303904256 
1415315456 1631846400 1848377344 2064908288 -2013528064 -1796997120 -1580466176 -1363935232 -1147404288 -930873344 -714342400 -497811456 116129792 332660736 549191680 765722624 982253568 1198784512 
1293156352 1526726656 1760296960 1994129408 -2067267584 -1833697280 -1600126976 -1366556672 -1132986368 -899416064 -665845760 -432275456 -198705152 125304832 358875136 592445440 826015744 1059586048 
1136918528 1387790336 1638400000 1889009664 2139619328 -1904738304 -1654128640 -1403518976 -1152647168 -902037504 -651427840 -400818176 -150208512 100401152 134479872 385089536 635699200 886308864 
946601984 1214513152 1482162176 1749811200 2017460224 -2009595904 -1741946880 -1474297856 -1206648832 -938999808 -671088640 -403439616 -135790592 131858432 399769600 143654912 411303936 678952960 
722206720 1007157248 1291845632 1576534016 1861484544 2146172928 -1864105984 -1579417600 -1294467072 -1009778688 -725090304 -440139776 -155451392 129236992 413925376 698875904 152829952 437518336 
463732736 765460480 1067450368 1369178112 1671168000 1972895744 -2020343808 -1718353920 -1416626176 -1114898432 -812908544 -511180800 -209453056 92536832 394264576 696254464 997982208 162004992 
RESULT of [PG]t * Gt of Matrix with size 18 X 18


