0 0 0 0 0 0 0 0 0 0 0 0 0 0 0 0 0 0 0 
0 0 0 0 0 0 0 0 0 0 0 0 0 0 0 0 0 0 0 
0 0 0 0 0 0 0 0 0 0 0 0 0 0 0 0 0 0 0 
0 0 0 0 0 0 0 0 0 0 0 0 0 0 0 0 0 0 0 
0 0 0 0 0 0 0 0 0 0 0 0 0 0 0 0 0 0 0 
0 0 0 0 0 0 0 0 0 0 0 0 0 0 0 0 0 0 0 
0 0 0 0 0 0 0 0 0 0 0 0 0 0 0 0 0 0 0 
0 0 0 0 0 0 0 0 0 0 0 0 0 0 0 0 0 0 0 
0 0 0 0 0 0 0 0 0 0 0 0 0 0 0 0 0 0 0 
0 0 0 0 0 0 0 0 0 0 0 0 0 0 0 0 0 0 0 
0 0 0 0 0 0 0 0 0 0 0 0 0 0 0 0 0 0 0 
0 0 0 0 0 0 0 0 0 0 0 0 0 0 0 0 0 0 0 
0 0 0 0 0 0 0 0 0 0 0 0 0 0 0 0 0 0 0 
0 0 0 0 0 0 0 0 0 0 0 0 0 0 0 0 0 0 0 
0 0 0 0 0 0 0 0 0 0 0 0 0 0 0 0 0 0 0 
0 0 0 0 0 0 0 0 0 0 0 0 0 0 0 0 0 0 0 
0 0 0 0 0 0 0 0 0 0 0 0 0 0 0 0 0 0 0 
0 0 0 0 0 0 0 0 0 0 0 0 0 0 0 0 0 0 0 
0 0 0 0 0 0 0 0 0 0 0 0 0 0 0 0 0 0 0 
INITIAL DATA of Matrix with size 19 X 19


0 0 0 0 0 0 0 0 0 0 0 0 0 0 0 0 0 0 0 
0 0 0 0 0 0 0 0 0 0 0 0 0 0 0 0 0 0 0 
0 0 0 0 0 0 0 0 0 0 0 0 0 0 0 0 0 0 0 
0 0 0 0 0 0 0 0 0 0 0 0 0 0 0 0 0 0 0 
262144 262144 262144 262144 262144 262144 262144 262144 262144 262144 262144 262144 262144 262144 262144 262144 262144 262144 262144 
262144 262144 262144 262144 262144 262144 262144 262144 262144 262144 262144 262144 262144 262144 262144 262144 262144 262144 262144 
262144 262144 262144 262144 262144 262144 262144 262144 262144 262144 262144 262144 262144 262144 262144 262144 262144 262144 262144 
262144 262144 262144 262144 262144 524288 524288 262144 262144 262144 262144 262144 262144 262144 262144 262144 262144 262144 262144 
524288 524288 524288 524288 524288 524288 524288 524288 524288 524288 524288 524288 524288 524288 524288 524288 524288 524288 524288 
524288 524288 524288 524288 524288 524288 524288 524288 524288 524288 524288 524288 524288 524288 524288 524288 524288 524288 524288 
524288 524288 524288 524288 524288 524288 524288 524288 524288 524288 524288 524288 524288 524288 524288 524288 524288 524288 524288 
524288 524288 524288 524288 524288 524288 524288 786432 786432 786432 786432 524288 524288 524288 524288 524288 524288 524288 524288 
786432 786432 786432 786432 786432 786432 786432 786432 786432 786432 786432 786432 786432 786432 786432 786432 786432 786432 786432 
786432 786432 786432 786432 786432 786432 786432 786432 786432 786432 786432 786432 786432 786432 786432 786432 786432 786432 786432 
786432 786432 786432 786432 786432 786432 786432 786432 786432 786432 786432 786432 786432 786432 786432 786432 786432 786432 786432 
786432 786432 786432 786432 786432 786432 786432 786432 786432 786432 1048576 1048576 1048576 1048576 1048576 786432 786432 786432 786432 
1048576 1048576 1048576 1048576 1048576 1048576 1048576 1048576 1048576 1048576 1048576 1048576 1048576 1048576 1048576 1048576 786432 786432 1048576 
1048576 1048576 1048576 1048576 1048576 1048576 1048576 1048576 1048576 1048576 1048576 1048576 1048576 1048576 1048576 1048576 1048576 1048576 1048576 
1048576 1048576 1048576 1048576 1048576 1048576 1048576 1048576 1048576 1048576 1048576 1048576 1048576 1048576 1048576 1048576 1048576 1048576 1048576 
RESULT of P * G of Matrix with size 19 X 19


149684224 150470656 151519232 152305664 153092096 153878528 154927104 155713536 156499968 157548544 158334976 159121408 159907840 160956416 161742848 162529280 163577856 164364288 165150720 
405012480 367263744 369360896 371458048 373555200 375652352 377749504 379846656 381943808 384040960 386138112 388235264 390332416 392429568 394526720 396623872 398721024 400818176 402915328 
641466368 644874240 584581120 587988992 591396864 594542592 597950464 601358336 604766208 607911936 611319808 614727680 618135552 621281280 624689152 628097024 631504896 634650624 638058496 
875298816 880017408 884473856 802160640 806617088 811335680 815792128 820248576 824967168 829423616 834142208 838598656 843317248 847773696 852492288 856948736 861667328 866123776 870842368 
1106771968 1112801280 1118568448 1124335616 1019478016 1025245184 1031012352 1037041664 1042808832 1048576000 1054343168 1060372480 1066139648 1071906816 1077673984 1083441152 1089470464 1095237632 1101004800 
1335885824 1342963712 1350041600 1357119488 1364197376 1236795392 1243873280 1250951168 1258029056 1265106944 1272184832 1279262720 1286340608 1293418496 1300496384 1307574272 1314652160 1321730048 1328807936 
1562378240 1570766848 1578893312 1587281920 1595670528 1603796992 1454374912 1462763520 1470889984 1479278592 1487667200 1495793664 1504182272 1512570880 1520959488 1529085952 1537474560 1545863168 1553989632 
1786511360 1795948544 1805385728 1815085056 1824522240 1834221568 1843658752 1671692288 1681391616 1690828800 1700528128 1709965312 1719664640 1729101824 1738539008 1748238336 1757675520 1767374848 1776812032 
2008023040 2018770944 2029518848 2040266752 2051014656 2062024704 2072772608 2083520512 1889271808 1900019712 1910767616 1921515520 1932525568 1943273472 1954021376 1964769280 1975517184 1986265088 1997275136 
-2068054016 -2055995392 -2043936768 -2031878144 -2019819520 -2007760896 -1995702272 -1983643648 -1971585024 2106589184 2118647808 2130706432 2142765056 -2140143616 -2128084992 -2116026368 -2103967744 -2091909120 -2079850496 
-1851260928 -1838153728 -1824784384 -1811415040 -1798307840 -1784938496 -1771831296 -1758461952 -1745092608 -1731985408 -1970798592 -1957429248 -1944322048 -1930952704 -1917845504 -1904476160 -1891106816 -1877999616 -1864630272 
-1637351424 -1622671360 -1608253440 -1593835520 -1579155456 -1564737536 -1550057472 -1535639552 -1521221632 -1506541568 -1492123648 -1753481216 -1738801152 -1724383232 -1709703168 -1695285248 -1680867328 -1666187264 -1651769344 
-1425539072 -1409810432 -1394081792 -1378353152 -1362624512 -1346895872 -1331167232 -1315438592 -1299709952 -1283719168 -1267990528 -1252261888 -1535901696 -1520173056 -1504444416 -1488715776 -1472987136 -1457258496 -1441267712 
-1216610304 -1199570944 -1182531584 -1165492224 -1148452864 -1131413504 -1114636288 -1097596928 -1080557568 -1063518208 -1046478848 -1029439488 -1012400128 -1318584320 -1301544960 -1284505600 -1267466240 -1250426880 -1233387520 
-1009778688 -991690752 -973340672 -955252736 -936902656 -918552576 -900464640 -882114560 -864026624 -845676544 -827326464 -809238528 -790888448 -772800512 -1101004800 -1082916864 -1064566784 -1046216704 -1028128768 
-805568512 -786169856 -766771200 -747110400 -727711744 -708313088 -688914432 -669253632 -649854976 -630456320 -610795520 -591396864 -571998208 -552337408 -532938752 -883687424 -864026624 -844627968 -825229312 
-603979776 -583270400 -562561024 -541851648 -521142272 -500432896 -479723520 -459014144 -438304768 -417595392 -396886016 -375914496 -355205120 -334495744 -313786368 -293076992 -666107904 -645398528 -624689152 
-404750336 -382730240 -360972288 -338952192 -316932096 -294912000 -272891904 -251133952 -229113856 -207093760 -185073664 -163053568 -141295616 -119275520 -97255424 -75235328 -53477376 -448790528 -426770432 
-208142336 -184811520 -161742848 -138412032 -115343360 -92012544 -68943872 -45613056 -22544384 786432 24117248 47185920 70516736 93585408 116916224 139984896 163315712 186384384 -231211008 
RESULT of P G * G of Matrix with size 19 X 19


0 0 0 0 0 0 0 0 0 0 0 0 0 0 0 0 0 0 0 
0 0 0 0 0 0 0 0 0 0 0 0 0 0 0 0 0 0 0 
262144 262144 0 0 0 0 0 0 0 0 0 0 0 0 0 0 0 262144 262144 
262144 262144 262144 0 0 0 0 0 0 0 0 0 0 0 262144 262144 262144 262144 262144 
262144 262144 524288 524288 0 0 0 0 0 0 0 0 262144 262144 262144 262144 262144 262144 262144 
524288 524288 524288 524288 524288 0 0 0 0 0 0 0 262144 262144 262144 262144 262144 262144 262144 
524288 524288 524288 524288 524288 786432 0 0 0 0 0 0 262144 262144 262144 262144 262144 262144 524288 
524288 524288 524288 786432 786432 786432 786432 0 0 0 0 0 262144 262144 262144 262144 262144 524288 524288 
524288 524288 786432 786432 786432 786432 786432 1048576 0 0 0 0 262144 262144 262144 262144 262144 524288 524288 
524288 524288 786432 786432 786432 786432 1048576 1048576 1048576 0 0 0 0 262144 262144 262144 262144 524288 524288 
524288 524288 786432 786432 786432 1048576 1048576 1048576 1048576 1310720 0 0 0 0 262144 262144 262144 524288 524288 
524288 524288 786432 786432 786432 1048576 1048576 1048576 1048576 1310720 1310720 0 0 0 262144 262144 262144 262144 524288 
524288 524288 786432 786432 786432 1048576 1048576 1048576 1310720 1310720 1310720 1572864 0 0 0 262144 262144 262144 524288 
524288 524288 786432 786432 786432 1048576 1048576 1048576 1310720 1310720 1310720 1572864 1572864 0 0 0 262144 262144 262144 
524288 524288 524288 786432 786432 1048576 1048576 1048576 1310720 1310720 1310720 1572864 1572864 1835008 0 0 0 262144 262144 
262144 524288 524288 786432 786432 786432 1048576 1048576 1310720 1310720 1310720 1572864 1572864 1835008 1835008 0 0 262144 262144 
262144 262144 524288 524288 786432 786432 1048576 1048576 1048576 1310720 1310720 1572864 1572864 1835008 1835008 2097152 0 0 262144 
262144 262144 524288 524288 524288 786432 786432 1048576 1048576 1310720 1310720 1572864 1572864 1835008 1835008 2097152 2097152 0 0 
0 262144 262144 524288 524288 786432 786432 1048576 1048576 1310720 1310720 1572864 1572864 1835008 1835008 2097152 2097152 2097152 0 
RESULT of P * Gt of Matrix with size 19 X 19


8650752 21233664 33816576 46399488 58982400 71565312 84410368 96993280 109576192 122159104 134742016 147324928 159907840 172752896 185335808 197918720 210501632 223084544 235667456 
676593664 24903680 61079552 97255424 133431296 169607168 206045184 242221056 278396928 314572800 350748672 386924544 423100416 459276288 495714304 531890176 568066048 604241920 640417792 
1057751040 1117519872 41156608 100925440 160694272 220725248 280494080 340262912 400031744 459800576 519569408 579338240 639107072 698875904 758906880 818675712 878444544 938213376 997982208 
1391722496 1475084288 1558446080 57671680 141033472 224395264 307757056 391118848 474480640 557842432 641204224 724566016 807927808 891289600 974651392 1058275328 1141637120 1224998912 1308360704 
1678508032 1785462784 1892417536 1999372288 73924608 180879360 287834112 394788864 501743616 608698368 715653120 822607872 929562624 1036517376 1143472128 1250689024 1357643776 1464598528 1571553280 
1918107648 2048655360 -2115764224 -1985216512 -1854668800 90177536 220725248 351272960 481820672 612368384 742916096 873463808 1004011520 1134559232 1265369088 1395916800 1526464512 1657012224 1787559936 
2110521344 -2030305280 -1876164608 -1722023936 -1567883264 -1413742592 106430464 260571136 414711808 568852480 722993152 877133824 1031536640 1185677312 1339817984 1493958656 1648099328 1802240000 1956380672 
-2039218176 -1861484544 -1683750912 -1506017280 -1328283648 -1150550016 -972816384 122945536 300679168 478412800 656146432 833880064 1011613696 1189347328 1367080960 1544814592 1722548224 1900281856 2078015488 
-1941176320 -1739849728 -1538523136 -1337196544 -1135869952 -934543360 -733216768 -531890176 139198464 340525056 541851648 743178240 944504832 1145831424 1347158016 1548484608 1749811200 1951137792 -2142502912 
-1890320384 -1665400832 -1440481280 -1215561728 -990642176 -765722624 -540803072 -315883520 -90963968 155451392 380370944 605290496 830210048 1055129600 1280049152 1504968704 1729888256 1954807808 -2115239936 
-1886650368 -1638137856 -1389625344 -1141112832 -892600320 -644087808 -395575296 -147062784 101449728 349962240 171704320 420216832 668729344 917241856 1165754368 1414266880 1662779392 1911291904 -2135162880 
-1930166272 -1658060800 -1385955328 -1113849856 -841744384 -569638912 -297533440 -25427968 246677504 518782976 790888448 188219392 460324864 732430336 1004535808 1276379136 1548484608 1820590080 2092695552 
-2020868096 -1725169664 -1429471232 -1133772800 -838074368 -542375936 -246677504 49020928 344719360 640417792 936116224 1231814656 204472320 500170752 795869184 1091567616 1387266048 1682964480 1978400768 
2136473600 -1839202304 -1520173056 -1200881664 -881590272 -562298880 -243007488 76283904 395575296 714866688 1034158080 1353449472 1672478720 220725248 540016640 859308032 1178599424 1497890816 1817182208 
1951399936 -2000683008 -1657798656 -1314914304 -972292096 -629407744 -286523392 56360960 399245312 742129664 1085014016 1427898368 1770782720 2113404928 237240320 579862528 922746880 1265631232 1608515584 
1719140352 2085617664 -1842872320 -1476395008 -1109917696 -743440384 -377225216 -10747904 355729408 722206720 1088684032 1455161344 1821638656 -2107113472 -1740636160 253493248 619970560 986447872 1352663040 
1439956992 1829765120 -2075131904 -1685061632 -1294991360 -904921088 -514850816 -124780544 265027584 655097856 1045168128 1435238400 1825308672 -2079588352 -1689780224 -1299709952 269746176 659816448 1049886720 
1113325568 1526988800 1940652032 -1940914176 -1527250944 -1113587712 -699924480 -286261248 127401984 540803072 954466304 1368129536 1781792768 -2099511296 -1685848064 -1272446976 -858783744 285999104 699662336 
739508224 1176764416 1614020608 2051276800 -1806434304 -1369440256 -932184064 -494927872 -57671680 379584512 816840704 1253834752 1691090944 2128347136 -1729363968 -1292107776 -855113728 -417857536 302514176 
RESULT of PG * Gt of Matrix with size 19 X 19


524288 524288 524288 524288 524288 524288 786432 786432 786432 786432 786432 786432 786432 786432 786432 786432 786432 786432 786432 
786432 524288 524288 524288 524288 524288 786432 786432 786432 786432 786432 786432 786432 786432 786432 786432 786432 786432 786432 
786432 786432 524288 524288 524288 524288 786432 786432 786432 786432 786432 786432 786432 786432 786432 786432 786432 786432 786432 
786432 786432 786432 524288 524288 524288 786432 786432 786432 786432 786432 786432 786432 786432 786432 786432 786432 786432 786432 
786432 786432 786432 786432 524288 524288 786432 786432 786432 786432 786432 786432 786432 786432 786432 786432 786432 786432 786432 
786432 786432 786432 786432 786432 524288 786432 786432 786432 786432 786432 786432 786432 786432 786432 786432 786432 786432 786432 
786432 786432 786432 786432 786432 786432 786432 786432 786432 786432 786432 786432 786432 786432 786432 786432 786432 786432 786432 
786432 786432 786432 786432 786432 786432 786432 786432 786432 786432 786432 786432 786432 786432 786432 786432 786432 786432 786432 
786432 786432 786432 786432 786432 786432 786432 786432 786432 786432 786432 786432 786432 786432 786432 786432 786432 786432 786432 
786432 786432 786432 786432 786432 786432 786432 786432 786432 786432 786432 786432 786432 786432 786432 786432 786432 786432 786432 
786432 786432 786432 786432 786432 786432 786432 786432 786432 786432 786432 786432 786432 786432 786432 786432 786432 786432 786432 
786432 786432 786432 786432 786432 786432 786432 786432 786432 786432 786432 786432 786432 786432 786432 786432 786432 786432 786432 
786432 786432 786432 786432 786432 786432 786432 786432 786432 786432 786432 786432 786432 786432 786432 786432 786432 786432 786432 
786432 786432 786432 786432 786432 786432 786432 786432 786432 786432 786432 786432 786432 786432 786432 786432 786432 786432 786432 
786432 786432 786432 786432 786432 786432 786432 786432 786432 786432 786432 786432 786432 786432 786432 786432 786432 786432 786432 
786432 786432 786432 786432 786432 786432 786432 786432 786432 786432 786432 786432 786432 786432 786432 786432 786432 786432 786432 
786432 786432 786432 786432 786432 786432 786432 786432 786432 786432 786432 786432 786432 786432 786432 786432 786432 786432 786432 
786432 786432 786432 786432 786432 786432 786432 786432 786432 786432 786432 786432 786432 786432 786432 786432 786432 786432 786432 
786432 786432 786432 786432 786432 786432 786432 786432 786432 786432 786432 786432 786432 786432 786432 786432 786432 786432 786432 
RESULT of Pt * G of Matrix with size 19 X 19


-1654128640 -1638924288 -1623982080 -1608777728 -1593573376 -1578369024 -1563426816 -1548222464 -1533018112 -1517813760 -1502609408 -1487667200 -1472462848 -1457258496 -1442054144 -1426849792 -1411907584 -1396703232 -1381498880 
-1368915968 -1642856448 -1627652096 -1612447744 -1597243392 -1581776896 -1566572544 -1551368192 -1536163840 -1520959488 -1505755136 -1490550784 -1475346432 -1460142080 -1444937728 -1429733376 -1414529024 -1399324672 -1384120320 
-1371537408 -1356333056 -1631322112 -1616117760 -1600651264 -1585446912 -1570242560 -1555038208 -1539571712 -1524367360 -1509163008 -1493696512 -1478492160 -1463287808 -1448083456 -1432616960 -1417412608 -1402208256 -1386741760 
-1374420992 -1358954496 -1343750144 -1619787776 -1604583424 -1589116928 -1573912576 -1558446080 -1543241728 -1527775232 -1512570880 -1497104384 -1481900032 -1466433536 -1450967040 -1435762688 -1420296192 -1405091840 -1389625344 
-1377304576 -1361838080 -1346371584 -1331167232 -1608515584 -1593049088 -1577582592 -1562116096 -1546911744 -1531445248 -1515978752 -1500512256 -1485045760 -1469841408 -1454374912 -1438908416 -1423441920 -1407975424 -1392771072 
-1380450304 -1364983808 -1349255168 -1333788672 -1318322176 -1596981248 -1581514752 -1566048256 -1550581760 -1535115264 -1519648768 -1504182272 -1488715776 -1473249280 -1457782784 -1442316288 -1426849792 -1411383296 -1395916800 
-1383596032 -1367867392 -1352400896 -1336934400 -1321467904 -1305739264 -1585446912 -1569980416 -1554513920 -1538785280 -1523318784 -1507852288 -1492385792 -1476657152 -1461190656 -1445724160 -1430257664 -1414529024 -1399062528 
-1386741760 -1371275264 -1355546624 -1340080128 -1324351488 -1308884992 -1293156352 -1574174720 -1558446080 -1542979584 -1527250944 -1511784448 -1496055808 -1480327168 -1464860672 -1449132032 -1433665536 -1417936896 -1402470400 
-1390149632 -1374683136 -1358954496 -1343225856 -1327497216 -1312030720 -1296302080 -1280573440 -1562640384 -1546911744 -1531183104 -1515716608 -1499987968 -1484259328 -1468530688 -1453064192 -1437335552 -1421606912 -1405878272 
-1393819648 -1378091008 -1362362368 -1346633728 -1330905088 -1315176448 -1299447808 -1283719168 -1267990528 -1551106048 -1535377408 -1519648768 -1503920128 -1488191488 -1472462848 -1456734208 -1441005568 -1425276928 -1409548288 
-1397489664 -1381761024 -1366032384 -1350041600 -1334312960 -1318584320 -1302855680 -1286864896 -1271136256 -1255407616 -1539833856 -1523843072 -1508114432 -1492385792 -1476657152 -1460666368 -1444937728 -1429209088 -1413218304 
-1401421824 -1385431040 -1369702400 -1353711616 -1337982976 -1321992192 -1306263552 -1290272768 -1274544128 -1258553344 -1242824704 -1528299520 -1512570880 -1496580096 -1480589312 -1464860672 -1448869888 -1433141248 -1417150464 
-1405353984 -1389363200 -1373372416 -1357643776 -1341652992 -1325662208 -1309671424 -1293942784 -1277952000 -1261961216 -1245970432 -1229979648 -1516765184 -1501036544 -1485045760 -1469054976 -1453064192 -1437335552 -1421344768 
-1409548288 -1393557504 -1377566720 -1361313792 -1345323008 -1329332224 -1313341440 -1297350656 -1281359872 -1265369088 -1249378304 -1233387520 -1217396736 -1505492992 -1489502208 -1473511424 -1457520640 -1441529856 -1425539072 
-1413742592 -1397489664 -1381498880 -1365508096 -1349517312 -1333264384 -1317273600 -1301282816 -1285029888 -1269039104 -1253048320 -1237057536 -1220804608 -1204813824 -1493958656 -1477967872 -1461977088 -1445724160 -1429733376 
-1417936896 -1401946112 -1385693184 -1369702400 -1353449472 -1337458688 -1321205760 -1305214976 -1288962048 -1272971264 -1256718336 -1240727552 -1224474624 -1208221696 -1192230912 -1482424320 -1466433536 -1450180608 -1434189824 
-1422393344 -1406402560 -1390149632 -1373896704 -1357643776 -1341652992 -1325400064 -1309147136 -1292894208 -1276641280 -1260650496 -1244397568 -1228144640 -1211891712 -1195900928 -1179648000 -1471152128 -1454899200 -1438646272 
-1427111936 -1410859008 -1394606080 -1378353152 -1362100224 -1345847296 -1329594368 -1313341440 -1297088512 -1280835584 -1264582656 -1248329728 -1232076800 -1215823872 -1199570944 -1183318016 -1167065088 -1459617792 -1443364864 
-1431830528 -1415577600 -1399324672 -1382809600 -1366556672 -1350303744 -1334050816 -1317535744 -1301282816 -1285029888 -1268514816 -1252261888 -1236008960 -1219756032 -1203240960 -1186988032 -1170735104 -1154482176 -1448083456 
RESULT of [PG]t * G of Matrix with size 19 X 19


0 0 0 0 262144 262144 262144 262144 524288 524288 524288 524288 786432 786432 786432 786432 786432 1048576 1048576 
1048576 0 0 0 0 262144 262144 262144 262144 524288 524288 524288 524288 786432 786432 786432 786432 786432 1048576 
1048576 1048576 0 0 0 0 262144 262144 262144 262144 524288 524288 524288 524288 786432 786432 786432 786432 1048576 
1048576 1048576 1048576 0 0 0 0 262144 262144 262144 262144 524288 524288 524288 524288 786432 786432 786432 786432 
786432 1048576 1048576 1048576 0 0 0 0 262144 262144 262144 262144 524288 524288 524288 524288 786432 786432 786432 
786432 786432 1048576 1048576 1048576 0 0 0 0 262144 262144 262144 262144 524288 524288 524288 524288 786432 786432 
786432 786432 786432 1048576 1048576 1048576 0 0 0 0 262144 262144 262144 262144 524288 524288 524288 524288 786432 
786432 786432 786432 786432 1048576 1048576 1048576 0 0 0 0 262144 262144 262144 262144 524288 524288 524288 524288 
524288 786432 786432 786432 786432 1048576 1048576 1048576 0 0 0 0 262144 262144 262144 262144 524288 524288 524288 
524288 524288 786432 786432 786432 786432 1048576 1048576 1048576 0 0 0 0 262144 262144 262144 262144 524288 524288 
524288 524288 524288 786432 786432 786432 786432 1048576 1048576 1048576 0 0 0 0 262144 262144 262144 262144 524288 
524288 524288 524288 524288 786432 786432 786432 786432 1048576 1048576 1048576 0 0 0 0 262144 262144 262144 262144 
262144 524288 524288 524288 524288 786432 786432 786432 786432 1048576 1048576 1048576 0 0 0 0 262144 262144 262144 
262144 262144 524288 524288 524288 524288 786432 786432 786432 786432 1048576 1048576 1048576 0 0 0 0 262144 262144 
262144 262144 262144 524288 524288 524288 524288 786432 786432 786432 1048576 1048576 1048576 1048576 0 0 0 0 262144 
262144 262144 262144 262144 524288 524288 524288 786432 786432 786432 786432 1048576 1048576 1048576 1048576 0 0 0 0 
0 262144 262144 262144 262144 524288 524288 524288 786432 786432 786432 786432 1048576 1048576 1048576 1048576 0 0 0 
0 0 262144 262144 262144 524288 524288 524288 524288 786432 786432 786432 786432 1048576 1048576 1048576 1048576 0 0 
0 0 0 262144 262144 262144 524288 524288 524288 524288 786432 786432 786432 786432 1048576 1048576 1048576 1048576 0 
RESULT of Pt * Gt of Matrix with size 19 X 19


8650752 24903680 41156608 57671680 73924608 90177536 106430464 122945536 139198464 155451392 171704320 188219392 204472320 220725248 237240320 253493248 269746176 285999104 302514176 
739508224 21233664 61079552 100925440 141033472 180879360 220725248 260571136 300679168 340525056 380370944 420216832 460324864 500170752 540016640 579862528 619970560 659816448 699662336 
1113325568 1176764416 33816576 97255424 160694272 224395264 287834112 351272960 414711808 478412800 541851648 605290496 668729344 732430336 795869184 859308032 922746880 986447872 1049886720 
1439956992 1526988800 1614020608 46399488 133431296 220725248 307757056 394788864 481820672 568852480 656146432 743178240 830210048 917241856 1004535808 1091567616 1178599424 1265631232 1352663040 
1719140352 1829765120 1940652032 2051276800 58982400 169607168 280494080 391118848 501743616 612368384 722993152 833880064 944504832 1055129600 1165754368 1276379136 1387266048 1497890816 1608515584 
1951399936 2085617664 -2075131904 -1940914176 -1806434304 71565312 206045184 340262912 474480640 608698368 742916096 877133824 1011613696 1145831424 1280049152 1414266880 1548484608 1682964480 1817182208 
2136473600 -2000683008 -1842872320 -1685061632 -1527250944 -1369440256 84410368 242221056 400031744 557842432 715653120 873463808 1031536640 1189347328 1347158016 1504968704 1662779392 1820590080 1978400768 
-2020868096 -1839202304 -1657798656 -1476395008 -1294991360 -1113587712 -932184064 96993280 278396928 459800576 641204224 822607872 1004011520 1185677312 1367080960 1548484608 1729888256 1911291904 2092695552 
-1930166272 -1725169664 -1520173056 -1314914304 -1109917696 -904921088 -699924480 -494927872 109576192 314572800 519569408 724566016 929562624 1134559232 1339817984 1544814592 1749811200 1954807808 -2135162880 
-1886650368 -1658060800 -1429471232 -1200881664 -972292096 -743440384 -514850816 -286261248 -57671680 122159104 350748672 579338240 807927808 1036517376 1265369088 1493958656 1722548224 1951137792 -2115239936 
-1890320384 -1638137856 -1385955328 -1133772800 -881590272 -629407744 -377225216 -124780544 127401984 379584512 134742016 386924544 639107072 891289600 1143472128 1395916800 1648099328 1900281856 -2142502912 
-1941176320 -1665400832 -1389625344 -1113849856 -838074368 -562298880 -286523392 -10747904 265027584 540803072 816840704 147324928 423100416 698875904 974651392 1250689024 1526464512 1802240000 2078015488 
-2039218176 -1739849728 -1440481280 -1141112832 -841744384 -542375936 -243007488 56360960 355729408 655097856 954466304 1253834752 159907840 459276288 758906880 1058275328 1357643776 1657012224 1956380672 
2110521344 -1861484544 -1538523136 -1215561728 -892600320 -569638912 -246677504 76283904 399245312 722206720 1045168128 1368129536 1691090944 172752896 495714304 818675712 1141637120 1464598528 1787559936 
1918107648 -2030305280 -1683750912 -1337196544 -990642176 -644087808 -297533440 49020928 395575296 742129664 1088684032 1435238400 1781792768 2128347136 185335808 531890176 878444544 1224998912 1571553280 
1678508032 2048655360 -1876164608 -1506017280 -1135869952 -765722624 -395575296 -25427968 344719360 714866688 1085014016 1455161344 1825308672 -2099511296 -1729363968 197918720 568066048 938213376 1308360704 
1391722496 1785462784 -2115764224 -1722023936 -1328283648 -934543360 -540803072 -147062784 246677504 640417792 1034158080 1427898368 1821638656 -2079588352 -1685848064 -1292107776 210501632 604241920 997982208 
1057751040 1475084288 1892417536 -1985216512 -1567883264 -1150550016 -733216768 -315883520 101449728 518782976 936116224 1353449472 1770782720 -2107113472 -1689780224 -1272446976 -855113728 223084544 640417792 
676593664 1117519872 1558446080 1999372288 -1854668800 -1413742592 -972816384 -531890176 -90963968 349962240 790888448 1231814656 1672478720 2113404928 -1740636160 -1299709952 -858783744 -417857536 235667456 
RESULT of [PG]t * Gt of Matrix with size 19 X 19


