0 0 0 0 0 0 0 0 0 0 0 0 0 0 0 0 0 0 0 0 
0 0 0 0 0 0 0 0 0 0 0 0 0 0 0 0 0 0 0 0 
0 0 0 0 0 0 0 0 0 0 0 0 0 0 0 0 0 0 0 0 
0 0 0 0 0 0 0 0 0 0 0 0 0 0 0 0 0 0 0 0 
0 0 0 0 0 0 0 0 0 0 0 0 0 0 0 0 0 0 0 0 
0 0 0 0 0 0 0 0 0 0 0 0 0 0 0 0 0 0 0 0 
0 0 0 0 0 0 0 0 0 0 0 0 0 0 0 0 0 0 0 0 
0 0 0 0 0 0 0 0 0 0 0 0 0 0 0 0 0 0 0 0 
0 0 0 0 0 0 0 0 0 0 0 0 0 0 0 0 0 0 0 0 
0 0 0 0 0 0 0 0 0 0 0 0 0 0 0 0 0 0 0 0 
0 0 0 0 0 0 0 0 0 0 0 0 0 0 0 0 0 0 0 0 
0 0 0 0 0 0 0 0 0 0 0 0 0 0 0 0 0 0 0 0 
0 0 0 0 0 0 0 0 0 0 0 0 0 0 0 0 0 0 0 0 
0 0 0 0 0 0 0 0 0 0 0 0 0 0 0 0 0 0 0 0 
0 0 0 0 0 0 0 0 0 0 0 0 0 0 0 0 0 0 0 0 
0 0 0 0 0 0 0 0 0 0 0 0 0 0 0 0 0 0 0 0 
0 0 0 0 0 0 0 0 0 0 0 0 0 0 0 0 0 0 0 0 
0 0 0 0 0 0 0 0 0 0 0 0 0 0 0 0 0 0 0 0 
0 0 0 0 0 0 0 0 0 0 0 0 0 0 0 0 0 0 0 0 
0 0 0 0 0 0 0 0 0 0 0 0 0 0 0 0 0 0 0 0 
INITIAL DATA of Matrix with size 20 X 20


0 0 0 0 0 0 0 0 0 0 0 0 0 0 0 0 0 0 0 0 
0 0 0 0 0 0 0 0 0 0 0 0 0 0 0 0 0 0 0 0 
0 0 0 0 0 0 0 0 0 0 0 0 0 0 0 0 0 0 0 0 
262144 262144 262144 262144 262144 262144 262144 262144 262144 262144 262144 262144 262144 262144 262144 262144 262144 262144 262144 262144 
262144 262144 262144 262144 262144 262144 262144 262144 262144 262144 262144 262144 262144 262144 262144 262144 262144 262144 262144 262144 
262144 262144 262144 262144 262144 262144 262144 262144 262144 262144 262144 262144 262144 262144 262144 262144 262144 262144 262144 262144 
524288 524288 524288 524288 524288 524288 262144 262144 262144 262144 262144 524288 524288 524288 524288 524288 524288 524288 524288 524288 
524288 524288 524288 524288 524288 524288 524288 524288 524288 524288 524288 524288 524288 524288 524288 524288 524288 524288 524288 524288 
524288 524288 524288 524288 524288 524288 524288 524288 524288 524288 524288 524288 524288 524288 524288 524288 524288 524288 524288 524288 
524288 786432 786432 786432 786432 786432 786432 786432 786432 524288 524288 524288 524288 524288 524288 524288 524288 524288 524288 524288 
786432 786432 786432 786432 786432 786432 786432 786432 786432 786432 786432 786432 786432 786432 786432 786432 786432 786432 786432 786432 
786432 786432 786432 786432 786432 786432 786432 786432 786432 786432 786432 786432 786432 786432 786432 786432 786432 786432 786432 786432 
786432 786432 786432 786432 786432 786432 786432 786432 1048576 1048576 1048576 1048576 786432 786432 786432 786432 786432 786432 786432 786432 
1048576 1048576 1048576 1048576 1048576 1048576 1048576 1048576 1048576 1048576 1048576 1048576 1048576 786432 1048576 1048576 1048576 1048576 1048576 1048576 
1048576 1048576 1048576 1048576 1048576 1048576 1048576 1048576 1048576 1048576 1048576 1048576 1048576 1048576 1048576 1048576 1048576 1048576 1048576 1048576 
1048576 1048576 1048576 1048576 1048576 1048576 1048576 1048576 1048576 1048576 1048576 1048576 1048576 1310720 1310720 1048576 1048576 1048576 1048576 1048576 
1048576 1048576 1310720 1310720 1310720 1310720 1310720 1310720 1310720 1310720 1310720 1310720 1310720 1310720 1310720 1310720 1048576 1048576 1048576 1048576 
1310720 1310720 1310720 1310720 1310720 1310720 1310720 1310720 1310720 1310720 1310720 1310720 1310720 1310720 1310720 1310720 1310720 1310720 1310720 1310720 
1310720 1310720 1310720 1310720 1310720 1310720 1310720 1310720 1310720 1310720 1310720 1310720 1310720 1310720 1310720 1310720 1310720 1310720 1310720 1310720 
1310720 1310720 1310720 1310720 1310720 1310720 1310720 1310720 1572864 1572864 1572864 1572864 1572864 1572864 1572864 1572864 1572864 1572864 1572864 1310720 
RESULT of P * G of Matrix with size 20 X 20


214433792 215482368 216530944 217579520 218628096 219938816 220987392 222035968 223084544 224395264 225443840 226492416 227540992 228589568 229900288 230948864 231997440 233046016 234356736 235405312 
577503232 526123008 528744448 531365888 534249472 536870912 539492352 542375936 544997376 547618816 550502400 553123840 555745280 558628864 561250304 563871744 566755328 569376768 571998208 574881792 
915406848 919601152 837550080 842006528 846200832 850657280 854851584 859308032 863502336 867958784 872153088 876609536 880803840 885260288 889454592 893911040 898105344 902299648 906756096 910950400 
1249902592 1255931904 1261961216 1149239296 1155268608 1161297920 1167065088 1173094400 1178861568 1184890880 1190920192 1196687360 1202716672 1208483840 1214513152 1220280320 1226309632 1232338944 1238106112 1244135424 
1581514752 1588854784 1596456960 1604059136 1460928512 1468530688 1476132864 1483735040 1491075072 1498677248 1506279424 1513619456 1521221632 1528823808 1536163840 1543766016 1551368192 1558970368 1566310400 1573912576 
1909719040 1918894080 1927806976 1936982016 1946157056 1772617728 1781792768 1790967808 1800142848 1809317888 1818492928 1827405824 1836580864 1845755904 1854930944 1864105984 1873018880 1882193920 1891368960 1900544000 
-2060189696 -2049441792 -2038956032 -2028208128 -2017460224 -2006712320 2084306944 2095054848 2105802752 2116550656 2127298560 2138046464 -2146172928 -2135425024 -2124677120 -2113929216 -2103181312 -2092433408 -2081685504 -2070937600 
-1738539008 -1726218240 -1713897472 -1701576704 -1689255936 -1676935168 -1664614400 -1898971136 -1886650368 -1874067456 -1861746688 -1849425920 -1837105152 -1824784384 -1812463616 -1800142848 -1787822080 -1775501312 -1763180544 -1750859776 
-1420034048 -1405878272 -1391984640 -1378091008 -1364197376 -1350303744 -1336147968 -1322254336 -1587281920 -1573126144 -1559232512 -1545338880 -1531445248 -1517551616 -1503657984 -1489502208 -1475608576 -1461714944 -1447821312 -1433927680 
-1104412672 -1088946176 -1073479680 -1058013184 -1042284544 -1026818048 -1011351552 -995622912 -980156416 -1275592704 -1259864064 -1244397568 -1228931072 -1213202432 -1197735936 -1182269440 -1166802944 -1151074304 -1135607808 -1120141312 
-792461312 -775159808 -758120448 -740818944 -723779584 -706478080 -689438720 -672399360 -655097856 -638058496 -963903488 -946601984 -929562624 -912261120 -895221760 -878182400 -860880896 -843841536 -826540032 -809500672 
-483393536 -464519168 -445906944 -427032576 -408420352 -389545984 -370933760 -352059392 -333447168 -314572800 -295960576 -652214272 -633339904 -614727680 -595853312 -577241088 -558366720 -539492352 -520880128 -502005760 
-177471488 -157286400 -136839168 -116654080 -96206848 -75759616 -55574528 -35127296 -14680064 5505024 25952256 46399488 -340525056 -320077824 -299630592 -279445504 -258998272 -238551040 -218365952 -197918720 
125042688 146800640 168820736 190840832 212860928 234881024 256638976 278659072 300679168 322699264 344457216 366477312 388497408 -28835840 -6815744 15204352 37224448 58982400 81002496 103022592 
424411136 447741952 471334912 494927872 518520832 542113792 565706752 589299712 612892672 636485632 659816448 683409408 707002368 730595328 282853376 306446336 330039296 353632256 377225216 400818176 
720371712 745537536 770703360 795869184 821035008 846200832 871366656 896532480 921698304 946864128 972029952 997195776 1022361600 1047527424 1072693248 594542592 619708416 644874240 670040064 695205888 
1013448704 1040187392 1066926080 1093664768 1120403456 1147142144 1173880832 1200881664 1227620352 1254359040 1281097728 1307836416 1334575104 1361313792 1388052480 1415053312 906231808 932970496 959709184 986710016 
1303117824 1331429376 1359740928 1388314624 1416626176 1444937728 1473249280 1501822976 1530134528 1558446080 1586757632 1615331328 1643642880 1671954432 1700265984 1728839680 1757151232 1217921024 1246232576 1274806272 
1589641216 1619525632 1649672192 1679556608 1709441024 1739587584 1769472000 1799356416 1829502976 1859387392 1889533952 1919418368 1949302784 1979449344 2009333760 2039218176 2069364736 2099249152 1529610240 1559756800 
1873018880 1904476160 1936195584 1967652864 1999372288 2030829568 2062548992 2094006272 2125725696 -2137784320 -2106327040 -2074607616 -2043150336 -2011430912 -1979973632 -1948254208 -1916796928 -1885077504 -1853620224 1841299456 
RESULT of P G * G of Matrix with size 20 X 20


0 0 0 0 0 0 0 0 0 0 0 0 0 0 0 0 0 0 0 0 
0 0 0 0 0 0 0 0 0 0 0 0 0 0 0 0 0 0 0 0 
262144 262144 0 0 0 0 0 0 0 0 0 0 0 0 0 262144 262144 262144 262144 262144 
262144 262144 524288 0 0 0 0 0 0 0 0 0 262144 262144 262144 262144 262144 262144 262144 262144 
524288 524288 524288 524288 0 0 0 0 0 0 0 262144 262144 262144 262144 262144 262144 262144 524288 524288 
524288 524288 524288 786432 786432 0 0 0 0 0 0 262144 262144 262144 262144 262144 262144 524288 524288 524288 
524288 786432 786432 786432 786432 786432 0 0 0 0 0 262144 262144 262144 262144 262144 524288 524288 524288 524288 
786432 786432 786432 786432 1048576 1048576 1048576 0 0 0 0 262144 262144 262144 262144 262144 524288 524288 524288 524288 
786432 786432 786432 1048576 1048576 1048576 1048576 1310720 0 0 0 0 262144 262144 262144 262144 524288 524288 524288 786432 
786432 786432 786432 1048576 1048576 1048576 1310720 1310720 1310720 0 0 0 262144 262144 262144 262144 524288 524288 524288 786432 
786432 786432 1048576 1048576 1048576 1048576 1310720 1310720 1310720 1572864 0 0 0 262144 262144 262144 524288 524288 524288 786432 
786432 786432 1048576 1048576 1048576 1310720 1310720 1310720 1572864 1572864 1572864 0 0 0 262144 262144 262144 524288 524288 786432 
786432 786432 1048576 1048576 1048576 1310720 1310720 1310720 1572864 1572864 1835008 1835008 0 0 0 262144 262144 524288 524288 524288 
786432 786432 786432 1048576 1048576 1310720 1310720 1310720 1572864 1572864 1835008 1835008 2097152 0 0 262144 262144 262144 524288 524288 
524288 786432 786432 1048576 1048576 1310720 1310720 1310720 1572864 1572864 1835008 1835008 2097152 2097152 0 0 262144 262144 524288 524288 
524288 786432 786432 1048576 1048576 1048576 1310720 1310720 1572864 1572864 1835008 1835008 2097152 2097152 2359296 0 0 262144 262144 524288 
524288 524288 786432 786432 1048576 1048576 1310720 1310720 1572864 1572864 1835008 1835008 2097152 2097152 2359296 2359296 0 0 262144 262144 
262144 524288 524288 786432 1048576 1048576 1310720 1310720 1572864 1572864 1835008 1835008 2097152 2097152 2359296 2359296 2621440 0 0 262144 
262144 262144 524288 786432 786432 1048576 1048576 1310720 1310720 1572864 1835008 1835008 2097152 2097152 2359296 2359296 2621440 2883584 0 0 
0 262144 524288 524288 786432 786432 1048576 1310720 1310720 1572864 1572864 1835008 2097152 2097152 2359296 2359296 2621440 2883584 2883584 0 
RESULT of P * Gt of Matrix with size 20 X 20


11534336 28835840 45875200 62914560 79953920 97255424 114294784 131334144 148635648 165675008 182714368 199753728 217055232 234094592 251133952 268173312 285474816 302514176 319553536 336592896 
968359936 33816576 83099648 132120576 181403648 230686720 279707648 328990720 378011648 427294720 476577792 525598720 574881792 624164864 673185792 722468864 771751936 820772864 870055936 919076864 
1518862336 1600126976 55836672 137363456 218628096 299892736 381157376 462422016 543686656 624951296 706215936 787480576 868745216 950009856 1031274496 1112539136 1193803776 1275068416 1356333056 1437597696 
2005139456 2118385664 -2063335424 78118912 191365120 304873472 418119680 531628032 644874240 758120448 871628800 984875008 1098383360 1211629568 1324875776 1438384128 1551630336 1664876544 1778384896 1891631104 
-1867776000 -1722286080 -1577058304 -1431568384 100401152 245628928 391118848 536608768 682098688 827326464 972816384 1118306304 1263796224 1409024000 1554513920 1700003840 1845493760 1990983680 2136211456 -2013265920 
-1509949440 -1332477952 -1155006464 -977272832 -799801344 122421248 299892736 477364224 655097856 832569344 1010040832 1187512320 1364983808 1542455296 1719926784 1897660416 2075131904 -2042363904 -1864892416 -1687420928 
-1216086016 -1006632960 -796917760 -587464704 -377749504 -168296448 144703488 354156544 563871744 773324800 983040000 1192493056 1402208256 1611661312 1821376512 2030829568 -2054422528 -1844969472 -1635254272 -1425801216 
-986447872 -744751104 -503054336 -261619712 -19922944 221773824 463470592 166723584 408420352 650117120 891813888 1133510656 1375207424 1616904192 1858338816 2100035584 -1953234944 -1711538176 -1469841408 -1228144640 
-821035008 -547356672 -273678336 262144 273940480 547618816 821559296 1095237632 189005824 462684160 736362496 1010302976 1283981312 1557659648 1831337984 2105278464 -1916010496 -1642332160 -1368653824 -1094713344 
-719847424 -413925376 -108003328 197656576 503578624 809500672 1115160576 1421082624 1726742528 211025920 516947968 822870016 1128529920 1434451968 1740111872 2046033920 -1943011328 -1637351424 -1331429376 -1025507328 
-682622976 -344719360 -6815744 331087872 668991488 1006895104 1344798720 1682702336 2020605952 -1936457728 233308160 571211776 909115392 1247019008 1584922624 1922826240 -2034237440 -1696333824 -1358430208 -1020526592 
-709623808 -339738624 30408704 400293888 770179072 1140326400 1510211584 1880358912 -2044723200 -1674838016 -1304690688 255328256 625475584 995360768 1365508096 1735393280 2105278464 -1819541504 -1449656320 -1079508992 
-800849920 -398721024 3407872 405274624 807403520 1209532416 1611661312 2013528064 -1879310336 -1477181440 -1075052544 -673185792 277610496 679739392 1081606144 1483735040 1885863936 -2006974464 -1604845568 -1202978816 
-956301312 -521928704 -87818240 346292224 780402688 1214513152 1648623616 2082734080 -1777860608 -1343750144 -909639680 -475529216 -41418752 299630592 734003200 1168113664 1602224128 2036334592 -1824522240 -1390411776 
-1175715840 -709361664 -243269632 223084544 689176576 1155530752 1621622784 2087976960 -1740898304 -1274544128 -808452096 -342097920 123994112 590348288 321912832 788267008 1254359040 1720713216 -2108162048 -1641807872 
-1459355648 -961019904 -462684160 35651584 533987328 1032060928 1530396672 2028732416 -1767899136 -1269563392 -771227648 -272891904 225443840 723779584 1222115328 344195072 842268672 1340604416 1838940160 -1957691392 
-1807220736 -1276903424 -746323968 -216006656 314310656 844890112 1375207424 1905524736 -1859125248 -1328545792 -798228480 -267911168 262406144 792985600 1323302912 1853620224 366215168 896532480 1427111936 1957429248 
2075918336 -1656750080 -1094189056 -531890176 30670848 593231872 1155530752 1718091776 -2014314496 -1452015616 -889454592 -326893568 235405312 797966336 1360527360 1922826240 -1809580032 388497408 950796288 1513357312 
1599602688 -2100822016 -1506279424 -911736832 -317194240 277348352 871890944 1466433536 2060976128 -1639448576 -1044905984 -450363392 144179200 738721792 1333264384 1928069120 -1772355584 -1177812992 410517504 1005060096 
1059323904 1685848064 -1982332928 -1355808768 -729022464 -102498304 524025856 1150812160 1777336320 -1890844672 -1264320512 -637796352 -11010048 615514112 1242300416 1868824576 -1799618560 -1172832256 -546308096 432799744 
RESULT of PG * Gt of Matrix with size 20 X 20


786432 786432 786432 786432 786432 786432 786432 786432 786432 786432 786432 786432 786432 786432 1048576 1048576 1048576 1048576 1048576 1048576 
1048576 786432 786432 786432 786432 786432 786432 786432 786432 786432 786432 786432 786432 786432 1048576 1048576 1048576 1048576 1048576 1048576 
1048576 1048576 786432 786432 786432 786432 786432 786432 786432 786432 786432 786432 786432 786432 1048576 1048576 1048576 1048576 1048576 1048576 
1048576 1048576 1048576 786432 786432 786432 786432 786432 786432 786432 786432 786432 786432 786432 1048576 1048576 1048576 1048576 1048576 1048576 
1048576 1048576 1048576 1048576 786432 786432 786432 786432 786432 786432 786432 786432 786432 786432 1048576 1048576 1048576 1048576 1048576 1048576 
1048576 1048576 1048576 1048576 1048576 786432 786432 786432 786432 786432 786432 786432 786432 786432 1048576 1048576 1048576 1048576 1048576 1048576 
1048576 1048576 1048576 1048576 1048576 1048576 786432 786432 786432 786432 786432 786432 786432 786432 1048576 1048576 1048576 1048576 1048576 1048576 
1048576 1048576 1048576 1048576 1048576 1048576 1048576 786432 786432 786432 786432 786432 786432 786432 1048576 1048576 1048576 1048576 1048576 1048576 
1048576 1048576 1048576 1048576 1048576 1048576 1048576 1048576 786432 786432 786432 786432 786432 786432 1048576 1048576 1048576 1048576 1048576 1048576 
1048576 1048576 1048576 1048576 1048576 1048576 1048576 1048576 1048576 786432 786432 786432 786432 786432 1048576 1048576 1048576 1048576 1048576 1048576 
1048576 1048576 1048576 1048576 1048576 1048576 1048576 1048576 1048576 1048576 786432 786432 786432 786432 1048576 1048576 1048576 1048576 1048576 1048576 
1048576 1048576 1048576 1048576 1048576 1048576 1048576 1048576 1048576 1048576 1048576 786432 786432 786432 1048576 1048576 1048576 1048576 1048576 1048576 
1048576 1048576 1048576 1048576 1048576 1048576 1048576 1048576 1048576 1048576 1048576 1048576 786432 786432 1048576 1048576 1048576 1048576 1048576 1048576 
1048576 1048576 1048576 1048576 1048576 1048576 1048576 1048576 1048576 1048576 1048576 1048576 1048576 786432 1048576 1048576 1048576 1048576 1048576 1048576 
1048576 1048576 1048576 1048576 1048576 1048576 1048576 1048576 1048576 1048576 1048576 1048576 1048576 1048576 1048576 1048576 1048576 1048576 1048576 1048576 
1048576 1048576 1048576 1048576 1048576 1048576 1048576 1048576 1048576 1048576 1048576 1048576 1048576 1048576 1048576 1048576 1048576 1048576 1048576 1048576 
1048576 1048576 1048576 1048576 1048576 1048576 1048576 1048576 1048576 1048576 1048576 1048576 1048576 1048576 1048576 1048576 1048576 1048576 1048576 1048576 
1048576 1048576 1048576 1048576 1048576 1048576 1048576 1048576 1048576 1048576 1048576 1048576 1048576 1048576 1048576 1048576 1048576 1048576 1048576 1048576 
1048576 1048576 1048576 1048576 1048576 1048576 1048576 1048576 1048576 1048576 1048576 1048576 1048576 1048576 1048576 1048576 1048576 1048576 1048576 1048576 
1048576 1048576 1048576 1048576 1048576 1048576 1048576 1048576 1048576 1048576 1048576 1048576 1048576 1048576 1048576 1048576 1048576 1048576 1048576 1048576 
RESULT of Pt * G of Matrix with size 20 X 20


-302514176 -281804800 -261095424 -240386048 -219938816 -199229440 -178520064 -157810688 -137363456 -116654080 -95944704 -75497472 -54788096 -34078720 -13369344 7077888 27787264 48496640 69206016 89653248 
106954752 -286785536 -266076160 -245366784 -224657408 -203948032 -183238656 -162529280 -141819904 -121110528 -100401152 -79691776 -58982400 -38273024 -17563648 3145728 23855104 44564480 65273856 86245376 
103022592 123994112 -271319040 -250347520 -229638144 -208928768 -187957248 -167247872 -146538496 -125566976 -104857600 -84148224 -63176704 -42467328 -21757952 -786432 19922944 40632320 61603840 82313216 
99352576 120061952 141033472 -255590400 -234881024 -213909504 -192937984 -172228608 -151257088 -130285568 -109576192 -88604672 -67633152 -46923776 -25952256 -4980736 15728640 36700160 57409536 78381056 
95158272 116129792 137101312 158072832 -240123904 -219152384 -198180864 -177209344 -156237824 -135266304 -114294784 -93323264 -72351744 -51380224 -30408704 -9437184 11534336 32505856 53477376 74448896 
91226112 112197632 133169152 154140672 175374336 -224395264 -203423744 -182452224 -161480704 -140247040 -119275520 -98304000 -77070336 -56098816 -35127296 -14155776 7077888 28049408 49020928 69992448 
86769664 108003328 128974848 150208512 171180032 192413696 -208928768 -187695104 -166723584 -145489920 -124518400 -103284736 -82051072 -61079552 -39845888 -18874368 2359296 23330816 44564480 65536000 
82313216 103546880 124780544 146014208 166985728 188219392 209453056 -193200128 -172228608 -150994944 -129761280 -108527616 -87293952 -66060288 -44826624 -23592960 -2621440 18612224 39845888 61079552 
77594624 98828288 120324096 141557760 162791424 184025088 205258752 226492416 -177733632 -156499968 -135266304 -113770496 -92536832 -71303168 -50069504 -28835840 -7602176 13893632 35127296 56360960 
72876032 94109696 115605504 136839168 158334976 179568640 201064448 222298112 243793920 -162267136 -140771328 -119537664 -98041856 -76808192 -55312384 -34078720 -12582912 8650752 30146560 51380224 
67895296 89391104 110624768 132120576 153616384 175112192 196608000 217841664 239337472 260833280 -146538496 -125042688 -103546880 -82313216 -60817408 -39321600 -17825792 3407872 24903680 46399488 
62652416 84148224 105644032 127401984 148897792 170393600 191889408 213385216 234881024 256376832 277872640 -131072000 -109576192 -87818240 -66322432 -44826624 -23330816 -1835008 19660800 41156608 
57409536 78905344 100663296 122159104 143917056 165412864 186908672 208666624 230162432 251920384 273416192 294912000 -115343360 -93847552 -72089600 -50593792 -29097984 -7340032 14155776 35913728 
51904512 73662464 95420416 116916224 138674176 160432128 181927936 203685888 225443840 247201792 268697600 290455552 312213504 -99876864 -78118912 -56360960 -34865152 -13107200 8650752 30408704 
46399488 68157440 89915392 111673344 133431296 155189248 176947200 198705152 220463104 242221056 263979008 285736960 307494912 329252864 -84148224 -62390272 -40632320 -18874368 2883584 24641536 
40632320 62390272 84148224 106168320 127926272 149684224 171704320 193462272 215220224 237240320 258998272 280756224 302776320 324534272 346292224 -68681728 -46661632 -24903680 -3145728 18612224 
34603008 56623104 78381056 100401152 122421248 144179200 166199296 187957248 209977344 231997440 253755392 275775488 297795584 319553536 341573632 363331584 -52953088 -31195136 -9175040 12845056 
28573696 50593792 72613888 94633984 116654080 138674176 160432128 182452224 204472320 226492416 248512512 270532608 292552704 314572800 336592896 358612992 380633088 -37486592 -15466496 6553600 
22282240 44302336 66322432 88604672 110624768 132644864 154664960 176947200 198967296 220987392 243007488 265289728 287309824 309329920 331350016 353632256 375652352 397672448 -21757952 262144 
15990784 38010880 60293120 82313216 104595456 126615552 148897792 170917888 193200128 215220224 237502464 259522560 281804800 304087040 326107136 348389376 370409472 392691712 414711808 -6291456 
RESULT of [PG]t * G of Matrix with size 20 X 20


0 0 0 262144 262144 262144 262144 524288 524288 524288 786432 786432 786432 786432 1048576 1048576 1048576 1310720 1310720 1310720 
1310720 0 0 0 262144 262144 262144 262144 524288 524288 524288 786432 786432 786432 1048576 1048576 1048576 1048576 1310720 1310720 
1310720 1310720 0 0 0 262144 262144 262144 262144 524288 524288 524288 786432 786432 786432 1048576 1048576 1048576 1048576 1310720 
1310720 1310720 1310720 0 0 0 262144 262144 262144 262144 524288 524288 524288 786432 786432 786432 1048576 1048576 1048576 1048576 
1048576 1310720 1310720 1310720 0 0 0 262144 262144 262144 262144 524288 524288 524288 786432 786432 786432 1048576 1048576 1048576 
1048576 1048576 1310720 1310720 1310720 0 0 0 262144 262144 262144 524288 524288 524288 524288 786432 786432 786432 1048576 1048576 
1048576 1048576 1310720 1310720 1310720 1310720 0 0 0 262144 262144 262144 524288 524288 524288 524288 786432 786432 786432 1048576 
1048576 1048576 1048576 1310720 1310720 1310720 1310720 0 0 0 262144 262144 262144 524288 524288 524288 524288 786432 786432 786432 
786432 1048576 1048576 1048576 1310720 1310720 1310720 1310720 0 0 0 262144 262144 262144 524288 524288 524288 524288 786432 786432 
786432 786432 1048576 1048576 1048576 1310720 1310720 1310720 1572864 0 0 0 262144 262144 262144 524288 524288 524288 524288 786432 
786432 786432 786432 1048576 1048576 1048576 1310720 1310720 1310720 1572864 0 0 0 262144 262144 262144 524288 524288 524288 524288 
524288 786432 786432 786432 1048576 1048576 1048576 1310720 1310720 1310720 1572864 0 0 0 262144 262144 262144 524288 524288 524288 
524288 786432 786432 786432 786432 1048576 1048576 1048576 1310720 1310720 1310720 1572864 0 0 0 262144 262144 262144 524288 524288 
524288 524288 786432 786432 786432 786432 1048576 1048576 1048576 1310720 1310720 1310720 1572864 0 0 0 262144 262144 262144 524288 
524288 524288 524288 786432 786432 786432 786432 1048576 1048576 1048576 1310720 1310720 1310720 1572864 0 0 0 262144 262144 262144 
262144 524288 524288 524288 786432 786432 786432 786432 1048576 1048576 1048576 1310720 1310720 1310720 1572864 0 0 0 262144 262144 
262144 262144 524288 524288 524288 786432 786432 786432 1048576 1048576 1048576 1048576 1310720 1310720 1310720 1572864 0 0 0 262144 
262144 262144 262144 524288 524288 524288 786432 786432 786432 1048576 1048576 1048576 1048576 1310720 1310720 1310720 1572864 0 0 0 
0 262144 262144 262144 524288 524288 524288 786432 786432 786432 1048576 1048576 1048576 1310720 1310720 1310720 1310720 1572864 0 0 
0 0 262144 262144 262144 524288 524288 524288 786432 786432 786432 1048576 1048576 1048576 1310720 1310720 1310720 1310720 1572864 0 
RESULT of Pt * Gt of Matrix with size 20 X 20


11534336 33816576 55836672 78118912 100401152 122421248 144703488 166723584 189005824 211025920 233308160 255328256 277610496 299630592 321912832 344195072 366215168 388497408 410517504 432799744 
1059323904 28835840 83099648 137363456 191365120 245628928 299892736 354156544 408420352 462684160 516947968 571211776 625475584 679739392 734003200 788267008 842268672 896532480 950796288 1005060096 
1599602688 1685848064 45875200 132120576 218628096 304873472 391118848 477364224 563871744 650117120 736362496 822870016 909115392 995360768 1081606144 1168113664 1254359040 1340604416 1427111936 1513357312 
2075918336 -2100822016 -1982332928 62914560 181403648 299892736 418119680 536608768 655097856 773324800 891813888 1010302976 1128529920 1247019008 1365508096 1483735040 1602224128 1720713216 1838940160 1957429248 
-1807220736 -1656750080 -1506279424 -1355808768 79953920 230686720 381157376 531628032 682098688 832569344 983040000 1133510656 1283981312 1434451968 1584922624 1735393280 1885863936 2036334592 -2108162048 -1957691392 
-1459355648 -1276903424 -1094189056 -911736832 -729022464 97255424 279707648 462422016 644874240 827326464 1010040832 1192493056 1375207424 1557659648 1740111872 1922826240 2105278464 -2006974464 -1824522240 -1641807872 
-1175715840 -961019904 -746323968 -531890176 -317194240 -102498304 114294784 328990720 543686656 758120448 972816384 1187512320 1402208256 1616904192 1831337984 2046033920 -2034237440 -1819541504 -1604845568 -1390411776 
-956301312 -709361664 -462684160 -216006656 30670848 277348352 524025856 131334144 378011648 624951296 871628800 1118306304 1364983808 1611661312 1858338816 2105278464 -1943011328 -1696333824 -1449656320 -1202978816 
-800849920 -521928704 -243269632 35651584 314310656 593231872 871890944 1150812160 148635648 427294720 706215936 984875008 1263796224 1542455296 1821376512 2100035584 -1916010496 -1637351424 -1358430208 -1079508992 
-709623808 -398721024 -87818240 223084544 533987328 844890112 1155530752 1466433536 1777336320 165675008 476577792 787480576 1098383360 1409024000 1719926784 2030829568 -1953234944 -1642332160 -1331429376 -1020526592 
-682622976 -339738624 3407872 346292224 689176576 1032060928 1375207424 1718091776 2060976128 -1890844672 182714368 525598720 868745216 1211629568 1554513920 1897660416 -2054422528 -1711538176 -1368653824 -1025507328 
-719847424 -344719360 30408704 405274624 780402688 1155530752 1530396672 1905524736 -2014314496 -1639448576 -1264320512 199753728 574881792 950009856 1324875776 1700003840 2075131904 -1844969472 -1469841408 -1094713344 
-821035008 -413925376 -6815744 400293888 807403520 1214513152 1621622784 2028732416 -1859125248 -1452015616 -1044905984 -637796352 217055232 624164864 1031274496 1438384128 1845493760 -2042363904 -1635254272 -1228144640 
-986447872 -547356672 -108003328 331087872 770179072 1209532416 1648623616 2087976960 -1767899136 -1328545792 -889454592 -450363392 -11010048 234094592 673185792 1112539136 1551630336 1990983680 -1864892416 -1425801216 
-1216086016 -744751104 -273678336 197656576 668991488 1140326400 1611661312 2082734080 -1740898304 -1269563392 -798228480 -326893568 144179200 615514112 251133952 722468864 1193803776 1664876544 2136211456 -1687420928 
-1509949440 -1006632960 -503054336 262144 503578624 1006895104 1510211584 2013528064 -1777860608 -1274544128 -771227648 -267911168 235405312 738721792 1242300416 268173312 771751936 1275068416 1778384896 -2013265920 
-1867776000 -1332477952 -796917760 -261619712 273940480 809500672 1344798720 1880358912 -1879310336 -1343750144 -808452096 -272891904 262406144 797966336 1333264384 1868824576 285474816 820772864 1356333056 1891631104 
2005139456 -1722286080 -1155006464 -587464704 -19922944 547618816 1115160576 1682702336 -2044723200 -1477181440 -909639680 -342097920 225443840 792985600 1360527360 1928069120 -1799618560 302514176 870055936 1437597696 
1518862336 2118385664 -1577058304 -977272832 -377749504 221773824 821559296 1421082624 2020605952 -1674838016 -1075052544 -475529216 123994112 723779584 1323302912 1922826240 -1772355584 -1172832256 319553536 919076864 
968359936 1600126976 -2063335424 -1431568384 -799801344 -168296448 463470592 1095237632 1726742528 -1936457728 -1304690688 -673185792 -41418752 590348288 1222115328 1853620224 -1809580032 -1177812992 -546308096 336592896 
RESULT of [PG]t * Gt of Matrix with size 20 X 20


