0 0 0 0 0 0 0 0 0 0 0 0 0 0 0 0 0 0 0 0 0 
0 0 0 0 0 0 0 0 0 0 0 0 0 0 0 0 0 0 0 0 0 
0 0 0 0 0 0 0 0 0 0 0 0 0 0 0 0 0 0 0 0 0 
0 0 0 0 0 0 0 0 0 0 0 0 0 0 0 0 0 0 0 0 0 
0 0 0 0 0 0 0 0 0 0 0 0 0 0 0 0 0 0 0 0 0 
0 0 0 0 0 0 0 0 0 0 0 0 0 0 0 0 0 0 0 0 0 
0 0 0 0 0 0 0 0 0 0 0 0 0 0 0 0 0 0 0 0 0 
0 0 0 0 0 0 0 0 0 0 0 0 0 0 0 0 0 0 0 0 0 
0 0 0 0 0 0 0 0 0 0 0 0 0 0 0 0 0 0 0 0 0 
0 0 0 0 0 0 0 0 0 0 0 0 0 0 0 0 0 0 0 0 0 
0 0 0 0 0 0 0 0 0 0 0 0 0 0 0 0 0 0 0 0 0 
0 0 0 0 0 0 0 0 0 0 0 0 0 0 0 0 0 0 0 0 0 
0 0 0 0 0 0 0 0 0 0 0 0 0 0 0 0 0 0 0 0 0 
0 0 0 0 0 0 0 0 0 0 0 0 0 0 0 0 0 0 0 0 0 
0 0 0 0 0 0 0 0 0 0 0 0 0 0 0 0 0 0 0 0 0 
0 0 0 0 0 0 0 0 0 0 0 0 0 0 0 0 0 0 0 0 0 
0 0 0 0 0 0 0 0 0 0 0 0 0 0 0 0 0 0 0 0 0 
0 0 0 0 0 0 0 0 0 0 0 0 0 0 0 0 0 0 0 0 0 
0 0 0 0 0 0 0 0 0 0 0 0 0 0 0 0 0 0 0 0 0 
0 0 0 0 0 0 0 0 0 0 0 0 0 0 0 0 0 0 0 0 0 
0 0 0 0 0 0 0 0 0 0 0 0 0 0 0 0 0 0 0 0 0 
INITIAL DATA of Matrix with size 21 X 21


0 0 0 0 0 0 0 0 0 0 0 0 0 0 0 0 0 0 0 0 0 
0 0 0 0 0 0 0 0 0 0 0 0 0 0 0 0 0 0 0 0 0 
262144 262144 0 0 0 0 0 0 0 0 0 0 0 262144 262144 262144 262144 262144 262144 262144 262144 
262144 262144 262144 262144 262144 262144 262144 262144 262144 262144 262144 262144 262144 262144 262144 262144 262144 262144 262144 262144 262144 
262144 262144 262144 262144 262144 262144 262144 262144 262144 262144 262144 262144 262144 262144 262144 262144 262144 262144 262144 262144 262144 
524288 524288 524288 524288 524288 524288 524288 524288 524288 524288 524288 524288 524288 524288 524288 524288 524288 524288 524288 524288 524288 
524288 524288 524288 524288 524288 524288 524288 524288 524288 524288 524288 524288 524288 524288 524288 524288 524288 524288 524288 524288 524288 
524288 524288 524288 524288 524288 524288 524288 524288 524288 524288 524288 524288 524288 524288 524288 524288 524288 524288 524288 524288 524288 
786432 786432 786432 786432 786432 786432 786432 786432 786432 786432 786432 786432 786432 786432 786432 786432 786432 786432 786432 786432 786432 
786432 786432 786432 786432 786432 786432 786432 786432 786432 786432 786432 786432 786432 786432 786432 786432 786432 786432 786432 786432 786432 
786432 1048576 1048576 1048576 1048576 1048576 1048576 1048576 1048576 1048576 786432 786432 786432 786432 786432 786432 786432 786432 786432 786432 786432 
1048576 1048576 1048576 1048576 1048576 1048576 1048576 1048576 1048576 1048576 1048576 1048576 1048576 1048576 1048576 1048576 1048576 1048576 1048576 1048576 1048576 
1048576 1048576 1048576 1048576 1048576 1048576 1048576 1048576 1048576 1048576 1048576 1048576 1048576 1048576 1048576 1048576 1048576 1048576 1048576 1048576 1048576 
1310720 1310720 1310720 1310720 1310720 1310720 1310720 1310720 1310720 1310720 1310720 1310720 1310720 1048576 1048576 1048576 1048576 1048576 1048576 1048576 1310720 
1310720 1310720 1310720 1310720 1310720 1310720 1310720 1310720 1310720 1310720 1310720 1310720 1310720 1310720 1310720 1310720 1310720 1310720 1310720 1310720 1310720 
1310720 1310720 1310720 1310720 1310720 1310720 1310720 1310720 1310720 1310720 1310720 1572864 1572864 1572864 1572864 1310720 1310720 1310720 1310720 1310720 1310720 
1572864 1572864 1572864 1572864 1572864 1572864 1572864 1572864 1572864 1572864 1572864 1572864 1572864 1572864 1572864 1572864 1310720 1310720 1310720 1572864 1572864 
1572864 1572864 1572864 1572864 1572864 1572864 1572864 1572864 1572864 1572864 1572864 1572864 1572864 1572864 1572864 1572864 1572864 1572864 1572864 1572864 1572864 
1572864 1572864 1572864 1572864 1572864 1572864 1572864 1572864 1572864 1835008 1835008 1835008 1835008 1835008 1835008 1835008 1835008 1835008 1572864 1572864 1572864 
1835008 1835008 1835008 1835008 1835008 1835008 1835008 1835008 1835008 1835008 1835008 1835008 1835008 1835008 1835008 1835008 1835008 1835008 1835008 1572864 1835008 
1835008 1835008 1835008 1835008 1835008 1835008 1835008 1835008 1835008 1835008 1835008 1835008 1835008 1835008 1835008 1835008 1835008 1835008 2097152 2097152 1835008 
RESULT of P * G of Matrix with size 21 X 21


301465600 302776320 304349184 305659904 307232768 308543488 309854208 311427072 312737792 314048512 315621376 316932096 318504960 319815680 321126400 322699264 324009984 325582848 326893568 328204288 329777152 
809500672 740556800 743964672 747372544 750780416 754188288 757858304 761266176 764674048 768081920 771489792 774897664 778567680 781975552 785383424 788791296 792199168 795869184 799277056 802684928 806092800 
1283981312 1289486336 1179385856 1184890880 1190395904 1195900928 1201405952 1206910976 1212416000 1217921024 1223426048 1228931072 1234436096 1239941120 1245446144 1250951168 1256456192 1261961216 1267466240 1272971264 1278476288 
1754267648 1761869824 1769472000 1618477056 1626079232 1633419264 1641021440 1648623616 1656225792 1663827968 1671168000 1678770176 1686372352 1693974528 1701576704 1708916736 1716518912 1724121088 1731723264 1739325440 1746665472 
-2074345472 -2064908288 -2055208960 -2045509632 2057306112 2067005440 2076704768 2086141952 2095841280 2105278464 2114977792 2124677120 2134114304 2143813632 -2141716480 -2132017152 -2122317824 -2112880640 -2103181312 -2093481984 -2084044800 
-1612185600 -1600651264 -1589116928 -1577320448 -1565786112 -1798569984 -1787035648 -1775239168 -1763704832 -1751908352 -1740374016 -1728839680 -1717043200 -1705508864 -1693712384 -1682178048 -1670381568 -1658847232 -1647312896 -1635516416 -1623982080 
-1154220032 -1140588544 -1126957056 -1113063424 -1099431936 -1085800448 -1359740928 -1345847296 -1332215808 -1318584320 -1304952832 -1291059200 -1277427712 -1263796224 -1250164736 -1236271104 -1222639616 -1209008128 -1195376640 -1181745152 -1167851520 
-700186624 -684457984 -668729344 -653000704 -637272064 -621543424 -605814784 -920649728 -904921088 -889192448 -873463808 -857735168 -842006528 -826277888 -810549248 -794820608 -779091968 -763363328 -747634688 -731906048 -715915264 
-250347520 -232783872 -214958080 -197132288 -179306496 -161480704 -143654912 -125829120 -481558528 -463994880 -446169088 -428343296 -410517504 -392691712 -374865920 -357040128 -339476480 -321650688 -303824896 -285999104 -268173312 
195297280 215220224 234881024 254803968 274726912 294387712 314310656 334233600 353894400 -42729472 -22806528 -3145728 16777216 36700160 56360960 76283904 96206848 115867648 135790592 155713536 175374336 
637009920 658767872 680787968 702545920 724566016 746323968 768344064 790102016 811859968 833880064 396361728 418119680 440139776 461897728 483917824 505675776 527695872 549453824 571211776 593231872 614989824 
1074528256 1098383360 1122500608 1146355712 1170210816 1194065920 1218183168 1242038272 1265893376 1289748480 1313865728 835190784 859308032 883163136 907018240 930873344 954990592 978845696 1002700800 1026555904 1050673152 
1508114432 1534066688 1560018944 1585971200 1611923456 1637875712 1663827968 1689780224 1715732480 1741684736 1767636992 1793589248 1274281984 1300234240 1326186496 1352138752 1378091008 1404043264 1429995520 1455947776 1482162176 
1937506304 1965293568 1993342976 2021392384 2049441792 2077491200 2105540608 2133590016 -2133327872 -2105540608 -2077491200 -2049441792 -2021392384 1713111040 1741160448 1769209856 1797259264 1825308672 1853358080 1881407488 1909456896 
-1932263424 -1902116864 -1872232448 -1842085888 -1811939328 -1782054912 -1751908352 -1721761792 -1691877376 -1661730816 -1631584256 -1601699840 -1571553280 -1541406720 -2142765056 -2112618496 -2082734080 -2052587520 -2022440960 -1992294400 -1962409984 
-1510998016 -1479016448 -1446772736 -1414791168 -1382547456 -1350565888 -1318322176 -1286340608 -1254096896 -1222115328 -1189871616 -1157890048 -1125646336 -1093664768 -1061421056 -1703673856 -1671692288 -1639448576 -1607467008 -1575223296 -1543241728 
-1093926912 -1059848192 -1025769472 -991428608 -957349888 -923271168 -888930304 -854851584 -820772864 -786694144 -752353280 -718274560 -684195840 -649854976 -615776256 -581697536 -1264844800 -1230503936 -1196425216 -1162346496 -1128267776 
-681050112 -644874240 -608698368 -572260352 -536084480 -499908608 -463732736 -427556864 -391380992 -355205120 -319029248 -282853376 -246415360 -210239488 -174063616 -137887744 -101711872 -825753600 -789577728 -753401856 -717225984 
-272105472 -233832448 -195559424 -157286400 -119013376 -80740352 -42467328 -4194304 34078720 72089600 110362624 148635648 186908672 225181696 263454720 301727744 340000768 378273792 -386924544 -348651520 -310378496 
132644864 173015040 213385216 253755392 293863424 334233600 374603776 414973952 455081984 495452160 535822336 575930368 616300544 656670720 697040896 737148928 777519104 817889280 858259456 52166656 92536832 
533463040 575930368 618135552 660602880 702808064 745275392 787480576 829947904 872153088 914620416 956825600 999292928 1041498112 1083965440 1126432768 1168637952 1211105280 1253310464 1295777792 1337982976 491257856 
RESULT of P G * G of Matrix with size 21 X 21


0 0 0 0 0 0 0 0 0 0 0 0 0 0 0 0 0 0 0 0 0 
262144 0 0 0 0 0 0 0 0 0 0 0 0 0 0 0 0 0 0 262144 262144 
262144 262144 0 0 0 0 0 0 0 0 0 0 0 262144 262144 262144 262144 262144 262144 262144 262144 
524288 524288 524288 0 0 0 0 0 0 0 0 262144 262144 262144 262144 262144 262144 262144 262144 524288 524288 
524288 524288 786432 786432 0 0 0 0 0 0 262144 262144 262144 262144 262144 262144 524288 524288 524288 524288 524288 
786432 786432 786432 786432 1048576 0 0 0 0 0 262144 262144 262144 262144 262144 524288 524288 524288 524288 524288 786432 
786432 786432 1048576 1048576 1048576 1048576 0 0 0 0 262144 262144 262144 262144 262144 524288 524288 524288 524288 786432 786432 
786432 1048576 1048576 1048576 1048576 1310720 1310720 0 0 0 0 262144 262144 262144 524288 524288 524288 524288 786432 786432 786432 
1048576 1048576 1048576 1048576 1310720 1310720 1310720 1572864 0 0 0 262144 262144 262144 262144 524288 524288 524288 786432 786432 786432 
1048576 1048576 1048576 1310720 1310720 1310720 1572864 1572864 1572864 0 0 0 262144 262144 262144 524288 524288 524288 786432 786432 786432 
1048576 1048576 1310720 1310720 1310720 1572864 1572864 1572864 1835008 1835008 0 0 0 262144 262144 524288 524288 524288 786432 786432 786432 
1048576 1048576 1310720 1310720 1310720 1572864 1572864 1835008 1835008 1835008 2097152 0 0 262144 262144 262144 524288 524288 786432 786432 786432 
1048576 1048576 1310720 1310720 1310720 1572864 1572864 1835008 1835008 2097152 2097152 2359296 0 0 262144 262144 524288 524288 524288 786432 786432 
1048576 1048576 1310720 1310720 1310720 1572864 1572864 1835008 1835008 2097152 2097152 2359296 2359296 0 0 262144 262144 524288 524288 786432 786432 
786432 1048576 1048576 1310720 1310720 1572864 1572864 1835008 1835008 2097152 2097152 2359296 2621440 2621440 0 0 262144 262144 524288 524288 786432 
786432 1048576 1048576 1310720 1310720 1572864 1572864 1835008 1835008 2097152 2359296 2359296 2621440 2621440 2883584 0 0 262144 262144 524288 786432 
786432 786432 1048576 1048576 1310720 1572864 1572864 1835008 1835008 2097152 2359296 2359296 2621440 2621440 2883584 2883584 0 0 262144 524288 524288 
524288 786432 1048576 1048576 1310720 1310720 1572864 1835008 1835008 2097152 2097152 2359296 2621440 2621440 2883584 3145728 3145728 0 0 262144 524288 
524288 524288 786432 1048576 1048576 1310720 1572864 1572864 1835008 2097152 2097152 2359296 2621440 2621440 2883584 3145728 3145728 3407872 0 262144 262144 
262144 524288 786432 786432 1048576 1310720 1310720 1572864 1835008 1835008 2097152 2359296 2621440 2621440 2883584 3145728 3145728 3407872 3670016 0 262144 
262144 262144 524288 786432 1048576 1048576 1310720 1572864 1572864 1835008 2097152 2359296 2359296 2621440 2883584 2883584 3145728 3407872 3670016 3670016 0 
RESULT of P * Gt of Matrix with size 21 X 21


15466496 38535168 61341696 84148224 106954752 129761280 152567808 175636480 198443008 221249536 244056064 266862592 289931264 312737792 335544320 358350848 381157376 403963904 427032576 449839104 472645632 
1361838080 45088768 111149056 176947200 242745344 308543488 374341632 440139776 505937920 571998208 637796352 703594496 769392640 835190784 900988928 966787072 1032847360 1098645504 1164443648 1230241792 1296039936 
2142240768 -2043936768 74973184 183762944 292552704 401342464 510132224 618921984 727711744 836501504 945291264 1054081024 1162870784 1271922688 1380712448 1489502208 1598291968 1707081728 1815871488 1924661248 2033451008 
-1458044928 -1306263552 -1154482176 104595456 256376832 408158208 559939584 711720960 863502336 1015283712 1167065088 1318846464 1470627840 1622409216 1774190592 1925971968 2077753344 -2065432576 -1913651200 -1761869824 -1610088448 
-849608704 -654835712 -460062720 -265289728 134217728 328990720 523763712 718536704 913309696 1108082688 1302855680 1497628672 1692401664 1887174656 2081947648 -2018246656 -1823473664 -1628700672 -1433927680 -1239154688 -1044381696 
-327155712 -89391104 148373504 386138112 623902720 163840000 401604608 639369216 877133824 1114898432 1352663040 1590427648 1828192256 2065956864 -1991507968 -1753743360 -1515978752 -1278214144 -1040449536 -802684928 -564920320 
109576192 390332416 671088640 951582720 1232338944 1513095168 193462272 474218496 754974720 1035730944 1316487168 1597243392 1877737472 -2136473600 -1855717376 -1574961152 -1294204928 -1013448704 -732692480 -451936256 -171180032 
460062720 783810560 1107558400 1431306240 1755054080 2078801920 -1892417536 223084544 546832384 870580224 1194328064 1518075904 1841561600 -2129657856 -1805910016 -1482162176 -1158414336 -834666496 -510918656 -187170816 136314880 
724828160 1091567616 1458307072 1824784384 -2103443456 -1736704000 -1369964544 -1003225088 252706816 619446272 986185728 1352925184 1719402496 2086141952 -1842085888 -1475346432 -1108606976 -741867520 -375390208 -8650752 358088704 
903610368 1313079296 1722810368 2132541440 -1752694784 -1342963712 -933494784 -523763712 -114032640 282329088 692060160 1101791232 1511522304 1920991232 -1964244992 -1554513920 -1144782848 -735313920 -325582848 84148224 493879296 
996147200 1448869888 1901592576 -1940652032 -1488191488 -1035468800 -582746112 -130023424 322437120 775159808 311951360 764674048 1217396736 1669857280 2122579968 -1719664640 -1266941952 -814481408 -361758720 90963968 543686656 
1002962944 1498677248 1994391552 -1805123584 -1309409280 -813694976 -317980672 177471488 673185792 1168900096 1664352256 341573632 837287936 1333002240 1828454400 -1970798592 -1475084288 -979369984 -483917824 11796480 507510784 
923795456 1462501376 2001207296 -1755316224 -1216610304 -677904384 -139460608 399245312 937951232 1476395008 2015100928 -1741160448 371195904 909901824 1448607744 1987051520 -1769209856 -1230503936 -692060160 -153354240 385351680 
758644736 1340342272 1922039808 -1791492096 -1209794560 -628097024 -46661632 535035904 1116471296 1698168832 -2015100928 -1433665536 -851968000 401080320 982515712 1564213248 2145648640 -1567621120 -985923584 -404488192 177209344 
507772928 1132199936 1756889088 -1913651200 -1288962048 -664535040 -39845888 584843264 1209270272 1833959424 -1836580864 -1211891712 -587464704 37224448 430702592 1055129600 1679818752 -1990721536 -1366032384 -741605376 -116916224 
170655744 838074368 1505755136 -2121793536 -1454112768 -786432000 -119013376 548667392 1216086016 1883766784 -1743781888 -1076101120 -408682496 258998272 926416896 460324864 1127743488 1795424256 -1832124416 -1164443648 -497025024 
-252444672 458227712 1168637952 1879310336 -1705246720 -994574336 -284164096 426508288 1136918528 1847590912 -1736966144 -1026293760 -315883520 394788864 1105199104 1815871488 489947136 1200357376 1911029760 -1673527296 -962854912 
-761266176 -7864320 745799680 1499201536 -2042363904 -1288699904 -535298048 218365952 971767808 1725431808 -1816133632 -1062469632 -309067776 444334080 1197998080 1951399936 -1589903360 519569408 1272971264 2026635264 -1514930176 
-1356333056 -559677440 236716032 1033109504 1829765120 -1668808704 -872153088 -75759616 720633856 1517289472 -1981284352 -1184628736 -388235264 408158208 1204813824 2001207296 -1497104384 -700710912 549191680 1345585152 2142240768 
-2037121024 -1197735936 -358350848 481296384 1320681472 -2134638592 -1295253504 -455868416 383778816 1223163904 2062548992 -1392771072 -553385984 285999104 1125646336 1965031424 -1490550784 -650903552 188481536 578813952 1418199040 
1490812928 -1921515520 -1039138816 -156762112 725876736 1608253440 -1804337152 -921698304 -39321600 843055104 1725693952 -1686896640 -804519936 78118912 960495616 1842872320 -1569718272 -687079424 195297280 1077673984 608436224 
RESULT of PG * Gt of Matrix with size 21 X 21


1048576 1048576 1048576 1048576 1048576 1048576 1048576 1048576 1048576 1310720 1310720 1310720 1310720 1310720 1310720 1310720 1310720 1310720 1310720 1310720 1310720 
1310720 1048576 1048576 1048576 1048576 1048576 1048576 1048576 1048576 1310720 1310720 1310720 1310720 1310720 1310720 1310720 1310720 1310720 1310720 1310720 1310720 
1310720 1310720 1048576 1048576 1048576 1048576 1048576 1048576 1048576 1310720 1310720 1310720 1310720 1310720 1310720 1310720 1310720 1310720 1310720 1310720 1310720 
1310720 1310720 1310720 1048576 1048576 1048576 1048576 1048576 1048576 1310720 1310720 1310720 1310720 1310720 1310720 1310720 1310720 1310720 1310720 1310720 1310720 
1310720 1310720 1310720 1310720 1048576 1048576 1048576 1048576 1048576 1310720 1310720 1310720 1310720 1310720 1310720 1310720 1310720 1310720 1310720 1310720 1310720 
1310720 1310720 1310720 1310720 1310720 1048576 1048576 1048576 1048576 1310720 1310720 1310720 1310720 1310720 1310720 1310720 1310720 1310720 1310720 1310720 1310720 
1310720 1310720 1310720 1310720 1310720 1310720 1048576 1048576 1048576 1310720 1310720 1310720 1310720 1310720 1310720 1310720 1310720 1310720 1310720 1310720 1310720 
1310720 1310720 1310720 1310720 1310720 1310720 1310720 1048576 1048576 1310720 1310720 1310720 1310720 1310720 1310720 1310720 1310720 1310720 1310720 1310720 1310720 
1310720 1310720 1310720 1310720 1310720 1310720 1310720 1310720 1048576 1310720 1310720 1310720 1310720 1310720 1310720 1310720 1310720 1310720 1310720 1310720 1310720 
1310720 1310720 1310720 1310720 1310720 1310720 1310720 1310720 1310720 1310720 1310720 1310720 1310720 1310720 1310720 1310720 1310720 1310720 1310720 1310720 1310720 
1310720 1310720 1310720 1310720 1310720 1310720 1310720 1310720 1310720 1310720 1310720 1310720 1310720 1310720 1310720 1310720 1310720 1310720 1310720 1310720 1310720 
1310720 1310720 1310720 1310720 1310720 1310720 1310720 1310720 1310720 1310720 1310720 1310720 1310720 1310720 1310720 1310720 1310720 1310720 1310720 1310720 1310720 
1310720 1310720 1310720 1310720 1310720 1310720 1310720 1310720 1310720 1310720 1310720 1310720 1310720 1310720 1310720 1310720 1310720 1310720 1310720 1310720 1310720 
1310720 1310720 1310720 1310720 1310720 1310720 1310720 1310720 1310720 1310720 1310720 1310720 1310720 1310720 1310720 1310720 1310720 1310720 1310720 1310720 1310720 
1310720 1310720 1310720 1310720 1310720 1310720 1310720 1310720 1310720 1310720 1310720 1310720 1310720 1310720 1310720 1310720 1310720 1310720 1310720 1310720 1310720 
1310720 1310720 1310720 1310720 1310720 1310720 1310720 1310720 1310720 1310720 1310720 1310720 1310720 1310720 1310720 1310720 1310720 1310720 1310720 1310720 1310720 
1310720 1310720 1310720 1310720 1310720 1310720 1310720 1310720 1310720 1310720 1310720 1310720 1310720 1310720 1310720 1310720 1310720 1310720 1310720 1310720 1310720 
1310720 1310720 1310720 1310720 1310720 1310720 1310720 1310720 1310720 1310720 1310720 1310720 1310720 1310720 1310720 1310720 1310720 1310720 1310720 1310720 1310720 
1310720 1310720 1310720 1310720 1310720 1310720 1310720 1310720 1310720 1310720 1310720 1310720 1310720 1310720 1310720 1310720 1310720 1310720 1310720 1310720 1310720 
1310720 1310720 1310720 1310720 1310720 1310720 1310720 1310720 1310720 1310720 1310720 1310720 1310720 1310720 1310720 1310720 1310720 1310720 1310720 1310720 1310720 
1310720 1310720 1310720 1310720 1310720 1310720 1310720 1310720 1310720 1310720 1310720 1310720 1310720 1310720 1310720 1310720 1310720 1310720 1310720 1310720 1310720 
RESULT of Pt * G of Matrix with size 21 X 21


1620312064 1647837184 1675624448 1703411712 1730936832 1758724096 1786511360 1814036480 1841823744 1869611008 1897136128 1924923392 1952710656 1980235776 2008023040 2035548160 2063335424 2091122688 2118647808 2146435072 -2120744960 
-2097938432 1641021440 1669070848 1696858112 1724645376 1752432640 1780219904 1808007168 1835794432 1863581696 1891368960 1919156224 1946943488 1974730752 2002518016 2030305280 2058092544 2085879808 2113667072 2141454336 -2125725696 
-2102919168 -2075131904 1661992960 1690042368 1717829632 1745616896 1773666304 1801453568 1829502976 1857290240 1885077504 1913126912 1940914176 1968963584 1996750848 2024538112 2052587520 2080374784 2108424192 2136211456 -2130968576 
-2108162048 -2080374784 -2052325376 1682964480 1711013888 1739063296 1766850560 1794899968 1822949376 1850998784 1878786048 1906835456 1934884864 1962934272 1990721536 2018770944 2046820352 2074869760 2102657024 2130706432 -2136211456 
-2113667072 -2085617664 -2057568256 -2029518848 1703936000 1731985408 1760034816 1788084224 1816133632 1844183040 1872494592 1900544000 1928593408 1956642816 1984692224 2012741632 2040791040 2068840448 2097152000 2125201408 -2141716480 
-2119172096 -2091122688 -2062811136 -2034761728 -2006450176 1724645376 1752956928 1781006336 1809317888 1837367296 1865678848 1893990400 1922039808 1950351360 1978400768 2006712320 2034761728 2063073280 2091122688 2119434240 -2147483648 
-2125201408 -2096889856 -2068578304 -2040266752 -2011955200 -1983643648 1745616896 1773928448 1802240000 1830551552 1858863104 1887174656 1915224064 1943535616 1971847168 2000158720 2028470272 2056781824 2085093376 2113404928 2141716480 
-2131230720 -2102657024 -2074345472 -2046033920 -2017722368 -1989148672 -1960837120 1766588416 1794899968 1823211520 1851785216 1880096768 1908408320 1936719872 1965293568 1993605120 2021916672 2050228224 2078801920 2107113472 2135425024 
-2137260032 -2108948480 -2080374784 -2051801088 -2023489536 -1994915840 -1966342144 -1938030592 1787559936 1815871488 1844445184 1873018880 1901330432 1929904128 1958215680 1986789376 2015363072 2043674624 2072248320 2100822016 2129133568 
-2143813632 -2115239936 -2086666240 -2058092544 -2029518848 -2000945152 -1972371456 -1943797760 -1915224064 1808269312 1836843008 1865416704 1893990400 1922564096 1951137792 1979711488 2008285184 2036858880 2065432576 2094006272 2122579968 
2144600064 -2121531392 -2092957696 -2064384000 -2035548160 -2006974464 -1978400768 -1949564928 -1920991232 -1892155392 1829240832 1858076672 1886650368 1915224064 1944059904 1972633600 2001207296 2030043136 2058616832 2087190528 2116026368 
2137784320 -2128347136 -2099511296 -2070675456 -2042101760 -2013265920 -1984430080 -1955856384 -1927020544 -1898184704 -1869348864 1850212352 1879048192 1907621888 1936457728 1965293568 1994129408 2022703104 2051538944 2080374784 2109210624 
2130968576 -2135162880 -2106327040 -2077491200 -2048655360 -2019819520 -1990983680 -1962147840 -1933049856 -1904214016 -1875378176 -1846542336 1871183872 1900019712 1928855552 1957691392 1986527232 2015363072 2044198912 2073034752 2102132736 
2123628544 -2142240768 -2113404928 -2084306944 -2055471104 -2026373120 -1997537280 -1968439296 -1939603456 -1910505472 -1881669632 -1852571648 -1823735808 1891893248 1920991232 1949827072 1978925056 2007760896 2036858880 2065694720 2094792704 
2116288512 2145386496 -2120482816 -2091384832 -2062286848 -2033451008 -2004353024 -1975255040 -1946157056 -1917059072 -1887961088 -1858863104 -1830027264 -1800929280 1912864768 1941962752 1971060736 2000158720 2029256704 2058092544 2087190528 
2108686336 2137784320 -2127822848 -2098724864 -2069626880 -2040528896 -2011168768 -1982070784 -1952972800 -1923874816 -1894776832 -1865416704 -1836318720 -1807220736 -1778122752 1933836288 1962934272 1992032256 2021392384 2050490368 2079588352 
2101084160 2130182144 -2135425024 -2106327040 -2076966912 -2047606784 -2018508800 -1989148672 -1960050688 -1930690560 -1901330432 -1872232448 -1842872320 -1813774336 -1784414208 -1755054080 1954807808 1983905792 2013265920 2042363904 2071724032 
2092957696 2122317824 -2143289344 -2113929216 -2084569088 -2055208960 -2025848832 -1996488704 -1967128576 -1937768448 -1908408320 -1879048192 -1849688064 -1820327936 -1790967808 -1761607680 -1732247552 1975517184 2004877312 2034237440 2063597568 
2084831232 2114191360 2143813632 -2121793536 -2092433408 -2062811136 -2033451008 -2003828736 -1974468608 -1945108480 -1915486208 -1886126080 -1856765952 -1827143680 -1797783552 -1768423424 -1738801152 -1709441024 1996488704 2025848832 2055471104 
2076442624 2106064896 2135687168 -2129920000 -2100297728 -2070675456 -2041053184 -2011693056 -1982070784 -1952448512 -1923088384 -1893466112 -1863843840 -1834221568 -1804861440 -1775239168 -1745616896 -1716256768 -1686634496 2017460224 2047082496 
2068054016 2097676288 2127298560 -2138046464 -2108424192 -2078801920 -2049179648 -2019557376 -1989935104 -1960312832 -1930428416 -1900806144 -1871183872 -1841561600 -1811939328 -1782317056 -1752694784 -1723072512 -1693450240 -1663827968 2038431744 
RESULT of [PG]t * G of Matrix with size 21 X 21


0 0 0 262144 262144 524288 524288 524288 786432 786432 786432 1048576 1048576 1048576 1310720 1310720 1310720 1572864 1572864 1572864 1835008 
1835008 0 0 0 262144 262144 524288 524288 524288 786432 786432 786432 1048576 1048576 1048576 1310720 1310720 1310720 1572864 1572864 1835008 
1835008 1835008 0 0 0 262144 262144 524288 524288 524288 786432 786432 786432 1048576 1048576 1048576 1310720 1310720 1310720 1572864 1572864 
1572864 1835008 1835008 0 0 0 262144 262144 524288 524288 524288 786432 786432 786432 1048576 1048576 1048576 1310720 1310720 1572864 1572864 
1572864 1572864 1835008 1835008 0 0 0 262144 262144 524288 524288 524288 786432 786432 786432 1048576 1048576 1048576 1310720 1310720 1572864 
1572864 1572864 1572864 1835008 1835008 0 0 0 262144 262144 524288 524288 524288 786432 786432 786432 1048576 1048576 1048576 1310720 1310720 
1310720 1572864 1572864 1572864 1835008 1835008 0 0 0 262144 262144 524288 524288 524288 786432 786432 786432 1048576 1048576 1048576 1310720 
1310720 1310720 1572864 1572864 1572864 1835008 1835008 0 0 0 262144 262144 524288 524288 524288 786432 786432 786432 1048576 1048576 1310720 
1310720 1310720 1310720 1572864 1572864 1572864 1835008 1835008 0 0 0 262144 262144 524288 524288 524288 786432 786432 786432 1048576 1048576 
1048576 1310720 1310720 1310720 1572864 1572864 1572864 1835008 1835008 0 0 0 262144 262144 524288 524288 524288 786432 786432 786432 1048576 
1048576 1048576 1310720 1310720 1310720 1572864 1572864 1572864 1835008 1835008 0 0 0 262144 262144 524288 524288 524288 786432 786432 786432 
786432 1048576 1048576 1310720 1310720 1310720 1572864 1572864 1572864 1835008 1835008 0 0 262144 262144 262144 524288 524288 524288 786432 786432 
786432 1048576 1048576 1048576 1310720 1310720 1310720 1572864 1572864 1835008 1835008 1835008 0 0 262144 262144 262144 524288 524288 524288 786432 
786432 786432 1048576 1048576 1048576 1310720 1310720 1310720 1572864 1572864 1835008 1835008 1835008 0 0 262144 262144 262144 524288 524288 524288 
524288 786432 786432 1048576 1048576 1048576 1310720 1310720 1310720 1572864 1572864 1835008 1835008 1835008 0 0 262144 262144 262144 524288 524288 
524288 524288 786432 786432 1048576 1048576 1048576 1310720 1310720 1310720 1572864 1572864 1835008 1835008 1835008 0 0 262144 262144 262144 524288 
524288 524288 524288 786432 786432 1048576 1048576 1048576 1310720 1310720 1310720 1572864 1572864 1835008 1835008 1835008 0 0 262144 262144 262144 
262144 524288 524288 524288 786432 786432 1048576 1048576 1048576 1310720 1310720 1572864 1572864 1572864 1835008 1835008 1835008 0 0 262144 262144 
262144 262144 524288 524288 524288 786432 786432 1048576 1048576 1048576 1310720 1310720 1572864 1572864 1572864 1835008 1835008 1835008 0 0 262144 
262144 262144 262144 524288 524288 524288 786432 786432 1048576 1048576 1048576 1310720 1310720 1572864 1572864 1572864 1835008 1835008 2097152 0 0 
0 262144 262144 262144 524288 524288 524288 786432 786432 1048576 1048576 1048576 1310720 1310720 1572864 1572864 1572864 1835008 1835008 2097152 0 
RESULT of Pt * Gt of Matrix with size 21 X 21


15466496 45088768 74973184 104595456 134217728 163840000 193462272 223084544 252706816 282329088 311951360 341573632 371195904 401080320 430702592 460324864 489947136 519569408 549191680 578813952 608436224 
1490812928 38535168 111149056 183762944 256376832 328990720 401604608 474218496 546832384 619446272 692060160 764674048 837287936 909901824 982515712 1055129600 1127743488 1200357376 1272971264 1345585152 1418199040 
-2037121024 -1921515520 61341696 176947200 292552704 408158208 523763712 639369216 754974720 870580224 986185728 1101791232 1217396736 1333002240 1448607744 1564213248 1679818752 1795424256 1911029760 2026635264 2142240768 
-1356333056 -1197735936 -1039138816 84148224 242745344 401342464 559939584 718536704 877133824 1035730944 1194328064 1352925184 1511522304 1669857280 1828454400 1987051520 2145648640 -1990721536 -1832124416 -1673527296 -1514930176 
-761266176 -559677440 -358350848 -156762112 106954752 308543488 510132224 711720960 913309696 1114898432 1316487168 1518075904 1719402496 1920991232 2122579968 -1970798592 -1769209856 -1567621120 -1366032384 -1164443648 -962854912 
-252444672 -7864320 236716032 481296384 725876736 129761280 374341632 618921984 863502336 1108082688 1352663040 1597243392 1841561600 2086141952 -1964244992 -1719664640 -1475084288 -1230503936 -985923584 -741605376 -497025024 
170655744 458227712 745799680 1033109504 1320681472 1608253440 152567808 440139776 727711744 1015283712 1302855680 1590427648 1877737472 -2129657856 -1842085888 -1554513920 -1266941952 -979369984 -692060160 -404488192 -116916224 
507772928 838074368 1168637952 1499201536 1829765120 -2134638592 -1804337152 175636480 505937920 836501504 1167065088 1497628672 1828192256 -2136473600 -1805910016 -1475346432 -1144782848 -814481408 -483917824 -153354240 177209344 
758644736 1132199936 1505755136 1879310336 -2042363904 -1668808704 -1295253504 -921698304 198443008 571998208 945291264 1318846464 1692401664 2065956864 -1855717376 -1482162176 -1108606976 -735313920 -361758720 11796480 385351680 
923795456 1340342272 1756889088 -2121793536 -1705246720 -1288699904 -872153088 -455868416 -39321600 221249536 637796352 1054081024 1470627840 1887174656 -1991507968 -1574961152 -1158414336 -741867520 -325582848 90963968 507510784 
1002962944 1462501376 1922039808 -1913651200 -1454112768 -994574336 -535298048 -75759616 383778816 843055104 244056064 703594496 1162870784 1622409216 2081947648 -1753743360 -1294204928 -834666496 -375390208 84148224 543686656 
996147200 1498677248 2001207296 -1791492096 -1288962048 -786432000 -284164096 218365952 720633856 1223163904 1725693952 266862592 769392640 1271922688 1774190592 -2018246656 -1515978752 -1013448704 -510918656 -8650752 493879296 
903610368 1448869888 1994391552 -1755316224 -1209794560 -664535040 -119013376 426508288 971767808 1517289472 2062548992 -1686896640 289931264 835190784 1380712448 1925971968 -1823473664 -1278214144 -732692480 -187170816 358088704 
724828160 1313079296 1901592576 -1805123584 -1216610304 -628097024 -39845888 548667392 1136918528 1725431808 -1981284352 -1392771072 -804519936 312737792 900988928 1489502208 2077753344 -1628700672 -1040449536 -451936256 136314880 
460062720 1091567616 1722810368 -1940652032 -1309409280 -677904384 -46661632 584843264 1216086016 1847590912 -1816133632 -1184628736 -553385984 78118912 335544320 966787072 1598291968 -2065432576 -1433927680 -802684928 -171180032 
109576192 783810560 1458307072 2132541440 -1488191488 -813694976 -139460608 535035904 1209270272 1883766784 -1736966144 -1062469632 -388235264 285999104 960495616 358350848 1032847360 1707081728 -1913651200 -1239154688 -564920320 
-327155712 390332416 1107558400 1824784384 -1752694784 -1035468800 -317980672 399245312 1116471296 1833959424 -1743781888 -1026293760 -309067776 408158208 1125646336 1842872320 381157376 1098645504 1815871488 -1761869824 -1044381696 
-849608704 -89391104 671088640 1431306240 -2103443456 -1342963712 -582746112 177471488 937951232 1698168832 -1836580864 -1076101120 -315883520 444334080 1204813824 1965031424 -1569718272 403963904 1164443648 1924661248 -1610088448 
-1458044928 -654835712 148373504 951582720 1755054080 -1736704000 -933494784 -130023424 673185792 1476395008 -2015100928 -1211891712 -408682496 394788864 1197998080 2001207296 -1490550784 -687079424 427032576 1230241792 2033451008 
2142240768 -1306263552 -460062720 386138112 1232338944 2078801920 -1369964544 -523763712 322437120 1168900096 2015100928 -1433665536 -587464704 258998272 1105199104 1951399936 -1497104384 -650903552 195297280 449839104 1296039936 
1361838080 -2043936768 -1154482176 -265289728 623902720 1513095168 -1892417536 -1003225088 -114032640 775159808 1664352256 -1741160448 -851968000 37224448 926416896 1815871488 -1589903360 -700710912 188481536 1077673984 472645632 
RESULT of [PG]t * Gt of Matrix with size 21 X 21


