0 0 0 0 0 0 0 0 0 0 0 0 0 0 0 0 0 0 0 0 0 0 0 0 0 
0 0 0 0 0 0 0 0 0 0 0 0 0 0 0 0 0 0 0 0 0 0 0 0 0 
0 0 0 0 0 0 0 0 0 0 0 0 0 0 0 0 0 0 0 0 0 0 0 0 0 
0 0 0 0 0 0 0 0 0 0 0 0 0 0 0 0 0 0 0 0 0 0 0 0 0 
0 0 0 0 0 0 0 0 0 0 0 0 0 0 0 0 0 0 0 0 0 0 0 0 0 
0 0 0 0 0 0 0 0 0 0 0 0 0 0 0 0 0 0 0 0 0 0 0 0 0 
0 0 0 0 0 0 0 0 0 0 0 0 0 0 0 0 0 0 0 0 0 0 0 0 0 
0 0 0 0 0 0 0 0 0 0 0 0 0 0 0 0 0 0 0 0 0 0 0 0 0 
0 0 0 0 0 0 0 0 0 0 0 0 0 0 0 0 0 0 0 0 0 0 0 0 0 
0 0 0 0 0 0 0 0 0 0 0 0 0 0 0 0 0 0 0 0 0 0 0 0 0 
0 0 0 0 0 0 0 0 0 0 0 0 0 0 0 0 0 0 0 0 0 0 0 0 0 
0 0 0 0 0 0 0 0 0 0 0 0 0 0 0 0 0 0 0 0 0 0 0 0 0 
0 0 0 0 0 0 0 0 0 0 0 0 0 0 0 0 0 0 0 0 0 0 0 0 0 
0 0 0 0 0 0 0 0 0 0 0 0 0 0 0 0 0 0 0 0 0 0 0 0 0 
0 0 0 0 0 0 0 0 0 0 0 0 0 0 0 0 0 0 0 0 0 0 0 0 0 
0 0 0 0 0 0 0 0 0 0 0 0 0 0 0 0 0 0 0 0 0 0 0 0 0 
0 0 0 0 0 0 0 0 0 0 0 0 0 0 0 0 0 0 0 0 0 0 0 0 0 
0 0 0 0 0 0 0 0 0 0 0 0 0 0 0 0 0 0 0 0 0 0 0 0 0 
0 0 0 0 0 0 0 0 0 0 0 0 0 0 0 0 0 0 0 0 0 0 0 0 0 
0 0 0 0 0 0 0 0 0 0 0 0 0 0 0 0 0 0 0 0 0 0 0 0 0 
0 0 0 0 0 0 0 0 0 0 0 0 0 0 0 0 0 0 0 0 0 0 0 0 0 
0 0 0 0 0 0 0 0 0 0 0 0 0 0 0 0 0 0 0 0 0 0 0 0 0 
0 0 0 0 0 0 0 0 0 0 0 0 0 0 0 0 0 0 0 0 0 0 0 0 0 
0 0 0 0 0 0 0 0 0 0 0 0 0 0 0 0 0 0 0 0 0 0 0 0 0 
0 0 0 0 0 0 0 0 0 0 0 0 0 0 0 0 0 0 0 0 0 0 0 0 0 
INITIAL DATA of Matrix with size 25 X 25


0 0 0 0 0 0 0 0 0 0 0 0 0 0 0 0 0 0 0 0 0 0 0 0 0 
262144 262144 262144 262144 262144 262144 262144 262144 262144 262144 262144 262144 262144 262144 262144 262144 262144 262144 262144 262144 262144 262144 262144 262144 262144 
524288 524288 262144 262144 262144 262144 262144 262144 262144 262144 262144 262144 262144 262144 524288 524288 524288 524288 524288 524288 524288 524288 524288 524288 524288 
524288 524288 524288 524288 524288 524288 524288 524288 524288 524288 524288 524288 524288 524288 524288 524288 524288 524288 524288 524288 524288 524288 524288 524288 524288 
786432 786432 786432 786432 786432 786432 786432 786432 786432 786432 786432 786432 786432 786432 786432 786432 786432 786432 786432 786432 786432 786432 786432 786432 786432 
1048576 1048576 1048576 1048576 1048576 1048576 1048576 1048576 1048576 1048576 1048576 1048576 1048576 1048576 1048576 1048576 1048576 1048576 1048576 1048576 1048576 1048576 1048576 1048576 1048576 
1310720 1310720 1310720 1310720 1310720 1310720 1048576 1048576 1048576 1048576 1048576 1048576 1048576 1048576 1048576 1048576 1048576 1048576 1048576 1310720 1310720 1310720 1310720 1310720 1310720 
1310720 1310720 1310720 1310720 1310720 1310720 1310720 1310720 1310720 1310720 1310720 1310720 1310720 1310720 1310720 1310720 1310720 1310720 1310720 1310720 1310720 1310720 1310720 1310720 1310720 
1572864 1572864 1572864 1572864 1572864 1572864 1572864 1572864 1572864 1572864 1572864 1572864 1572864 1572864 1572864 1572864 1572864 1572864 1572864 1572864 1572864 1572864 1572864 1572864 1572864 
1835008 1835008 1835008 1835008 1835008 1835008 1835008 1835008 1835008 1572864 1572864 1835008 1835008 1835008 1835008 1835008 1835008 1835008 1835008 1835008 1835008 1835008 1835008 1835008 1835008 
2097152 2097152 2097152 2097152 2097152 2097152 2097152 2097152 2097152 2097152 1835008 1835008 1835008 1835008 1835008 1835008 1835008 1835008 1835008 1835008 1835008 1835008 1835008 1835008 2097152 
2097152 2097152 2097152 2097152 2097152 2097152 2097152 2097152 2097152 2359296 2359296 2097152 2097152 2097152 2097152 2097152 2097152 2097152 2097152 2097152 2097152 2097152 2097152 2097152 2097152 
2359296 2359296 2359296 2359296 2359296 2359296 2359296 2359296 2359296 2359296 2359296 2359296 2359296 2359296 2359296 2359296 2359296 2359296 2359296 2359296 2359296 2359296 2359296 2359296 2359296 
2621440 2621440 2621440 2621440 2621440 2621440 2621440 2621440 2621440 2621440 2621440 2621440 2621440 2359296 2359296 2359296 2359296 2359296 2359296 2621440 2621440 2621440 2621440 2621440 2621440 
2621440 2621440 2621440 2883584 2883584 2883584 2883584 2883584 2883584 2883584 2883584 2883584 2883584 2883584 2621440 2621440 2621440 2621440 2621440 2621440 2621440 2621440 2621440 2621440 2621440 
2883584 2883584 2883584 2883584 2883584 2883584 2883584 2883584 2883584 2883584 3145728 3145728 3145728 3145728 3145728 2883584 2883584 2883584 2883584 2883584 2883584 2883584 2883584 2883584 2883584 
3145728 3145728 3145728 3145728 3145728 3145728 3145728 3145728 3145728 3145728 3145728 3145728 3145728 3145728 3145728 3145728 2883584 3145728 3145728 3145728 3145728 3145728 3145728 3145728 3145728 
3407872 3407872 3407872 3407872 3407872 3407872 3407872 3407872 3407872 3407872 3407872 3407872 3407872 3407872 3407872 3407872 3407872 3145728 3145728 3145728 3145728 3145728 3145728 3145728 3145728 
3407872 3407872 3407872 3407872 3407872 3407872 3407872 3670016 3670016 3670016 3670016 3670016 3670016 3670016 3670016 3670016 3670016 3670016 3407872 3407872 3407872 3407872 3407872 3407872 3407872 
3670016 3670016 3670016 3670016 3670016 3670016 3670016 3670016 3670016 3670016 3670016 3670016 3670016 3932160 3932160 3932160 3932160 3932160 3932160 3670016 3670016 3670016 3670016 3670016 3670016 
3932160 3932160 3932160 3932160 3932160 3932160 3932160 3932160 3932160 3932160 3932160 3932160 3932160 3932160 3932160 3932160 3932160 3932160 3932160 4194304 3670016 3670016 3670016 3670016 3932160 
3932160 3932160 3932160 3932160 3932160 4194304 4194304 4194304 4194304 4194304 4194304 4194304 4194304 4194304 4194304 4194304 4194304 4194304 4194304 4194304 4194304 3932160 3932160 3932160 3932160 
4194304 4194304 4194304 4194304 4194304 4194304 4194304 4194304 4194304 4194304 4194304 4456448 4456448 4456448 4456448 4456448 4456448 4456448 4456448 4456448 4456448 4456448 4194304 4194304 4194304 
4456448 4456448 4456448 4456448 4456448 4456448 4456448 4456448 4456448 4456448 4456448 4456448 4456448 4456448 4456448 4456448 4718592 4718592 4718592 4718592 4718592 4718592 4718592 4456448 4456448 
4456448 4456448 4456448 4456448 4718592 4718592 4718592 4718592 4718592 4718592 4718592 4718592 4718592 4718592 4718592 4718592 4718592 4718592 4718592 4718592 4718592 4980736 4980736 4980736 4456448 
RESULT of P * G of Matrix with size 25 X 25


1020526592 1023934464 1027080192 1030488064 1033895936 1037303808 1040711680 1043857408 1047265280 1050673152 1054081024 1057488896 1060634624 1064042496 1067450368 1070858240 1074266112 1077411840 1080819712 1084227584 1087635456 1091043328 1094189056 1097596928 1101004800 
-1584136192 -1782054912 -1773928448 -1765539840 -1757413376 -1749024768 -1740898304 -1732509696 -1724383232 -1716256768 -1707868160 -1699741696 -1691353088 -1683226624 -1674838016 -1666711552 -1658322944 -1650196480 -1641807872 -1633681408 -1625292800 -1617166336 -1609039872 -1600651264 -1592524800 
12320768 25690112 -289669120 -276561920 -263454720 -250347520 -237240320 -224133120 -210763776 -197656576 -184549376 -171442176 -158334976 -145227776 -132120576 -119013376 -105906176 -92536832 -79429632 -66322432 -53215232 -40108032 -27000832 -13893632 -786432 
1599340544 1617428480 1635254272 1202716672 1220804608 1238630400 1256718336 1274806272 1292894208 1310720000 1328807936 1346895872 1364983808 1383071744 1400897536 1418985472 1437073408 1455161344 1472987136 1491075072 1509163008 1527250944 1545076736 1563164672 1581252608 
-1118568448 -1095761920 -1072693248 -1049886720 -1599864832 -1577058304 -1553989632 -1531183104 -1508114432 -1485307904 -1462501376 -1439432704 -1416626176 -1393557504 -1370750976 -1347682304 -1324875776 -1302069248 -1279000576 -1256194048 -1233125376 -1210318848 -1187250176 -1164443648 -1141637120 
448790528 476577792 504365056 532152320 559939584 -107479040 -79691776 -51904512 -24117248 3670016 31457280 59244544 87031808 115081216 142868480 170655744 198443008 226230272 254017536 281804800 309592064 337379328 365166592 392953856 420741120 
2006188032 2038956032 2071461888 2104229888 2136997888 -2125201408 1384906752 1417674752 1450180608 1482948608 1515716608 1548484608 1580990464 1613758464 1646526464 1679294464 1711800320 1744568320 1777336320 1810104320 1842610176 1875378176 1908146176 1940652032 1973420032 
-741081088 -703594496 -665845760 -628359168 -590610432 -553123840 -515637248 -1417674752 -1380188160 -1342439424 -1304952832 -1267204096 -1229717504 -1192230912 -1154482176 -1116995584 -1079508992 -1041760256 -1004273664 -966524928 -929038336 -891551744 -853803008 -816316416 -778567680 
796917760 839385088 881852416 924319744 966787072 1009254400 1051721728 1094189056 74711040 117178368 159645696 202113024 244580352 287047680 329515008 371982336 414449664 456916992 499384320 542113792 584581120 627048448 669515776 711983104 754450432 
-1970012160 -1922564096 -1875116032 -1827930112 -1780482048 -1733033984 -1685585920 -1638400000 -1590951936 1567096832 1614544896 1661730816 1709178880 1756626944 1804075008 1851260928 1898708992 1946157056 1993342976 2040791040 2088239104 2135425024 -2112094208 -2064646144 -2017198080 
-451674112 -399245312 -347078656 -294649856 -242483200 -190316544 -137887744 -85721088 -33554432 18874368 -1235484672 -1183318016 -1130889216 -1078722560 -1026555904 -974127104 -921960448 -869531648 -817364992 -765198336 -712769536 -660602880 -608436224 -556007424 -503840768 
1056964608 1114112000 1171259392 1228406784 1285554176 1342701568 1399848960 1456996352 1514143744 1571291136 1628438528 256901120 314048512 371195904 428343296 485490688 542638080 599785472 656932864 714080256 771227648 828375040 885522432 942669824 999817216 
-1739063296 -1677197312 -1615069184 -1552941056 -1490812928 -1428946944 -1366818816 -1304690688 -1242824704 -1180696576 -1118568448 -1056702464 1749286912 1811415040 1873281024 1935409152 1997537280 2059403264 2121531392 -2111307776 -2049441792 -1987313664 -1925185536 -1863319552 -1801191424 
-250085376 -183238656 -116129792 -49283072 17563648 84672512 151519232 218365952 285474816 352321536 419168256 486277120 553123840 -1053294592 -986447872 -919339008 -852492288 -785645568 -718536704 -651689984 -584843264 -517734400 -450887680 -384040960 -316932096 
1229193216 1301020672 1372848128 1444675584 1516503040 1588330496 1660157952 1731985408 1803812864 1875640320 1947467776 2019295232 2091122688 -2132017152 439091200 510918656 582746112 654573568 726401024 798228480 870055936 941883392 1013710848 1085538304 1157365760 
-1596194816 -1519648768 -1442840576 -1366294528 -1289486336 -1212678144 -1136132096 -1059323904 -982515712 -905969664 -829161472 -752353280 -675807232 -598999040 -522190848 1931476992 2008285184 2084831232 -2133327872 -2056519680 -1979973632 -1903165440 -1826357248 -1749811200 -1673003008 
-136577024 -55050240 26476544 108265472 189792256 271319040 353107968 434634752 516161536 597950464 679477248 761004032 842530816 924319744 1005846528 1087373312 -871104512 -789577728 -707788800 -626262016 -544735232 -462946304 -381419520 -299892736 -218103808 
1313341440 1399848960 1486356480 1572864000 1659371520 1745879040 1832386560 1918631936 2005139456 2091646976 -2116812800 -2030305280 -1943797760 -1857290240 -1770782720 -1684275200 -1597767680 621281280 707788800 794296320 880803840 967311360 1053818880 1140326400 1226833920 
-1541668864 -1450180608 -1358692352 -1267466240 -1175977984 -1084751872 -993263616 -901775360 -810549248 -719060992 -627572736 -536346624 -444858368 -353632256 -262144000 -170655744 -79429632 12058624 2113667072 -2089811968 -1998585856 -1907097600 -1815609344 -1724383232 -1632894976 
-111149056 -14942208 81264640 177733632 273940480 370147328 466354176 562823168 659030016 755236864 851443712 947912704 1044119552 1140326400 1236795392 1333002240 1429209088 1525415936 1621884928 -688914432 -592707584 -496238592 -400031744 -303824896 -207618048 
1309409280 1410596864 1511784448 1612972032 1714159616 1815085056 1916272640 2017460224 2118647808 -2075131904 -1973944320 -1872756736 -1771569152 -1670381568 -1569193984 -1468006400 -1366818816 -1265631232 -1164705792 -1063518208 803471360 904658944 1005846528 1107034112 1208221696 
-1574699008 -1468792832 -1362624512 -1256718336 -1150550016 -1044643840 -938475520 -832307200 -726401024 -620232704 -514326528 -408158208 -301989888 -196083712 -89915392 15990784 122159104 228065280 334233600 440401920 546308096 -1999110144 -1892941824 -1787035648 -1680867328 
-173801472 -62914560 47972352 159121408 270008320 380895232 491782144 602931200 713818112 824705024 935591936 1046740992 1157627904 1268514816 1379401728 1490288640 1601437696 1712324608 1823211520 1934098432 2045247488 -2138832896 -506724352 -395837440 -284688384 
1217396736 1333264384 1449132032 1564999680 1680867328 1796472832 1912340480 2028208128 2144075776 -2035023872 -1919156224 -1803288576 -1687420928 -1571553280 -1455685632 -1340080128 -1224212480 -1108344832 -992477184 -876609536 -760741888 -644874240 -529006592 985661440 1101529088 
-1696071680 -1575485440 -1454637056 -1334050816 -1213202432 -1092354048 -971767808 -850919424 -730333184 -609484800 -488898560 -368050176 -247463936 -126615552 -5767168 114819072 235667456 356253696 477102080 597688320 718536704 839122944 959971328 1080557568 -1816920064 
RESULT of P G * G of Matrix with size 25 X 25


0 0 0 0 0 0 0 0 0 0 0 0 0 0 0 0 0 0 0 0 0 0 0 0 0 
524288 0 0 0 0 0 0 0 0 0 0 0 262144 262144 262144 262144 262144 262144 262144 262144 262144 262144 262144 524288 524288 
786432 786432 0 0 0 0 0 0 0 262144 262144 262144 262144 262144 262144 524288 524288 524288 524288 524288 524288 524288 786432 786432 786432 
1048576 1048576 1310720 0 0 0 0 0 262144 262144 262144 262144 524288 524288 524288 524288 524288 786432 786432 786432 786432 786432 1048576 1048576 1048576 
1310720 1572864 1572864 1572864 0 0 0 0 262144 262144 262144 524288 524288 524288 524288 786432 786432 786432 786432 1048576 1048576 1048576 1048576 1310720 1310720 
1572864 1835008 1835008 1835008 2097152 0 0 0 262144 262144 262144 524288 524288 524288 786432 786432 786432 1048576 1048576 1048576 1310720 1310720 1310720 1572864 1572864 
1835008 1835008 2097152 2097152 2359296 2359296 0 0 0 262144 262144 524288 524288 524288 786432 786432 1048576 1048576 1048576 1310720 1310720 1572864 1572864 1572864 1835008 
2097152 2097152 2359296 2359296 2621440 2621440 2621440 0 0 262144 262144 524288 524288 524288 786432 786432 1048576 1048576 1310720 1310720 1572864 1572864 1572864 1835008 1835008 
2097152 2359296 2359296 2621440 2621440 2883584 2883584 3145728 0 0 262144 262144 524288 524288 786432 786432 1048576 1048576 1310720 1310720 1572864 1572864 1835008 1835008 2097152 
2359296 2359296 2621440 2883584 2883584 3145728 3145728 3407872 3407872 0 0 262144 524288 524288 786432 786432 1048576 1048576 1310720 1310720 1572864 1835008 1835008 2097152 2097152 
2359296 2621440 2621440 2883584 3145728 3145728 3407872 3670016 3670016 3932160 0 0 262144 524288 524288 786432 1048576 1048576 1310720 1310720 1572864 1835008 1835008 2097152 2359296 
2359296 2621440 2883584 3145728 3145728 3407872 3670016 3670016 3932160 4194304 4194304 0 262144 262144 524288 786432 786432 1048576 1310720 1310720 1572864 1835008 1835008 2097152 2359296 
2621440 2621440 2883584 3145728 3407872 3407872 3670016 3932160 4194304 4194304 4456448 4718592 0 262144 262144 524288 786432 1048576 1048576 1310720 1572864 1835008 1835008 2097152 2359296 
2621440 2621440 2883584 3145728 3407872 3670016 3670016 3932160 4194304 4456448 4718592 4718592 4980736 0 262144 524288 524288 786432 1048576 1310720 1572864 1572864 1835008 2097152 2359296 
2359296 2621440 2883584 3145728 3407872 3670016 3932160 4194304 4194304 4456448 4718592 4980736 5242880 5505024 0 262144 524288 786432 786432 1048576 1310720 1572864 1835008 2097152 2359296 
2359296 2621440 2883584 3145728 3407872 3670016 3932160 4194304 4456448 4718592 4718592 4980736 5242880 5505024 5767168 0 262144 524288 786432 1048576 1310720 1572864 1572864 1835008 2097152 
2359296 2621440 2883584 3145728 3407872 3670016 3932160 4194304 4456448 4718592 4980736 5242880 5505024 5767168 6029312 6291456 0 262144 524288 786432 1048576 1310720 1572864 1835008 2097152 
2097152 2359296 2621440 3145728 3407872 3670016 3932160 4194304 4456448 4718592 4980736 5242880 5505024 5767168 6029312 6291456 6553600 0 262144 524288 786432 1048576 1310720 1572864 1835008 
2097152 2359296 2621440 2883584 3145728 3407872 3670016 4194304 4456448 4718592 4980736 5242880 5505024 5767168 6029312 6291456 6553600 7077888 0 262144 524288 786432 1048576 1572864 1835008 
1835008 2097152 2359296 2883584 3145728 3407872 3670016 3932160 4194304 4718592 4980736 5242880 5505024 5767168 6029312 6553600 6815744 7077888 7340032 0 262144 524288 1048576 1310720 1572864 
1572864 1835008 2359296 2621440 2883584 3145728 3670016 3932160 4194304 4456448 4718592 5242880 5505024 5767168 6029312 6553600 6815744 7077888 7340032 7602176 0 262144 786432 1048576 1310720 
1310720 1835008 2097152 2359296 2621440 3145728 3407872 3670016 4194304 4456448 4718592 4980736 5505024 5767168 6029312 6553600 6815744 7077888 7340032 7864320 8126464 0 262144 786432 1048576 
1048576 1572864 1835008 2097152 2621440 2883584 3145728 3670016 3932160 4194304 4718592 4980736 5242880 5767168 6029312 6291456 6815744 7077888 7340032 7864320 8126464 8388608 0 524288 786432 
786432 1048576 1572864 1835008 2359296 2621440 2883584 3407872 3670016 4194304 4456448 4718592 5242880 5505024 6029312 6291456 6553600 7077888 7340032 7864320 8126464 8388608 8912896 0 524288 
524288 786432 1310720 1572864 2097152 2359296 2621440 3145728 3407872 3932160 4194304 4718592 4980736 5505024 5767168 6291456 6553600 7077888 7340032 7602176 8126464 8388608 8912896 9175040 0 
RESULT of P * Gt of Matrix with size 25 X 25


44040192 108265472 172752896 236978176 301465600 365953024 430178304 494665728 559153152 623378432 687865856 752091136 816578560 881065984 945291264 1009778688 1074266112 1138491392 1202978816 1267466240 1331691520 1396178944 1460404224 1524891648 1589379072 
312475648 127926272 314572800 501219328 687865856 874512384 1061158912 1247805440 1434451968 1621098496 1807745024 1994391552 -2113929216 -1927282688 -1740636160 -1553989632 -1367343104 -1180696576 -994050048 -807403520 -620756992 -434110464 -247463936 -60817408 125829120 
-1272971264 -964165632 211812352 520617984 829423616 1138491392 1447297024 1756364800 2065170432 -1920729088 -1611923456 -1302855680 -994050048 -685244416 -376176640 -67371008 241696768 550502400 859570176 1168375808 1477443584 1786249216 2095054848 -1890844672 -1582039040 
1191706624 1622933504 2054160384 295698432 726663168 1157890048 1589116928 2020343808 -1843396608 -1412169728 -980942848 -549978112 -118751232 312475648 743702528 1174929408 1606156288 2037121024 -1826619392 -1395392512 -964165632 -532938752 -101711872 329515008 760479744 
-882900992 -329515008 223870976 777519104 379584512 932970496 1486356480 2039742464 -1701576704 -1148190720 -594804736 -41418752 512229376 1065615360 1619001344 -2122579968 -1568931840 -1015545856 -462159872 91226112 644874240 1198260224 1751646208 -1989935104 -1436286976 
1092878336 1768685568 -1850736640 -1174929408 -499122176 463470592 1139015680 1814822912 -1804337152 -1128792064 -452984832 222822400 898367488 1574174720 -2044985344 -1369440256 -693633024 -17825792 657719296 1333526528 2009333760 -1610088448 -934281216 -258473984 417071104 
-1470889984 -672923648 125042688 923009024 1720975360 -1776025600 547356672 1345323008 2143289344 -1353711616 -555745280 242221056 1040187392 1838153728 -1658847232 -860880896 -62914560 735051776 1533018112 -1963720704 -1165754368 -367788032 430178304 1228144640 2026110976 
15728640 936116224 1856241664 -1518338048 -598212608 322174976 1242300416 631242752 1551368192 -1823211520 -903086080 17301504 937426944 1857552384 -1517027328 -596901888 323485696 1243611136 -2130968576 -1210843136 -290455552 629669888 1550057472 -1824784384 -904396800 
1258029056 -1994391552 -952107008 90439680 1132986368 -2119434240 -1076887552 -34340864 715128832 1757675520 -1495007232 -452460544 590086144 1632632832 -1619787776 -577241088 465305600 1507852288 -1744830464 -702283776 340262912 1382809600 -1869611008 -827064320 215482368 
-2039480320 -874512384 290193408 1454899200 -1675362304 -510394368 654311424 1819017216 -1310982144 799014912 1963720704 -1166540800 -1572864 1163132928 -1967128576 -802422784 362545152 1527250944 -1603010560 -438042624 726663168 1891368960 -1238892544 -73924608 1090781184 
-1286340608 786432 1287651328 -1720188928 -433061888 854065152 2140930048 -866910208 420216832 1707081728 882900992 -2125201408 -838074368 449052672 1735917568 -1271922688 15204352 1302331392 -1705771008 -418643968 868483072 -2139619328 -852492288 434634752 1721499648 
-777781248 631504896 2040791040 -844890112 564658176 1973944320 -911736832 497549312 1906835456 -978845696 430440448 966787072 -1918894080 -509607936 899678208 -1986002944 -576716800 832569344 -2053111808 -643563520 765722624 -2119958528 -710672384 698613760 2107899904 
-513802240 1017905152 -1745616896 -213909504 1317535744 -1445724160 85721088 1617428480 -1146093568 385613824 1917059072 -846200832 1050673152 -1712848896 -181141504 1350303744 -1412956160 118489088 1650196480 -1113325568 418381824 1949827072 -813432832 718012416 -2045247488 
-494141440 1159725056 -1481375744 172228608 1826095104 -815005696 838860800 -1802240000 -148373504 1505492992 -1135607808 518258688 -2122842112 1134559232 -1506541568 147324928 1800929280 -840171520 813694976 -1827405824 -173539328 1480327168 -1160773632 493092864 2146959360 
-719323136 1056964608 -1461977088 314048512 2090336256 -428605440 1347420160 -1171259392 604766208 -1914175488 -138149888 1638137856 -880803840 895221760 1218445312 -1300496384 475529216 -2043150336 -267124736 1508900864 -1009778688 766246912 -1752694784 23592960 1799618560 
-1188823040 709623808 -1687158784 211288064 2109734912 -286785536 1611399168 -785121280 1113325568 -1283194880 614989824 -1781530624 116916224 2015100928 -381419520 1302331392 -1094189056 803995648 -1592524800 305922048 -2090860544 -192413696 1706033152 -690487296 1207697408 
-1902903296 117702656 2138308608 -136052736 1884815360 -389545984 1631059968 -643301376 1377304576 -897056768 1123549184 -1150812160 870055936 -1404305408 616300544 -1658060800 1386217472 -888143872 1132462080 -1141899264 878706688 -1395654656 625213440 -1649147904 371458048 
1433403392 -718536704 1424228352 -727711744 1415053312 -736886784 1405878272 -746061824 1396703232 -755236864 1387790336 -764411904 1378615296 -773586944 1369440256 -782761984 1360265216 1470103552 -682098688 1460928512 -691273728 1451753472 -700186624 1442578432 -709361664 
230162432 -1799618560 465567744 -1564213248 700973056 -1328807936 936378368 -1093402624 1171783680 -857997312 1407188992 -622592000 1642594304 -387186688 1877999616 -151781376 2113404928 83623936 1553989632 -475791360 1789394944 -240386048 2024800256 -4980736 -2034761728 
-1217396736 1169948672 -737411072 1649934336 -257687552 2129920000 222298112 -1685323776 702283776 -1205338112 1182007296 -725352448 1661992960 -245366784 2141978624 234356736 -1673003008 714342400 -1193279488 1637875712 -269746176 2117861376 210239488 -1697382400 690225152 
1385431040 -400031744 2109734912 324534272 -1460666368 1048838144 -736362496 1773404160 -11796480 -1797259264 712507392 -1072693248 1437073408 -348127232 -2133590016 376176640 -1409024000 1100742656 -684720128 1825046528 1721761792 -63438848 -1848901632 660865024 -1124335616 
-551288832 2080636928 417595392 -1245446144 1386479616 -276561920 -1939341312 692584448 -970457088 1661468672 -1572864 -1664614400 967573504 -695468032 1936457728 273416192 -1389625344 1242300416 -420741120 -2083520512 548405248 1805647872 142606336 -1520435200 1111490560 
1562378240 21495808 -1519124480 1234960384 -305659904 -1846542336 907804672 -632815616 2121269248 580648960 -960233472 1794113536 253231104 -1287389184 1466957824 -73924608 -1614544896 1139539968 -401080320 -1941962752 812384256 -728236032 1889533952 348651520 -1191968768 
-863502336 2013003776 594542592 -823918592 2052587520 634126336 -784334848 2092171264 673710080 -744751104 2131755008 713293824 -705167360 -2123628544 752877568 -665583616 -2084306944 792199168 -626262016 -2044723200 831782912 -586678272 -2005139456 1973420032 554958848 
761004032 -535035904 -1831337984 1167327232 -128712704 -1425014784 1573912576 277610496 -1018691584 1980235776 683933696 -612106240 -1908408320 1090256896 -205783040 -1502085120 1496580096 200540160 -1095761920 1903165440 606863360 -689438720 -1985478656 1013186560 2057306112 
RESULT of PG * Gt of Matrix with size 25 X 25


2883584 2883584 2883584 2883584 2883584 2883584 2883584 2883584 2883584 2883584 3145728 3145728 3145728 3145728 3145728 3145728 3145728 3145728 3145728 3145728 3145728 3145728 3145728 3145728 3145728 
3145728 2883584 2883584 2883584 2883584 2883584 2883584 2883584 2883584 2883584 3145728 3145728 3145728 3145728 3145728 3145728 3145728 3145728 3145728 3145728 3145728 3145728 3145728 3145728 3145728 
3145728 3145728 2883584 2883584 2883584 2883584 2883584 2883584 2883584 2883584 3145728 3145728 3145728 3145728 3145728 3145728 3145728 3145728 3145728 3145728 3145728 3145728 3145728 3145728 3145728 
3145728 3145728 3145728 2883584 2883584 2883584 2883584 2883584 2883584 2883584 3145728 3145728 3145728 3145728 3145728 3145728 3145728 3145728 3145728 3145728 3145728 3145728 3145728 3145728 3145728 
3145728 3145728 3145728 3145728 2883584 2883584 2883584 2883584 2883584 3145728 3145728 3145728 3145728 3145728 3145728 3145728 3145728 3145728 3145728 3145728 3145728 3145728 3145728 3145728 3145728 
3145728 3145728 3145728 3145728 3145728 2883584 2883584 2883584 2883584 3145728 3145728 3145728 3145728 3145728 3145728 3145728 3145728 3145728 3145728 3145728 3145728 3145728 3145728 3145728 3145728 
3145728 3145728 3145728 3145728 3145728 3145728 2883584 2883584 2883584 2883584 3145728 3145728 3145728 3145728 3145728 3145728 3145728 3145728 3145728 3145728 3145728 3145728 3145728 3145728 3145728 
3145728 3145728 3145728 3145728 3145728 3145728 3145728 2883584 2883584 2883584 3145728 3145728 3145728 3145728 3145728 3145728 3145728 3145728 3145728 3145728 3145728 3145728 3145728 3145728 3145728 
3145728 3145728 3145728 3145728 3145728 3145728 3145728 3145728 2883584 2883584 3145728 3145728 3145728 3145728 3145728 3145728 3145728 3145728 3145728 3145728 3145728 3145728 3145728 3145728 3145728 
3145728 3145728 3145728 3145728 3145728 3145728 3145728 3145728 3145728 2883584 3145728 3145728 3145728 3145728 3145728 3145728 3145728 3145728 3145728 3145728 3145728 3145728 3145728 3145728 3145728 
3145728 3145728 3145728 3145728 3145728 3145728 3145728 3145728 3145728 3145728 3145728 3145728 3145728 3145728 3145728 3145728 3145728 3145728 3145728 3145728 3145728 3145728 3145728 3145728 3145728 
3145728 3145728 3145728 3145728 3145728 3145728 3145728 3145728 3145728 3145728 3145728 3145728 3145728 3145728 3145728 3145728 3145728 3145728 3145728 3145728 3145728 3145728 3145728 3145728 3145728 
3145728 3145728 3145728 3145728 3145728 3145728 3145728 3145728 3145728 3145728 3145728 3145728 3145728 3145728 3145728 3145728 3145728 3145728 3145728 3145728 3145728 3145728 3145728 3145728 3145728 
3145728 3145728 3145728 3145728 3145728 3145728 3145728 3145728 3145728 3145728 3145728 3145728 3145728 3145728 3145728 3145728 3145728 3145728 3145728 3145728 3145728 3145728 3145728 3145728 3145728 
3145728 3145728 3145728 3145728 3145728 3145728 3145728 3145728 3145728 3145728 3145728 3145728 3145728 3145728 3145728 3145728 3145728 3145728 3145728 3145728 3145728 3145728 3145728 3145728 3145728 
3145728 3145728 3145728 3145728 3145728 3145728 3145728 3145728 3145728 3145728 3145728 3145728 3145728 3145728 3145728 3145728 3145728 3145728 3145728 3145728 3145728 3145728 3145728 3145728 3145728 
3145728 3145728 3145728 3145728 3145728 3145728 3145728 3145728 3145728 3145728 3145728 3145728 3145728 3145728 3145728 3145728 3145728 3145728 3145728 3145728 3145728 3145728 3145728 3145728 3145728 
3145728 3145728 3145728 3145728 3145728 3145728 3145728 3145728 3145728 3145728 3145728 3145728 3145728 3145728 3145728 3145728 3145728 3145728 3145728 3145728 3145728 3145728 3145728 3145728 3145728 
3145728 3145728 3145728 3145728 3145728 3145728 3145728 3145728 3145728 3145728 3145728 3145728 3145728 3145728 3145728 3145728 3145728 3145728 3145728 3145728 3145728 3145728 3145728 3145728 3145728 
3145728 3145728 3145728 3145728 3145728 3145728 3145728 3145728 3145728 3145728 3145728 3145728 3145728 3145728 3145728 3145728 3145728 3145728 3407872 3145728 3145728 3145728 3145728 3145728 3145728 
3145728 3145728 3145728 3145728 3145728 3145728 3145728 3145728 3145728 3145728 3145728 3145728 3145728 3145728 3145728 3145728 3145728 3145728 3407872 3407872 3145728 3145728 3145728 3145728 3145728 
3145728 3145728 3145728 3145728 3145728 3145728 3145728 3145728 3145728 3145728 3145728 3145728 3145728 3145728 3145728 3145728 3145728 3145728 3407872 3407872 3407872 3145728 3145728 3145728 3145728 
3145728 3145728 3145728 3145728 3145728 3145728 3145728 3145728 3145728 3145728 3145728 3145728 3145728 3145728 3145728 3145728 3145728 3145728 3407872 3407872 3407872 3407872 3145728 3145728 3145728 
3145728 3145728 3145728 3145728 3145728 3145728 3145728 3145728 3145728 3145728 3145728 3145728 3145728 3145728 3145728 3145728 3145728 3145728 3407872 3407872 3407872 3407872 3407872 3145728 3145728 
3145728 3145728 3145728 3145728 3145728 3145728 3145728 3145728 3145728 3145728 3145728 3145728 3145728 3145728 3145728 3145728 3145728 3145728 3407872 3407872 3407872 3407872 3407872 3407872 3145728 
RESULT of Pt * G of Matrix with size 25 X 25


-1687420928 -1608253440 -1529085952 -1449918464 -1370750976 -1291583488 -1212416000 -1133248512 -1053818880 -974651392 -895483904 -816316416 -737148928 -657981440 -578813952 -499646464 -420478976 -341049344 -261881856 -182714368 -103546880 -24379392 54788096 133955584 213123072 
277610496 -1627914240 -1548484608 -1469054976 -1389625344 -1310195712 -1230766080 -1151336448 -1072168960 -992739328 -913309696 -833880064 -754450432 -675020800 -595591168 -516423680 -436994048 -357564416 -278134784 -198705152 -119275520 -39845888 39321600 118751232 198180864 
262406144 342097920 -1568145408 -1488453632 -1409024000 -1329332224 -1249640448 -1170210816 -1090519040 -1011089408 -931397632 -851705856 -772276224 -692584448 -613154816 -533463040 -453771264 -374341632 -294649856 -215220224 -135528448 -55836672 23592960 103284736 182714368 
246939648 326631424 406323200 -1508376576 -1428684800 -1348730880 -1269039104 -1189347328 -1109393408 -1029701632 -950009856 -870055936 -790364160 -710672384 -630718464 -551026688 -471334912 -391380992 -311689216 -231997440 -152043520 -72351744 7340032 87293952 166985728 
230948864 310902784 390856704 470810624 -1448607744 -1368653824 -1288699904 -1208745984 -1128792064 -1048838144 -968884224 -888930304 -808976384 -729022464 -648806400 -568852480 -488898560 -408944640 -328990720 -249036800 -169082880 -89128960 -9175040 70778880 150732800 
214433792 294649856 374865920 455081984 535035904 -1389101056 -1308884992 -1228668928 -1148452864 -1068236800 -988020736 -908066816 -827850752 -747634688 -667418624 -587202560 -506986496 -427032576 -346816512 -266600448 -186384384 -106168320 -25952256 54001664 134217728 
197656576 278134784 358350848 438829056 519307264 599523328 -1329332224 -1248854016 -1168637952 -1088159744 -1007943680 -927465472 -846987264 -766771200 -686292992 -606076928 -525598720 -445382656 -364904448 -284426240 -204210176 -123731968 -43515904 36962304 117440512 
180617216 261095424 341573632 422313984 502792192 583270400 664010752 -1269563392 -1189085184 -1108606976 -1027866624 -947388416 -866910208 -786169856 -705691648 -625213440 -544473088 -463994880 -383516672 -302776320 -222298112 -141819904 -61079552 19398656 99876864 
163053568 243793920 324534272 405274624 486014976 566755328 647495680 728236032 -1209794560 -1129054208 -1048313856 -967573504 -886833152 -806092800 -725352448 -644612096 -563871744 -483131392 -402391040 -321650688 -240910336 -159907840 -79167488 1572864 82313216 
144965632 225968128 306970624 387973120 468975616 549978112 630718464 711720960 792723456 -1150287872 -1069285376 -988282880 -907280384 -826277888 -745537536 -664535040 -583532544 -502530048 -421527552 -340787200 -259784704 -178782208 -97779712 -16777216 64225280 
126615552 207880192 289144832 370147328 451411968 532414464 613679104 694681600 775946240 857210880 -1090519040 -1009254400 -928251904 -846987264 -765984768 -684720128 -603717632 -522452992 -441188352 -360185856 -278921216 -197918720 -116654080 -35651584 45613056 
108003328 189267968 270794752 352059392 433324032 514850816 596115456 677380096 758906880 840171520 921436160 -1030750208 -949485568 -868220928 -786694144 -705429504 -624164864 -542638080 -461373440 -380108800 -298582016 -217317376 -136052736 -54788096 26738688 
88866816 170393600 251920384 333447168 414973952 496762880 578289664 659816448 741343232 822870016 904396800 985923584 -971243520 -889716736 -807927808 -726401024 -644874240 -563347456 -481820672 -400293888 -318767104 -237240320 -155713536 -74186752 7340032 
69468160 151257088 232783872 314572800 396361728 478150656 559939584 641466368 723255296 805044224 886833152 968622080 1050411008 -911474688 -829685760 -747896832 -666107904 -584581120 -502792192 -421003264 -339214336 -257425408 -175898624 -94109696 -12320768 
49545216 131334144 213385216 295436288 377225216 459276288 541065216 623116288 704905216 786956288 868745216 950796288 1032847360 1114636288 -851705856 -769916928 -687865856 -606076928 -524025856 -441974784 -360185856 -278134784 -196345856 -114294784 -32505856 
29360128 111411200 193462272 275513344 357826560 439877632 521928704 604241920 686292992 768344064 850657280 932708352 1014759424 1096810496 1179123712 -791937024 -709885952 -627834880 -545783808 -463470592 -381419520 -299368448 -217055232 -135004160 -52953088 
8650752 90963968 173277184 255590400 337903616 420216832 502530048 584843264 667156480 749469696 831782912 914096128 996409344 1078722560 1161035776 1243348992 -732430336 -650117120 -567803904 -485490688 -403177472 -320602112 -238288896 -155975680 -73662464 
-12582912 69992448 152567808 235143168 317718528 400031744 482607104 565182464 647757824 730071040 812646400 895221760 977797120 1060372480 1142685696 1225261056 1307836416 -672661504 -590086144 -507510784 -425197568 -342622208 -260046848 -177471488 -94896128 
-34078720 48758784 131596288 214171648 297009152 379584512 462422016 544997376 627834880 710410240 793247744 875823104 958660608 1041498112 1124073472 1206910976 1289486336 1372323840 -612892672 -530317312 -447479808 -364904448 -282066944 -199491584 -116654080 
-55836672 27000832 110100480 192937984 275775488 358875136 441712640 524550144 607387648 690487296 773324800 856162304 939261952 1022099456 1104936960 1187774464 1270874112 1353711616 1436549120 -553385984 -470286336 -387448832 -304611328 -221511680 -138674176 
-78118912 4980736 88080384 171180032 254279680 337379328 420741120 503840768 586940416 670040064 753139712 836239360 919339008 1002438656 1085538304 1168637952 1251737600 1334837248 1417936896 1501036544 -493617152 -410517504 -327417856 -244318208 -161218560 
-100663296 -17301504 66060288 149159936 232521728 315883520 399245312 482344960 565706752 649068544 732430336 815792128 898891776 982253568 1065615360 1148977152 1232076800 1315438592 1398800384 1482162176 1565523968 -433848320 -350486528 -267386880 -184025088 
-123731968 -40108032 43253760 126877696 210239488 293863424 377225216 460849152 544210944 627834880 711196672 794820608 878182400 961806336 1045430272 1128792064 1212416000 1295777792 1379401728 1462763520 1546387456 1629749248 -374079488 -290717696 -207093760 
-147062784 -63438848 20185088 104071168 187695104 271319040 354942976 438829056 522452992 606076928 689963008 773586944 857210880 940834816 1024720896 1108344832 1191968768 1275592704 1359478784 1443102720 1526726656 1610612736 1694236672 -314572800 -230686720 
-170917888 -87031808 -3145728 80740352 164626432 248512512 332398592 416284672 500170752 584056832 667942912 751828992 835715072 919601152 1003487232 1087373312 1171259392 1255145472 1339031552 1422917632 1506803712 1590689792 1674575872 1758461952 -254803968 
RESULT of [PG]t * G of Matrix with size 25 X 25


0 262144 262144 524288 786432 1048576 1048576 1310720 1572864 1572864 1835008 2097152 2359296 2359296 2621440 2883584 2883584 3145728 3407872 3670016 3670016 3932160 4194304 4456448 4456448 
4456448 0 262144 262144 524288 786432 1048576 1048576 1310720 1572864 1572864 1835008 2097152 2359296 2359296 2621440 2883584 3145728 3145728 3407872 3670016 3670016 3932160 4194304 4456448 
4456448 4456448 0 262144 262144 524288 786432 1048576 1048576 1310720 1572864 1835008 1835008 2097152 2359296 2359296 2621440 2883584 3145728 3145728 3407872 3670016 3670016 3932160 4194304 
4194304 4456448 4456448 0 262144 262144 524288 786432 1048576 1048576 1310720 1572864 1835008 1835008 2097152 2359296 2359296 2621440 2883584 3145728 3145728 3407872 3670016 3670016 3932160 
3932160 4194304 4456448 4456448 0 262144 262144 524288 786432 1048576 1048576 1310720 1572864 1835008 1835008 2097152 2359296 2359296 2621440 2883584 3145728 3145728 3407872 3670016 3932160 
3932160 3932160 4194304 4456448 4718592 0 262144 262144 524288 786432 1048576 1048576 1310720 1572864 1835008 1835008 2097152 2359296 2359296 2621440 2883584 3145728 3145728 3407872 3670016 
3670016 3932160 3932160 4194304 4456448 4718592 0 262144 262144 524288 786432 1048576 1048576 1310720 1572864 1835008 1835008 2097152 2359296 2621440 2621440 2883584 3145728 3145728 3407872 
3407872 3670016 3932160 3932160 4194304 4456448 4718592 0 262144 262144 524288 786432 1048576 1048576 1310720 1572864 1835008 1835008 2097152 2359296 2621440 2621440 2883584 3145728 3145728 
3407872 3407872 3670016 3932160 3932160 4194304 4456448 4718592 0 262144 262144 524288 786432 1048576 1048576 1310720 1572864 1835008 1835008 2097152 2359296 2621440 2621440 2883584 3145728 
3145728 3407872 3407872 3670016 3932160 4194304 4194304 4456448 4718592 0 262144 262144 524288 786432 1048576 1048576 1310720 1572864 1835008 1835008 2097152 2359296 2621440 2621440 2883584 
2883584 3145728 3407872 3407872 3670016 3932160 4194304 4194304 4456448 4718592 0 262144 262144 524288 786432 1048576 1048576 1310720 1572864 1835008 1835008 2097152 2359296 2621440 2621440 
2621440 2883584 3145728 3407872 3407872 3670016 3932160 4194304 4194304 4456448 4718592 0 262144 262144 524288 786432 1048576 1048576 1310720 1572864 1835008 1835008 2097152 2359296 2621440 
2621440 2621440 2883584 3145728 3407872 3407872 3670016 3932160 4194304 4194304 4456448 4718592 0 262144 524288 524288 786432 1048576 1048576 1310720 1572864 1835008 1835008 2097152 2359296 
2359296 2621440 2621440 2883584 3145728 3407872 3407872 3670016 3932160 4194304 4194304 4456448 4718592 0 262144 524288 524288 786432 1048576 1310720 1310720 1572864 1835008 1835008 2097152 
2097152 2359296 2621440 2883584 2883584 3145728 3407872 3670016 3670016 3932160 4194304 4456448 4456448 4718592 0 262144 524288 524288 786432 1048576 1310720 1310720 1572864 1835008 2097152 
2097152 2097152 2359296 2621440 2883584 2883584 3145728 3407872 3670016 3670016 3932160 4194304 4456448 4456448 4718592 0 262144 524288 524288 786432 1048576 1310720 1310720 1572864 1835008 
1835008 2097152 2097152 2359296 2621440 2883584 2883584 3145728 3407872 3670016 3670016 3932160 4194304 4456448 4456448 4718592 0 262144 524288 524288 786432 1048576 1310720 1310720 1572864 
1572864 1835008 2097152 2097152 2359296 2621440 2883584 2883584 3145728 3407872 3670016 3670016 3932160 4194304 4456448 4456448 4718592 0 262144 524288 524288 786432 1048576 1310720 1310720 
1310720 1572864 1835008 2097152 2097152 2359296 2621440 2883584 2883584 3145728 3407872 3670016 3670016 3932160 4194304 4456448 4718592 4718592 0 262144 524288 524288 786432 1048576 1310720 
1310720 1310720 1572864 1835008 2097152 2097152 2359296 2621440 2883584 2883584 3145728 3407872 3670016 3932160 3932160 4194304 4456448 4718592 4718592 0 262144 524288 524288 786432 1048576 
1048576 1310720 1310720 1572864 1835008 2097152 2097152 2359296 2621440 2883584 3145728 3145728 3407872 3670016 3932160 3932160 4194304 4456448 4718592 4718592 0 262144 524288 524288 786432 
786432 1048576 1310720 1310720 1572864 1835008 2097152 2097152 2359296 2621440 2883584 3145728 3145728 3407872 3670016 3932160 3932160 4194304 4456448 4718592 4718592 0 262144 524288 524288 
524288 786432 1048576 1310720 1310720 1572864 1835008 2097152 2097152 2359296 2621440 2883584 3145728 3145728 3407872 3670016 3932160 3932160 4194304 4456448 4718592 4980736 0 262144 524288 
524288 524288 786432 1048576 1310720 1310720 1572864 1835008 2097152 2359296 2359296 2621440 2883584 3145728 3145728 3407872 3670016 3932160 3932160 4194304 4456448 4718592 4980736 0 262144 
262144 524288 524288 786432 1048576 1310720 1310720 1572864 1835008 2097152 2359296 2359296 2621440 2883584 3145728 3145728 3407872 3670016 3932160 4194304 4194304 4456448 4718592 4980736 0 
RESULT of Pt * Gt of Matrix with size 25 X 25


44040192 127926272 211812352 295698432 379584512 463470592 547356672 631242752 715128832 799014912 882900992 966787072 1050673152 1134559232 1218445312 1302331392 1386217472 1470103552 1553989632 1637875712 1721761792 1805647872 1889533952 1973420032 2057306112 
761004032 108265472 314572800 520617984 726663168 932970496 1139015680 1345323008 1551368192 1757675520 1963720704 -2125201408 -1918894080 -1712848896 -1506541568 -1300496384 -1094189056 -888143872 -682098688 -475791360 -269746176 -63438848 142606336 348651520 554958848 
-863502336 -535035904 172752896 501219328 829423616 1157890048 1486356480 1814822912 2143289344 -1823211520 -1495007232 -1166540800 -838074368 -509607936 -181141504 147324928 475529216 803995648 1132462080 1460928512 1789394944 2117861376 -1848901632 -1520435200 -1191968768 
1562378240 2013003776 -1831337984 236978176 687865856 1138491392 1589116928 2039742464 -1804337152 -1353711616 -903086080 -452460544 -1572864 449052672 899678208 1350303744 1800929280 -2043150336 -1592524800 -1141899264 -691273728 -240386048 210239488 660865024 1111490560 
-551288832 21495808 594542592 1167327232 301465600 874512384 1447297024 2020343808 -1701576704 -1128792064 -555745280 17301504 590086144 1163132928 1735917568 -1986002944 -1412956160 -840171520 -267124736 305922048 878706688 1451753472 2024800256 -1697382400 -1124335616 
1385431040 2080636928 -1519124480 -823918592 -128712704 365953024 1061158912 1756364800 -1843396608 -1148190720 -452984832 242221056 937426944 1632632832 -1967128576 -1271922688 -576716800 118489088 813694976 1508900864 -2090860544 -1395654656 -700186624 -4980736 690225152 
-1217396736 -400031744 417595392 1234960384 2052587520 -1425014784 430178304 1247805440 2065170432 -1412169728 -594804736 222822400 1040187392 1857552384 -1619787776 -802422784 15204352 832569344 1650196480 -1827405824 -1009778688 -192413696 625213440 1442578432 -2034761728 
230162432 1169948672 2109734912 -1245446144 -305659904 634126336 1573912576 494665728 1434451968 -1920729088 -980942848 -41418752 898367488 1838153728 -1517027328 -577241088 362545152 1302331392 -2053111808 -1113325568 -173539328 766246912 1706033152 -1649147904 -709361664 
1433403392 -1799618560 -737411072 324534272 1386479616 -1846542336 -784334848 277610496 559153152 1621098496 -1611923456 -549978112 512229376 1574174720 -1658847232 -596901888 465305600 1527250944 -1705771008 -643563520 418381824 1480327168 -1752694784 -690487296 371458048 
-1902903296 -718536704 465567744 1649934336 -1460666368 -276561920 907804672 2092171264 -1018691584 623378432 1807745024 -1302855680 -118751232 1065615360 -2044985344 -860880896 323485696 1507852288 -1603010560 -418643968 765722624 1949827072 -1160773632 23592960 1207697408 
-1188823040 117702656 1424228352 -1564213248 -257687552 1048838144 -1939341312 -632815616 673710080 1980235776 687865856 1994391552 -994050048 312475648 1619001344 -1369440256 -62914560 1243611136 -1744830464 -438042624 868483072 -2119958528 -813432832 493092864 1799618560 
-719323136 709623808 2138308608 -727711744 700973056 2129920000 -736362496 692584448 2121269248 -744751104 683933696 752091136 -2113929216 -685244416 743702528 -2122579968 -693633024 735051776 -2130968576 -702283776 726663168 -2139619328 -710672384 718012416 2146959360 
-494141440 1056964608 -1687158784 -136052736 1415053312 -1328807936 222298112 1773404160 -970457088 580648960 2131755008 -612106240 816578560 -1927282688 -376176640 1174929408 -1568931840 -17825792 1533018112 -1210843136 340262912 1891368960 -852492288 698613760 -2045247488 
-513802240 1159725056 -1461977088 211288064 1884815360 -736886784 936378368 -1685323776 -11796480 1661468672 -960233472 713293824 -1908408320 881065984 -1740636160 -67371008 1606156288 -1015545856 657719296 -1963720704 -290455552 1382809600 -1238892544 434634752 2107899904 
-777781248 1017905152 -1481375744 314048512 2109734912 -389545984 1405878272 -1093402624 702283776 -1797259264 -1572864 1794113536 -705167360 1090256896 945291264 -1553989632 241696768 2037121024 -462159872 1333526528 -1165754368 629669888 -1869611008 -73924608 1721499648 
-1286340608 631504896 -1745616896 172228608 2090336256 -286785536 1631059968 -746061824 1171783680 -1205338112 712507392 -1664614400 253231104 -2123628544 -205783040 1009778688 -1367343104 550502400 -1826619392 91226112 2009333760 -367788032 1550057472 -827064320 1090781184 
-2039480320 786432 2040791040 -213909504 1826095104 -428605440 1611399168 -643301376 1396703232 -857997312 1182007296 -1072693248 967573504 -1287389184 752877568 -1502085120 1074266112 -1180696576 859570176 -1395392512 644874240 -1610088448 430178304 -1824784384 215482368 
1258029056 -874512384 1287651328 -844890112 1317535744 -815005696 1347420160 -785121280 1377304576 -755236864 1407188992 -725352448 1437073408 -695468032 1466957824 -665583616 1496580096 1138491392 -994050048 1168375808 -964165632 1198260224 -934281216 1228144640 -904396800 
15728640 -1994391552 290193408 -1720188928 564658176 -1445724160 838860800 -1171259392 1113325568 -897056768 1387790336 -622592000 1661992960 -348127232 1936457728 -73924608 -2084306944 200540160 1202978816 -807403520 1477443584 -532938752 1751646208 -258473984 2026110976 
-1470889984 936116224 -952107008 1454899200 -433061888 1973944320 85721088 -1802240000 604766208 -1283194880 1123549184 -764411904 1642594304 -245366784 -2133590016 273416192 -1614544896 792199168 -1095761920 1267466240 -620756992 1786249216 -101711872 -1989935104 417071104 
1092878336 -672923648 1856241664 90439680 -1675362304 854065152 -911736832 1617428480 -148373504 -1914175488 614989824 -1150812160 1378615296 -387186688 2141978624 376176640 -1389625344 1139539968 -626262016 1903165440 1331691520 -434110464 2095054848 329515008 -1436286976 
-882900992 1768685568 125042688 -1518338048 1132986368 -510394368 2140930048 497549312 -1146093568 1505492992 -138149888 -1781530624 870055936 -773586944 1877999616 234356736 -1409024000 1242300416 -401080320 -2044723200 606863360 1396178944 -247463936 -1890844672 760479744 
1191706624 -329515008 -1850736640 923009024 -598212608 -2119434240 654311424 -866910208 1906835456 385613824 -1135607808 1638137856 116916224 -1404305408 1369440256 -151781376 -1673003008 1100742656 -420741120 -1941962752 831782912 -689438720 1460404224 -60817408 -1582039040 
-1272971264 1622933504 223870976 -1174929408 1720975360 322174976 -1076887552 1819017216 420216832 -978845696 1917059072 518258688 -880803840 2015100928 616300544 -782761984 2113404928 714342400 -684720128 -2083520512 812384256 -586678272 -1985478656 1524891648 125829120 
312475648 -964165632 2054160384 777519104 -499122176 -1776025600 1242300416 -34340864 -1310982144 1707081728 430440448 -846200832 -2122842112 895221760 -381419520 -1658060800 1360265216 83623936 -1193279488 1825046528 548405248 -728236032 -2005139456 1013186560 1589379072 
RESULT of [PG]t * Gt of Matrix with size 25 X 25


