0 0 0 0 0 0 0 0 0 0 0 0 0 0 0 0 0 0 0 0 0 0 0 0 0 0 
0 0 0 0 0 0 0 0 0 0 0 0 0 0 0 0 0 0 0 0 0 0 0 0 0 0 
0 0 0 0 0 0 0 0 0 0 0 0 0 0 0 0 0 0 0 0 0 0 0 0 0 0 
0 0 0 0 0 0 0 0 0 0 0 0 0 0 0 0 0 0 0 0 0 0 0 0 0 0 
0 0 0 0 0 0 0 0 0 0 0 0 0 0 0 0 0 0 0 0 0 0 0 0 0 0 
0 0 0 0 0 0 0 0 0 0 0 0 0 0 0 0 0 0 0 0 0 0 0 0 0 0 
0 0 0 0 0 0 0 0 0 0 0 0 0 0 0 0 0 0 0 0 0 0 0 0 0 0 
0 0 0 0 0 0 0 0 0 0 0 0 0 0 0 0 0 0 0 0 0 0 0 0 0 0 
0 0 0 0 0 0 0 0 0 0 0 0 0 0 0 0 0 0 0 0 0 0 0 0 0 0 
0 0 0 0 0 0 0 0 0 0 0 0 0 0 0 0 0 0 0 0 0 0 0 0 0 0 
0 0 0 0 0 0 0 0 0 0 0 0 0 0 0 0 0 0 0 0 0 0 0 0 0 0 
0 0 0 0 0 0 0 0 0 0 0 0 0 0 0 0 0 0 0 0 0 0 0 0 0 0 
0 0 0 0 0 0 0 0 0 0 0 0 0 0 0 0 0 0 0 0 0 0 0 0 0 0 
0 0 0 0 0 0 0 0 0 0 0 0 0 0 0 0 0 0 0 0 0 0 0 0 0 0 
0 0 0 0 0 0 0 0 0 0 0 0 0 0 0 0 0 0 0 0 0 0 0 0 0 0 
0 0 0 0 0 0 0 0 0 0 0 0 0 0 0 0 0 0 0 0 0 0 0 0 0 0 
0 0 0 0 0 0 0 0 0 0 0 0 0 0 0 0 0 0 0 0 0 0 0 0 0 0 
0 0 0 0 0 0 0 0 0 0 0 0 0 0 0 0 0 0 0 0 0 0 0 0 0 0 
0 0 0 0 0 0 0 0 0 0 0 0 0 0 0 0 0 0 0 0 0 0 0 0 0 0 
0 0 0 0 0 0 0 0 0 0 0 0 0 0 0 0 0 0 0 0 0 0 0 0 0 0 
0 0 0 0 0 0 0 0 0 0 0 0 0 0 0 0 0 0 0 0 0 0 0 0 0 0 
0 0 0 0 0 0 0 0 0 0 0 0 0 0 0 0 0 0 0 0 0 0 0 0 0 0 
0 0 0 0 0 0 0 0 0 0 0 0 0 0 0 0 0 0 0 0 0 0 0 0 0 0 
0 0 0 0 0 0 0 0 0 0 0 0 0 0 0 0 0 0 0 0 0 0 0 0 0 0 
0 0 0 0 0 0 0 0 0 0 0 0 0 0 0 0 0 0 0 0 0 0 0 0 0 0 
0 0 0 0 0 0 0 0 0 0 0 0 0 0 0 0 0 0 0 0 0 0 0 0 0 0 
INITIAL DATA of Matrix with size 26 X 26


0 0 0 0 0 0 0 0 0 0 0 0 0 0 0 0 0 0 0 0 0 0 0 0 0 0 
262144 262144 262144 262144 262144 262144 262144 262144 262144 262144 262144 262144 262144 262144 262144 262144 262144 262144 262144 262144 262144 262144 262144 262144 262144 262144 
524288 524288 524288 524288 524288 524288 524288 524288 524288 524288 524288 524288 524288 524288 524288 524288 524288 524288 524288 524288 524288 524288 524288 524288 524288 524288 
786432 786432 786432 786432 786432 786432 786432 786432 786432 786432 786432 786432 786432 786432 786432 786432 786432 786432 786432 786432 786432 786432 786432 786432 786432 786432 
1048576 1048576 1048576 1048576 786432 786432 786432 786432 786432 1048576 1048576 1048576 1048576 1048576 1048576 1048576 1048576 1048576 1048576 1048576 1048576 1048576 1048576 1048576 1048576 1048576 
1310720 1310720 1310720 1310720 1310720 1048576 1048576 1048576 1048576 1048576 1048576 1048576 1048576 1048576 1048576 1048576 1048576 1048576 1048576 1048576 1048576 1310720 1310720 1310720 1310720 1310720 
1310720 1310720 1310720 1572864 1572864 1572864 1310720 1310720 1310720 1310720 1310720 1310720 1310720 1310720 1310720 1310720 1310720 1310720 1310720 1310720 1310720 1310720 1310720 1310720 1310720 1310720 
1572864 1572864 1572864 1572864 1572864 1572864 1572864 1572864 1572864 1572864 1572864 1572864 1572864 1572864 1572864 1572864 1572864 1572864 1572864 1572864 1572864 1572864 1572864 1572864 1572864 1572864 
1835008 1835008 1835008 1835008 1835008 1835008 1835008 1835008 1835008 1835008 1835008 1835008 1835008 1835008 1835008 1835008 1835008 1835008 1835008 1835008 1835008 1835008 1835008 1835008 1835008 1835008 
2097152 2097152 2097152 2097152 2097152 2097152 2097152 2097152 2097152 2097152 2097152 2097152 2097152 2097152 2097152 2097152 2097152 2097152 2097152 2097152 2097152 2097152 2097152 2097152 2097152 2097152 
2359296 2359296 2359296 2359296 2359296 2359296 2359296 2359296 2359296 2359296 2097152 2359296 2359296 2359296 2359296 2359296 2359296 2359296 2359296 2359296 2359296 2359296 2359296 2359296 2359296 2359296 
2621440 2621440 2621440 2621440 2621440 2621440 2621440 2621440 2621440 2621440 2621440 2359296 2359296 2359296 2359296 2359296 2359296 2621440 2621440 2621440 2621440 2621440 2621440 2621440 2621440 2621440 
2883584 2883584 2883584 2883584 2883584 2883584 2883584 2883584 2883584 2883584 2883584 2883584 2621440 2621440 2621440 2621440 2621440 2621440 2621440 2621440 2621440 2621440 2621440 2883584 2883584 2883584 
2883584 2883584 3145728 3145728 3145728 3145728 3145728 3145728 3145728 3145728 3145728 3145728 3145728 2883584 2883584 2883584 2883584 2883584 2883584 2883584 2883584 2883584 2883584 2883584 2883584 2883584 
3145728 3145728 3145728 3145728 3145728 3145728 3407872 3407872 3407872 3407872 3407872 3407872 3407872 3407872 3145728 3145728 3145728 3145728 3145728 3145728 3145728 3145728 3145728 3145728 3145728 3145728 
3407872 3407872 3407872 3407872 3407872 3407872 3407872 3407872 3407872 3407872 3670016 3670016 3670016 3670016 3670016 3407872 3407872 3407872 3407872 3407872 3407872 3407872 3407872 3407872 3407872 3407872 
3670016 3670016 3670016 3670016 3670016 3670016 3670016 3670016 3670016 3670016 3670016 3670016 3670016 3932160 3932160 3932160 3670016 3670016 3670016 3670016 3670016 3670016 3670016 3670016 3670016 3670016 
3932160 3932160 3932160 3932160 3932160 3932160 3932160 3932160 3932160 3932160 3932160 3932160 3932160 3932160 3932160 3932160 4194304 3670016 3670016 3670016 3932160 3932160 3932160 3932160 3932160 3932160 
4194304 4194304 4194304 4194304 4194304 4194304 4194304 4194304 4194304 4194304 4194304 4194304 4194304 4194304 4194304 4194304 4194304 4194304 3932160 3932160 3932160 3932160 3932160 3932160 4194304 4194304 
4194304 4194304 4456448 4456448 4456448 4456448 4456448 4456448 4456448 4456448 4456448 4456448 4456448 4456448 4456448 4456448 4456448 4456448 4456448 4194304 4194304 4194304 4194304 4194304 4194304 4194304 
4456448 4456448 4456448 4456448 4456448 4456448 4718592 4718592 4718592 4718592 4718592 4718592 4718592 4718592 4718592 4718592 4718592 4718592 4718592 4718592 4456448 4456448 4456448 4456448 4456448 4456448 
4718592 4718592 4718592 4718592 4718592 4718592 4718592 4718592 4718592 4980736 4980736 4980736 4980736 4980736 4980736 4980736 4980736 4980736 4980736 4980736 4980736 4718592 4718592 4718592 4718592 4718592 
4980736 4980736 4980736 4980736 4980736 4980736 4980736 4980736 4980736 4980736 4980736 4980736 5242880 5242880 5242880 5242880 5242880 5242880 5242880 5242880 5242880 5242880 4980736 4980736 4980736 4980736 
5242880 5242880 5242880 5242880 5242880 5242880 5242880 5242880 5242880 5242880 5242880 5242880 5242880 5242880 5242880 5505024 5505024 5505024 5505024 5505024 5505024 5505024 5505024 4980736 4980736 5242880 
5242880 5242880 5505024 5505024 5505024 5505024 5505024 5505024 5505024 5505024 5505024 5505024 5505024 5505024 5505024 5505024 5505024 5505024 5767168 5767168 5767168 5767168 5767168 5767168 5242880 5242880 
5505024 5505024 5505024 5505024 5505024 5505024 5767168 5767168 5767168 5767168 5767168 5767168 5767168 5767168 5767168 5767168 5767168 5767168 5767168 5767168 5767168 6029312 6029312 6029312 6029312 5505024 
RESULT of P * G of Matrix with size 26 X 26


1342701568 1346633728 1350828032 1354760192 1358954496 1362886656 1367080960 1371013120 1375207424 1379401728 1383333888 1387528192 1391460352 1395654656 1399586816 1403781120 1407713280 1411907584 1416101888 1420034048 1424228352 1428160512 1432354816 1436286976 1440481280 1444413440 
-736362496 -987234304 -977010688 -967049216 -957087744 -947126272 -936902656 -926941184 -916979712 -907018240 -896794624 -886833152 -876871680 -866910208 -856686592 -846725120 -836763648 -826802176 -816578560 -806617088 -796655616 -786694144 -776470528 -766509056 -756547584 -746586112 
1361575936 1377566720 978059264 994050048 1010040832 1026031616 1042022400 1058013184 1074003968 1089994752 1105985536 1121976320 1137967104 1153695744 1169686528 1185677312 1201668096 1217658880 1233649664 1249640448 1265631232 1281622016 1297612800 1313603584 1329594368 1345585152 
-847249408 -825491456 -803471360 -1351614464 -1329856512 -1307836416 -1285816320 -1264058368 -1242038272 -1220018176 -1198260224 -1176240128 -1154220032 -1132462080 -1110441984 -1088421888 -1066663936 -1044643840 -1022885888 -1000865792 -978845696 -957087744 -935067648 -913047552 -891289600 -869269504 
1226833920 1254621184 1282670592 1310457856 613679104 641466368 669253632 697303040 725090304 752877568 780926976 808714240 836501504 864550912 892338176 920125440 948174848 975962112 1003749376 1031798784 1059586048 1087373312 1115422720 1143209984 1170997248 1199046656 
-1005846528 -972029952 -938213376 -904396800 -870580224 -1716256768 -1682440192 -1648623616 -1614807040 -1580728320 -1546911744 -1513095168 -1479278592 -1445462016 -1411645440 -1377828864 -1344012288 -1310195712 -1276379136 -1242562560 -1208745984 -1174929408 -1141112832 -1107296256 -1073479680 -1039663104 
1044643840 1084227584 1124073472 1163919360 1203765248 1243348992 249036800 288882688 328728576 368312320 408158208 448004096 487849984 527433728 567279616 607125504 646709248 686555136 726401024 766246912 805830656 845676544 885522432 925368320 964952064 1004797952 
-1211891712 -1166278656 -1120403456 -1074790400 -1028915200 -983302144 -937426944 -2080636928 -2035023872 -1989148672 -1943535616 -1897660416 -1852047360 -1806434304 -1760559104 -1714946048 -1669070848 -1623457792 -1577582592 -1531969536 -1486356480 -1440481280 -1394868224 -1348993024 -1303379968 -1257504768 
814743552 866385920 918028288 969670656 1021313024 1072955392 1124859904 1176502272 -115343360 -63700992 -12058624 39583744 91226112 142868480 194510848 246415360 298057728 349700096 401342464 452984832 504627200 556269568 607911936 659816448 711458816 763101184 
-1465647104 -1407975424 -1350303744 -1292632064 -1234960384 -1177550848 -1119879168 -1062207488 -1004535808 1849688064 1907359744 1965031424 2022703104 2080374784 2138046464 -2099511296 -2041839616 -1984167936 -1926496256 -1868824576 -1811415040 -1753743360 -1696071680 -1638400000 -1580728320 -1523056640 
537133056 600834048 664272896 727973888 791412736 855113728 918552576 982253568 1045954560 1109393408 -479985664 -416284672 -352845824 -289144832 -225705984 -162004992 -98566144 -34865152 28573696 92274688 155713536 219414528 282853376 346554368 409993216 473694208 
-1766850560 -1697382400 -1627652096 -1558183936 -1488715776 -1419247616 -1349779456 -1280049152 -1210580992 -1141112832 -1071644672 1485307904 1554776064 1624244224 1693974528 1763442688 1832910848 1902379008 1971847168 2041577472 2111045632 -2114453504 -2044985344 -1975255040 -1905786880 -1836318720 
212074496 287571968 363069440 438566912 514064384 589561856 665059328 740556800 816054272 891551744 966787072 1042284544 -844365824 -768868352 -693370880 -617873408 -542638080 -467140608 -391643136 -316145664 -240648192 -165150720 -89653248 -14155776 61341696 136839168 
-2115764224 -2034237440 -1952710656 -1871446016 -1789919232 -1708654592 -1627127808 -1545601024 -1464336384 -1382809600 -1301544960 -1220018176 -1138753536 1120927744 1202192384 1283719168 1364983808 1446510592 1528037376 1609302016 1690828800 1772093440 1853620224 1935147008 2016411648 2097938432 
-160432128 -73138176 14155776 101711872 189005824 276299776 363855872 451149824 538443776 625737728 713293824 800587776 887881728 975437824 -1209008128 -1121452032 -1034158080 -946864128 -859308032 -772014080 -684720128 -597426176 -509870080 -422576128 -335282176 -247726080 
1782841344 1876164608 1969487872 2062811136 -2138832896 -2045509632 -1952186368 -1858863104 -1765539840 -1672216576 -1578893312 -1485570048 -1392246784 -1298923520 -1205600256 756285440 849608704 942931968 1036255232 1129578496 1222901760 1316225024 1409548288 1502871552 1596194816 1689518080 
-580648960 -481558528 -382205952 -282853376 -183762944 -84410368 14942208 114294784 213385216 312737792 412090368 511180800 610533376 709885952 808976384 908328960 -1573388288 -1474035712 -1374945280 -1275592704 -1176240128 -1077149696 -977797120 -878444544 -779354112 -680001536 
1338769408 1443889152 1549271040 1654390784 1759772672 1864892416 1970012160 2075394048 -2114453504 -2009333760 -1903951872 -1798832128 -1693450240 -1588330496 -1483210752 -1377828864 -1272709120 391905280 497025024 602144768 707526656 812646400 918028288 1023148032 1128267776 1233649664 
-1048576000 -937426944 -826277888 -715128832 -603979776 -492830720 -381681664 -270270464 -159121408 -47972352 63176704 174325760 285474816 396623872 507772928 618921984 730071040 841220096 -1938030592 -1826619392 -1715470336 -1604321280 -1493172224 -1382023168 -1270874112 -1159725056 
847249408 964165632 1081344000 1198522368 1315700736 1432616960 1549795328 1666973696 1784152064 1901330432 2018246656 2135425024 -2042363904 -1925185536 -1808269312 -1691090944 -1573912576 -1456734208 -1339817984 27262976 144441344 261619712 378798080 495714304 612892672 730071040 
-1563951104 -1441005568 -1317797888 -1194852352 -1071644672 -948699136 -825491456 -702545920 -579600384 -456392704 -333447168 -210239488 -87293952 35913728 158859264 282066944 405012480 528220160 651165696 774373376 1992556544 2115502080 -2056257536 -1933312000 -1810104320 -1687158784 
308019200 436994048 565968896 694943744 823918592 952893440 1082130432 1211105280 1340080128 1469054976 1598029824 1727004672 1855979520 1985216512 2114191360 -2051801088 -1922826240 -1793851392 -1664876544 -1535639552 -1406664704 -337117184 -208142336 -79167488 49807360 178782208 
-2127036416 -1992032256 -1857028096 -1722023936 -1587281920 -1452277760 -1317273600 -1182269440 -1047265280 -912261120 -777256960 -642514944 -507510784 -372506624 -237502464 -102498304 32505856 167510016 302252032 437256192 572260352 707264512 1628176384 1762918400 1897922560 2032926720 
-278921216 -137887744 2883584 143917056 284688384 425721856 566493184 707526656 848297984 989331456 1130102784 1271136256 1412169728 1552941056 1693974528 1834745856 1975779328 2116550656 -2037383168 -1896611840 -1755578368 -1614544896 -1473773568 -701759488 -560726016 -419954688 
1557397504 1704198144 1850998784 1997799424 2144862208 -2003304448 -1856503808 -1709703168 -1562640384 -1415839744 -1269039104 -1122238464 -975175680 -828375040 -681574400 -534773760 -387710976 -240910336 -94109696 52690944 199753728 346554368 493355008 640155648 1263534080 1410334720 
-913309696 -760479744 -607649792 -454819840 -301989888 -149159936 3407872 156237824 309067776 461897728 614727680 767557632 920387584 1073217536 1226047488 1378877440 1531707392 1684537344 1837367296 1990197248 2143027200 -1999110144 -1846280192 -1693712384 -1540882432 -1066139648 
RESULT of P G * G of Matrix with size 26 X 26


0 0 0 0 0 0 0 0 0 0 0 0 0 0 0 0 0 0 0 0 0 0 0 0 0 0 
524288 0 0 0 0 0 0 0 0 0 0 262144 262144 262144 262144 262144 262144 262144 262144 262144 262144 524288 524288 524288 524288 524288 
1048576 1048576 0 0 0 0 0 0 262144 262144 262144 262144 262144 262144 524288 524288 524288 524288 524288 524288 786432 786432 786432 786432 786432 786432 
1310720 1310720 1572864 0 0 0 0 262144 262144 262144 262144 524288 524288 524288 524288 524288 786432 786432 786432 786432 1048576 1048576 1048576 1048576 1310720 1310720 
1572864 1835008 1835008 1835008 0 0 0 262144 262144 262144 262144 524288 524288 524288 786432 786432 786432 1048576 1048576 1048576 1310720 1310720 1310720 1310720 1572864 1572864 
1835008 2097152 2097152 2359296 2359296 0 0 0 262144 262144 524288 524288 524288 786432 786432 786432 1048576 1048576 1310720 1310720 1310720 1572864 1572864 1572864 1835008 1835008 
2097152 2359296 2359296 2621440 2621440 2883584 0 0 262144 262144 262144 524288 524288 786432 786432 1048576 1048576 1310720 1310720 1310720 1572864 1572864 1835008 1835008 2097152 2097152 
2359296 2621440 2621440 2883584 2883584 3145728 3145728 0 0 262144 262144 524288 524288 786432 786432 1048576 1048576 1310720 1310720 1572864 1572864 1835008 1835008 2097152 2097152 2359296 
2621440 2883584 2883584 3145728 3145728 3407872 3670016 3670016 0 0 262144 524288 524288 786432 786432 1048576 1048576 1310720 1572864 1572864 1835008 1835008 2097152 2097152 2359296 2621440 
2883584 2883584 3145728 3407872 3407872 3670016 3932160 3932160 4194304 0 0 262144 524288 524288 786432 1048576 1048576 1310720 1572864 1572864 1835008 1835008 2097152 2359296 2359296 2621440 
2883584 3145728 3407872 3407872 3670016 3932160 3932160 4194304 4456448 4718592 0 262144 262144 524288 786432 786432 1048576 1310720 1572864 1572864 1835008 2097152 2097152 2359296 2621440 2621440 
2883584 3145728 3407872 3670016 3932160 3932160 4194304 4456448 4718592 4718592 4980736 0 262144 262144 524288 786432 1048576 1310720 1310720 1572864 1835008 2097152 2097152 2359296 2621440 2883584 
3145728 3407872 3407872 3670016 3932160 4194304 4456448 4718592 4718592 4980736 5242880 5505024 0 262144 524288 524288 786432 1048576 1310720 1572864 1835008 1835008 2097152 2359296 2621440 2883584 
3145728 3407872 3670016 3670016 3932160 4194304 4456448 4718592 4980736 5242880 5505024 5767168 6029312 0 262144 524288 786432 1048576 1310720 1310720 1572864 1835008 2097152 2359296 2621440 2883584 
3145728 3407872 3670016 3932160 4194304 4456448 4718592 4980736 4980736 5242880 5505024 5767168 6029312 6291456 0 262144 524288 786432 1048576 1310720 1572864 1835008 2097152 2359296 2621440 2883584 
2883584 3407872 3670016 3932160 4194304 4456448 4718592 4980736 5242880 5505024 5767168 6029312 6291456 6553600 6815744 0 262144 524288 786432 1048576 1310720 1572864 1835008 2097152 2359296 2621440 
2883584 3145728 3407872 3670016 4194304 4456448 4718592 4980736 5242880 5505024 5767168 6029312 6291456 6815744 7077888 7340032 0 262144 524288 786432 1310720 1572864 1835008 2097152 2359296 2621440 
2883584 3145728 3407872 3670016 3932160 4456448 4718592 4980736 5242880 5505024 5767168 6291456 6553600 6815744 7077888 7340032 7602176 0 262144 524288 1048576 1310720 1572864 1835008 2097152 2621440 
2621440 2883584 3407872 3670016 3932160 4194304 4718592 4980736 5242880 5505024 6029312 6291456 6553600 6815744 7077888 7602176 7864320 8126464 0 262144 786432 1048576 1310720 1572864 2097152 2359296 
2359296 2883584 3145728 3407872 3932160 4194304 4456448 4980736 5242880 5505024 5767168 6291456 6553600 6815744 7340032 7602176 7864320 8388608 8650752 0 262144 786432 1048576 1310720 1835008 2097152 
2097152 2621440 2883584 3407872 3670016 3932160 4456448 4718592 4980736 5505024 5767168 6291456 6553600 6815744 7340032 7602176 7864320 8388608 8650752 9175040 0 524288 786432 1048576 1572864 1835008 
1835008 2359296 2621440 3145728 3407872 3932160 4194304 4718592 4980736 5242880 5767168 6029312 6553600 6815744 7340032 7602176 8126464 8388608 8650752 9175040 9437184 0 524288 786432 1310720 1572864 
1572864 2097152 2359296 2883584 3145728 3670016 3932160 4456448 4718592 5242880 5505024 6029312 6291456 6815744 7077888 7602176 7864320 8388608 8912896 9175040 9699328 9961472 0 524288 786432 1310720 
1310720 1835008 2097152 2621440 2883584 3407872 3932160 4194304 4718592 4980736 5505024 5767168 6291456 6815744 7077888 7602176 7864320 8388608 8650752 9175040 9699328 9961472 10485760 0 524288 786432 
1048576 1310720 1835008 2359296 2621440 3145728 3670016 3932160 4456448 4718592 5242880 5767168 6029312 6553600 7077888 7340032 7864320 8388608 8650752 9175040 9699328 9961472 10485760 10747904 0 524288 
524288 1048576 1572864 1835008 2359296 2883584 3145728 3670016 4194304 4718592 4980736 5505024 6029312 6291456 6815744 7340032 7602176 8126464 8650752 9175040 9437184 9961472 10485760 10747904 11272192 0 
RESULT of P * Gt of Matrix with size 26 X 26


55312384 136839168 218103808 299368448 380633088 461897728 543162368 624689152 705953792 787218432 868483072 949747712 1031012352 1112539136 1193803776 1275068416 1356333056 1437597696 1518862336 1600126976 1681653760 1762918400 1844183040 1925447680 2006712320 2087976960 
1766326272 161480704 397410304 633339904 869531648 1105461248 1341390848 1577320448 1813512192 2049441792 -2009595904 -1773666304 -1537474560 -1301544960 -1065615360 -829685760 -593494016 -357564416 -121634816 114294784 350224384 586416128 822345728 1058275328 1294204928 1530396672 
1053818880 1444413440 267386880 658243584 1048838144 1439432704 1830289408 -2074083328 -1683488768 -1292632064 -902037504 -511442944 -120586240 270008320 660602880 1051459584 1442054144 1832648704 -2071461888 -1680867328 -1290272768 -899678208 -508821504 -118226944 272367616 663224320 
31981568 577503232 1122762752 373555200 918814720 1464336384 2009595904 -1740111872 -1194590208 -649330688 -103809024 441450496 986710016 1532231680 2077491200 -1671954432 -1126694912 -581435392 -35913728 509345792 1054867456 1600126976 2145386496 -1604059136 -1058799616 -513277952 
-1299185664 -599261184 100925440 800849920 479461376 1179648000 1879572480 -1715208192 -1015283712 -315097088 384827392 1085014016 1784938496 -1809842176 -1109917696 -409731072 290193408 990380032 1690304512 -1904476160 -1204551680 -504365056 195559424 895483904 1595670528 -1999372288 
1355284480 -2085093376 -1230241792 -375652352 479199232 585629696 1440219136 -1999896576 -1145307136 -290455552 564396032 1418985472 -2021130240 -1166540800 -311689216 542900224 1397751808 -2042363904 -1187774464 -332922880 521666560 1376518144 -2063859712 -1209008128 -354418688 500432896 
-594804736 414711808 1423966208 -1861484544 -851968000 157286400 691535872 1701052416 -1584660480 -575143936 434372608 1443627008 -1841823744 -832307200 176947200 1186463744 -2098987008 -1089732608 -80216064 929300480 1938554880 -1346895872 -337379328 671875072 1681391616 -1604321280 
1440743424 -1690042368 -525860864 638320640 1802240000 -1328545792 -164364288 797704192 1961623552 -1169162240 -4980736 1159200768 -1971847168 -807665664 356515840 1520435200 -1610350592 -446169088 718012416 1881931776 -1248854016 -84672512 1079508992 -2051538944 -887357440 276824064 
-1127743488 190840832 1509687296 -1466433536 -147587072 1171259392 -1804861440 -486277120 903610368 -2072510464 -753664000 564920320 1883766784 -1092354048 226492416 1545338880 -1430781952 -112197632 1206648832 -1769472000 -450625536 868220928 -2108162048 -789315584 529530880 1848377344 
289144832 1762656256 -1059061760 414449664 1887961088 -933494784 540016640 2013528064 -807927808 1009516544 -1811939328 -338427904 1135083520 -1686372352 -212860928 1260650496 -1560805376 -87293952 1386217472 -1435500544 38010880 1511522304 -1309933568 163577856 1637089280 -1184366592 
1396703232 -1270087680 357826560 1986002944 -680787968 947388416 -1719402496 -91226112 1536950272 -1129840640 1115684864 -1551106048 77070336 1705246720 -961544192 666632192 -2000158720 -371982336 1256194048 -1410596864 217579520 1845755904 -821035008 807141376 -1859649536 -231473152 
-2100297728 -317456384 1465384960 -1046740992 736100352 -1775763456 7077888 1789919232 -722206720 1060634624 -1451491328 1221591040 -1290534912 492306432 -2019557376 -236716032 1546125312 -966000640 816840704 -1695285248 87556096 1870397440 -641728512 1141112832 -1371013120 411828224 
-1611399168 326107136 -2031353856 -93847552 1843658752 -513802240 1423966208 -933494784 1004011520 -1353449472 584056832 -1773404160 1327759360 -1029701632 907804672 -1449656320 487849984 -1869611008 68157440 2005663744 -351797248 1585709056 -771751936 1165754368 -1191706624 746061824 
-1432092672 660078592 -1542455296 549715968 -1653080064 439091200 -1763704832 328728576 -1874067456 218103808 -1984692224 107741184 -2095054848 1433665536 -769130496 1323302912 -879493120 1212678144 -990117888 1102315520 -1100480512 991690752 -1211105280 881065984 -1321467904 770703360 
-1562116096 684982272 -1363148800 883687424 -1164181504 1082654720 -965476352 1281359872 -766509056 1480327168 -567803904 1679294464 -368836608 1877999616 1539833856 -508297216 1738539008 -309329920 1937506304 -110624768 2136473600 88342528 -1959788544 287047680 -1760821248 486014976 
-2001469440 400293888 -1493172224 908591104 -984875008 1416626176 -476577792 1924923392 31457280 -1861746688 539754496 -1353449472 1048051712 -845414400 1556348928 1645740032 -247463936 -2140930048 260571136 -1632632832 768868352 -1124597760 1277165568 -616300544 1785462784 -108003328 
1544814592 -193724416 -1932525568 623902720 -1114898432 1441529856 -297271296 -2035810304 520355840 -1218445312 1337982976 -400818176 -2139357184 416808960 -1321730048 1234436096 1751908352 13107200 -1725431808 830734336 -908066816 1648361472 -90439680 -1828978688 727187456 -1011351552 
486801408 -1097072640 1613758464 29884416 -1554251776 1156841472 -427294720 -2011168768 699662336 -884211712 1826619392 242745344 -1341128704 1369702400 -214171648 -1798307840 912785408 1857814528 273940480 -1310195712 1400897536 -183238656 -1767112704 943718400 -640155648 2070675456 
-880541696 1984954368 555745280 -873725952 1992032256 562823168 -866648064 1999110144 569901056 -859570176 2006188032 576716800 -852492288 2013265920 583794688 -845414400 2020343808 590872576 1963720704 534511616 -894697472 1970798592 541589504 -887619584 1977876480 548667392 
1737490432 462946304 -811859968 -2086404096 934019072 -340787200 -1615331328 1405091840 130547712 -1144258560 1876164608 601620480 -673185792 -1947729920 1072693248 -201850880 -1476657152 1543766016 269221888 2069889024 795344896 -479461376 -1754005504 1266417664 -8388608 -1282932736 
-248774656 -1368653824 1806434304 686555136 -433586176 -1553465344 1621622784 501743616 -618397696 -1738276864 1436811264 316932096 -802947072 -1923088384 1251999744 132120576 -987758592 -2107637760 1067188224 -52690944 -2119172096 1055916032 -63963136 -1183842304 1991245824 871104512 
1750597632 785383424 -179830784 -1145044992 -2110259200 1219493888 254017536 -711196672 -1676410880 1653342208 688128000 -277086208 -1242300416 2087452672 1121976320 156762112 -808452096 -1773666304 1556086784 590872576 -374341632 -2013003776 1316749312 351535104 -613941248 -1579155456 
-854327296 -1664876544 1819541504 1008992256 198443008 -612106240 -1422655488 2061762560 1251213312 440664064 -369885184 -1180434432 -1990983680 1493434368 682622976 -127926272 -938475520 -1749024768 1735393280 924844032 114294784 -696254464 -1907097600 1577320448 766771200 -43778048 
526385152 -129499136 -785383424 -1441267712 -2097152000 1541931008 886046720 230162432 -425721856 -1081606144 -1737490432 1901592576 1245708288 589824000 -66060288 -721944576 -1377828864 -2033713152 1605632000 949747712 293863424 -362020864 -1017905152 -1800929280 1838153728 1182269440 
1597505536 1096548352 595329024 94109696 -407109632 -908328960 -1409548288 -1910767616 1882980352 1381761024 880803840 379584512 -121634816 -622854144 -1124073472 -1625292800 -2126512128 1667235840 1166278656 665059328 163840000 -337379328 -838598656 -1339817984 -1695023104 2098724864 
-1935409152 2013003776 1666449408 1319895040 973602816 627048448 280494080 -66060288 -412614656 -758906880 -1105461248 -1452015616 -1798569984 -2145124352 1803550720 1456996352 1110441984 763887616 417333248 71041024 -275513344 -622067712 -968622080 -1315176448 -1661468672 -1588854784 
RESULT of PG * Gt of Matrix with size 26 X 26


3670016 3670016 3670016 3670016 3670016 3670016 3670016 3670016 3670016 3670016 3670016 3670016 3670016 3670016 3670016 3670016 3670016 3670016 3670016 3670016 3670016 3670016 3932160 3932160 3932160 3932160 
3932160 3670016 3670016 3670016 3670016 3670016 3670016 3670016 3670016 3670016 3670016 3670016 3670016 3670016 3670016 3670016 3670016 3670016 3670016 3670016 3670016 3670016 3932160 3932160 3932160 3932160 
3932160 3932160 3670016 3670016 3670016 3670016 3670016 3670016 3670016 3670016 3670016 3670016 3670016 3670016 3670016 3670016 3670016 3670016 3670016 3670016 3670016 3670016 3932160 3932160 3932160 3932160 
3932160 3932160 3932160 3670016 3670016 3670016 3670016 3670016 3670016 3670016 3670016 3670016 3670016 3670016 3670016 3670016 3670016 3670016 3670016 3670016 3670016 3670016 3932160 3932160 3932160 3932160 
3932160 3932160 3932160 3932160 3670016 3670016 3670016 3670016 3670016 3670016 3670016 3670016 3670016 3670016 3670016 3670016 3670016 3670016 3670016 3670016 3670016 3670016 3932160 3932160 3932160 3932160 
3932160 3932160 3932160 3932160 3932160 3670016 3670016 3670016 3670016 3670016 3670016 3670016 3670016 3670016 3670016 3670016 3670016 3670016 3670016 3670016 3670016 3670016 3932160 3932160 3932160 3932160 
3932160 3932160 3932160 3932160 3932160 3932160 3670016 3670016 3670016 3670016 3670016 3670016 3670016 3670016 3670016 3670016 3670016 3670016 3670016 3670016 3670016 3932160 3932160 3932160 3932160 3932160 
3932160 3932160 3932160 3932160 3932160 3932160 3932160 3670016 3670016 3670016 3670016 3670016 3670016 3670016 3670016 3670016 3670016 3670016 3670016 3670016 3670016 3932160 3932160 3932160 3932160 3932160 
3932160 3932160 3932160 3932160 3932160 3932160 3932160 3932160 3670016 3670016 3670016 3670016 3670016 3670016 3670016 3670016 3670016 3670016 3670016 3670016 3670016 3932160 3932160 3932160 3932160 3932160 
3932160 3932160 3932160 3932160 3932160 3932160 3932160 3932160 3932160 3670016 3670016 3670016 3670016 3670016 3670016 3670016 3670016 3670016 3670016 3670016 3670016 3932160 3932160 3932160 3932160 3932160 
3932160 3932160 3932160 3932160 3932160 3932160 3932160 3932160 3932160 3932160 3670016 3670016 3670016 3670016 3670016 3670016 3670016 3670016 3670016 3670016 3670016 3932160 3932160 3932160 3932160 3932160 
3932160 3932160 3932160 3932160 3932160 3932160 3932160 3932160 3932160 3932160 3932160 3670016 3670016 3670016 3670016 3670016 3670016 3670016 3670016 3670016 3670016 3932160 3932160 3932160 3932160 3932160 
3932160 3932160 3932160 3932160 3932160 3932160 3932160 3932160 3932160 3932160 3932160 3932160 3670016 3670016 3670016 3670016 3670016 3670016 3670016 3670016 3670016 3932160 3932160 3932160 3932160 3932160 
3932160 3932160 3932160 3932160 3932160 3932160 3932160 3932160 3932160 3932160 3932160 3932160 3932160 3670016 3670016 3670016 3670016 3670016 3670016 3670016 3670016 3932160 3932160 3932160 3932160 3932160 
3932160 3932160 3932160 3932160 3932160 3932160 3932160 3932160 3932160 3932160 3932160 3932160 3932160 3932160 3670016 3670016 3670016 3670016 3670016 3670016 3670016 3932160 3932160 3932160 3932160 3932160 
3932160 3932160 3932160 3932160 3932160 3932160 3932160 3932160 3932160 3932160 3932160 3932160 3932160 3932160 3932160 3670016 3670016 3670016 3670016 3670016 3670016 3932160 3932160 3932160 3932160 3932160 
3932160 3932160 3932160 3932160 3932160 3932160 3932160 3932160 3932160 3932160 3932160 3932160 3932160 3932160 3932160 3932160 3670016 3670016 3670016 3670016 3670016 3670016 3932160 3932160 3932160 3932160 
3932160 3932160 3932160 3932160 3932160 3932160 3932160 3932160 3932160 3932160 3932160 3932160 3932160 3932160 3932160 3932160 3932160 3670016 3670016 3670016 3670016 3670016 3932160 3932160 3932160 3932160 
3932160 3932160 3932160 3932160 3932160 3932160 3932160 3932160 3932160 3932160 3932160 3932160 3932160 3932160 3932160 3932160 3932160 3932160 3670016 3670016 3670016 3670016 3932160 3932160 3932160 3932160 
3932160 3932160 3932160 3932160 3932160 3932160 3932160 3932160 3932160 3932160 3932160 3932160 3932160 3932160 3932160 3932160 3932160 3932160 3932160 3670016 3670016 3670016 3932160 3932160 3932160 3932160 
3932160 3932160 3932160 3932160 3932160 3932160 3932160 3932160 3932160 3932160 3932160 3932160 3932160 3932160 3932160 3932160 3932160 3932160 3932160 3932160 3670016 3670016 3932160 3932160 3932160 3932160 
3932160 3932160 3932160 3932160 3932160 3932160 3932160 3932160 3932160 3932160 3932160 3932160 3932160 3932160 3932160 3932160 3932160 3932160 3932160 3932160 3932160 3670016 3932160 3932160 3932160 3932160 
3932160 3932160 3932160 3932160 3932160 3932160 3932160 3932160 3932160 3932160 3932160 3932160 3932160 3932160 3932160 3932160 3932160 3932160 3932160 3932160 3932160 3932160 3932160 3932160 3932160 3932160 
3932160 3932160 3932160 3932160 3932160 3932160 3932160 3932160 3932160 3932160 3932160 3932160 3932160 3932160 3932160 3932160 3932160 3932160 3932160 3932160 3932160 3932160 3932160 3932160 3932160 3932160 
3932160 3932160 3932160 3932160 3932160 3932160 3932160 3932160 3932160 3932160 3932160 3932160 3932160 3932160 3932160 3932160 3932160 3932160 3932160 3932160 3932160 3932160 3932160 3932160 3932160 3932160 
3932160 3932160 3932160 3932160 3932160 3932160 3932160 3932160 3932160 3932160 3932160 3932160 3932160 3932160 3932160 3932160 3932160 3932160 3932160 3932160 3932160 3932160 3932160 3932160 3932160 3932160 
RESULT of Pt * G of Matrix with size 26 X 26


-1339031552 -1238630400 -1138491392 -1038090240 -937951232 -837550080 -737148928 -637009920 -536608768 -436469760 -336068608 -235667456 -135528448 -35127296 65273856 165412864 265814016 365953024 466354176 566755328 666894336 767295488 867696640 967835648 1068236800 1168375808 
1249902592 -1263534080 -1162870784 -1062469632 -961806336 -861405184 -760741888 -660340736 -559677440 -459276288 -358612992 -258211840 -157548544 -57147392 43515904 143917056 244580352 344981504 445644800 546045952 646709248 747110400 847773696 948174848 1048838144 1149239296 
1230241792 1331167232 -1187774464 -1087111168 -986447872 -885522432 -784859136 -684195840 -583270400 -482607104 -381681664 -281018368 -180355072 -79429632 21233664 121896960 222822400 323485696 424148992 525074432 625737728 726663168 827326464 927989760 1028915200 1129578496 
1210318848 1311506432 1412431872 -1112276992 -1011351552 -910426112 -809238528 -708313088 -607387648 -506462208 -405274624 -304349184 -203423744 -102498304 -1310720 99614720 200540160 301465600 402653184 503578624 604504064 705429504 806354944 907542528 1008467968 1109393408 
1190133760 1291321344 1392508928 1493696512 -1036779520 -935591936 -834404352 -732954624 -631767040 -530579456 -429391872 -328204288 -227016704 -125829120 -24641536 76546048 177995776 279183360 380370944 481558528 582746112 683933696 785121280 886308864 987758592 1088946176 
1169162240 1270611968 1372061696 1473511424 1574961152 -961019904 -859570176 -758120448 -656670720 -555220992 -453771264 -352583680 -251133952 -149684224 -48234496 53215232 154664960 256114688 357564416 459014144 560463872 661913600 763363328 864813056 966262784 1067712512 
1147928576 1249640448 1351352320 1453064192 1554776064 1656225792 -885522432 -783810560 -682098688 -580648960 -478937088 -377225216 -275513344 -173801472 -72089600 29622272 131334144 232783872 334495744 436207616 537919488 639631360 741343232 843055104 944504832 1046216704 
1126170624 1228144640 1330118656 1431830528 1533804544 1635778560 1737752576 -810024960 -708050944 -606076928 -504365056 -402391040 -300417024 -198443008 -96731136 5242880 107216896 209190912 310902784 412876800 514850816 616824832 718536704 820510720 922484736 1024196608 
1103888384 1206124544 1308360704 1410334720 1512570880 1614807040 1716781056 1819017216 -734265344 -632291328 -530055168 -428081152 -325844992 -223608832 -121634816 -19398656 82575360 184811520 287047680 389021696 491257856 593231872 695468032 797704192 899678208 1001914368 
1081344000 1183842304 1286078464 1388314624 1490812928 1593049088 1695547392 1797783552 1900281856 -658767872 -556531712 -454033408 -351797248 -249298944 -147062784 -44564480 57671680 160169984 262406144 364904448 467140608 569638912 671875072 774373376 876609536 979107840 
1058275328 1160773632 1263534080 1366032384 1468530688 1571291136 1673789440 1776287744 1879048192 1981546496 -583270400 -480509952 -378011648 -275513344 -172752896 -70254592 32243712 135004160 237502464 340000768 442761216 545259520 647757824 750518272 853016576 955777024 
1034682368 1137442816 1240203264 1343225856 1445986304 1548746752 1651507200 1754529792 1857290240 1960050688 2062811136 -507510784 -404750336 -301989888 -199229440 -96468992 6553600 109314048 212074496 314834944 417857536 520617984 623378432 726138880 829161472 931921920 
1010565120 1113587712 1216610304 1319895040 1422917632 1525940224 1628962816 1731985408 1835008000 1938030592 2041053184 2144075776 -432013312 -328990720 -225968128 -122945536 -19922944 83099648 186384384 289406976 392429568 495452160 598474752 701497344 804519936 907542528 
986185728 1089470464 1192755200 1296039936 1399324672 1502609408 1605894144 1709178880 1812463616 1915748352 2019033088 2122317824 -2069364736 -356515840 -253231104 -149946368 -46661632 56623104 159907840 263192576 366477312 469762048 573046784 676331520 779616256 882900992 
961282048 1064828928 1168113664 1271660544 1375207424 1478754304 1582301184 1685848064 1789132800 1892679680 1996226560 2099773440 -2091646976 -1988100096 -280756224 -177471488 -73924608 29622272 133169152 236716032 340262912 443809792 547094528 650641408 754188288 857735168 
935854080 1039663104 1143209984 1247019008 1350828032 1454374912 1558183936 1661992960 1765801984 1869348864 1973157888 2076966912 -2114453504 -2010644480 -1906835456 -205258752 -101449728 2097152 105906176 209715200 313524224 417071104 520880128 624689152 728236032 832045056 
909901824 1013972992 1117782016 1221853184 1325924352 1429733376 1533804544 1637613568 1741684736 1845493760 1949564928 2053636096 -2137522176 -2033451008 -1929641984 -1825570816 -129761280 -25690112 78118912 182190080 286261248 390070272 494141440 597950464 702021632 806092800 
883687424 987758592 1092091904 1196163072 1300496384 1404567552 1508900864 1612972032 1717043200 1821376512 1925447680 2029780992 2133852160 -2056781824 -1952710656 -1848377344 -1744306176 -54001664 50069504 154402816 258473984 362545152 466878464 570949632 675282944 779354112 
856948736 961282048 1065615360 1170210816 1274544128 1378877440 1483472896 1587806208 1692139520 1796734976 1901068288 2005401600 2109997056 -2080636928 -1976303616 -1871708160 -1767374848 -1663041536 21495808 125829120 230424576 334757888 439091200 543686656 648019968 752353280 
829685760 934281216 1038876672 1143472128 1248329728 1352925184 1457520640 1562116096 1666711552 1771569152 1876164608 1980760064 2085355520 -2105016320 -2000158720 -1895563264 -1790967808 -1686372352 -1581776896 96993280 201850880 306446336 411041792 515637248 620232704 725090304 
801898496 906756096 1011613696 1116471296 1221328896 1326448640 1431306240 1536163840 1641021440 1745879040 1850736640 1955594240 2060451840 -2129657856 -2024800256 -1919942656 -1815085056 -1710227456 -1605107712 -1500250112 172752896 277610496 382468096 487325696 592183296 697040896 
773849088 878968832 984088576 1089208320 1194328064 1299447808 1404305408 1509425152 1614544896 1719664640 1824784384 1929904128 2035023872 2140143616 -2049703936 -1944584192 -1839464448 -1734344704 -1629224960 -1524105216 -1418985472 248250368 353370112 458489856 563609600 668729344 
745275392 850395136 955777024 1061158912 1166540800 1271922688 1377304576 1482424320 1587806208 1693188096 1798569984 1903951872 2009333760 2114453504 -2075131904 -1969750016 -1864368128 -1758986240 -1653866496 -1548484608 -1443102720 -1337720832 323747840 429129728 534511616 639893504 
716177408 821559296 927203328 1032847360 1138491392 1243873280 1349517312 1455161344 1560543232 1666187264 1771831296 1877213184 1982857216 2088501248 -2100822016 -1995440128 -1889796096 -1784152064 -1678770176 -1573126144 -1467482112 -1362100224 -1256456192 399507456 504889344 610533376 
686555136 792461312 898105344 1004011520 1109655552 1215561728 1321467904 1427111936 1533018112 1638662144 1744568320 1850212352 1956118528 2062024704 -2127298560 -2021392384 -1915748352 -1809842176 -1704198144 -1598291968 -1492385792 -1386741760 -1280835584 -1175191552 475004928 580911104 
656670720 762576896 868745216 974651392 1080819712 1186725888 1292632064 1398800384 1504706560 1610874880 1716781056 1822949376 1928855552 2035023872 2140930048 -2048131072 -1941962752 -1836056576 -1729888256 -1623982080 -1517813760 -1411907584 -1305739264 -1199833088 -1093926912 550502400 
RESULT of [PG]t * G of Matrix with size 26 X 26


0 262144 524288 786432 786432 1048576 1310720 1572864 1835008 2097152 2097152 2359296 2621440 2883584 3145728 3407872 3670016 3670016 3932160 4194304 4456448 4718592 4980736 4980736 5242880 5505024 
5505024 0 262144 524288 786432 786432 1048576 1310720 1572864 1835008 2097152 2359296 2359296 2621440 2883584 3145728 3407872 3670016 3670016 3932160 4194304 4456448 4718592 4980736 4980736 5242880 
5242880 5505024 0 262144 524288 786432 786432 1048576 1310720 1572864 1835008 2097152 2359296 2359296 2621440 2883584 3145728 3407872 3670016 3670016 3932160 4194304 4456448 4718592 4980736 5242880 
5242880 5242880 5505024 0 262144 524288 786432 786432 1048576 1310720 1572864 1835008 2097152 2359296 2359296 2621440 2883584 3145728 3407872 3670016 3932160 3932160 4194304 4456448 4718592 4980736 
4980736 5242880 5505024 5505024 0 262144 524288 786432 786432 1048576 1310720 1572864 1835008 2097152 2359296 2359296 2621440 2883584 3145728 3407872 3670016 3932160 3932160 4194304 4456448 4718592 
4718592 4980736 5242880 5505024 5505024 0 262144 524288 786432 1048576 1048576 1310720 1572864 1835008 2097152 2359296 2359296 2621440 2883584 3145728 3407872 3670016 3932160 3932160 4194304 4456448 
4456448 4718592 4980736 5242880 5505024 5505024 0 262144 524288 786432 1048576 1048576 1310720 1572864 1835008 2097152 2359296 2621440 2621440 2883584 3145728 3407872 3670016 3932160 4194304 4194304 
4194304 4456448 4718592 4980736 5242880 5505024 5767168 0 262144 524288 786432 1048576 1048576 1310720 1572864 1835008 2097152 2359296 2621440 2621440 2883584 3145728 3407872 3670016 3932160 4194304 
4194304 4194304 4456448 4718592 4980736 5242880 5505024 5767168 0 262144 524288 786432 1048576 1048576 1310720 1572864 1835008 2097152 2359296 2621440 2621440 2883584 3145728 3407872 3670016 3932160 
3932160 4194304 4456448 4456448 4718592 4980736 5242880 5505024 5767168 0 262144 524288 786432 1048576 1048576 1310720 1572864 1835008 2097152 2359296 2621440 2621440 2883584 3145728 3407872 3670016 
3670016 3932160 4194304 4456448 4456448 4718592 4980736 5242880 5505024 5767168 0 262144 524288 786432 1048576 1048576 1310720 1572864 1835008 2097152 2359296 2621440 2621440 2883584 3145728 3407872 
3407872 3670016 3932160 4194304 4456448 4456448 4718592 4980736 5242880 5505024 5767168 0 262144 524288 786432 1048576 1048576 1310720 1572864 1835008 2097152 2359296 2621440 2883584 2883584 3145728 
3145728 3407872 3670016 3932160 4194304 4456448 4718592 4718592 4980736 5242880 5505024 5767168 0 262144 524288 786432 1048576 1048576 1310720 1572864 1835008 2097152 2359296 2621440 2883584 2883584 
2883584 3145728 3407872 3670016 3932160 4194304 4456448 4718592 4718592 4980736 5242880 5505024 5767168 0 262144 524288 786432 1048576 1048576 1310720 1572864 1835008 2097152 2359296 2621440 2883584 
2883584 2883584 3145728 3407872 3670016 3932160 4194304 4456448 4718592 4980736 4980736 5242880 5505024 5767168 0 262144 524288 786432 1048576 1048576 1310720 1572864 1835008 2097152 2359296 2621440 
2621440 2883584 3145728 3145728 3407872 3670016 3932160 4194304 4456448 4718592 4980736 4980736 5242880 5505024 5767168 0 262144 524288 786432 1048576 1048576 1310720 1572864 1835008 2097152 2359296 
2359296 2621440 2883584 3145728 3145728 3407872 3670016 3932160 4194304 4456448 4718592 4980736 5242880 5242880 5505024 5767168 0 262144 524288 786432 1048576 1310720 1310720 1572864 1835008 2097152 
2097152 2359296 2621440 2883584 3145728 3145728 3407872 3670016 3932160 4194304 4456448 4718592 4980736 5242880 5242880 5505024 5767168 0 262144 524288 786432 1048576 1310720 1310720 1572864 1835008 
1835008 2097152 2359296 2621440 2883584 3145728 3407872 3407872 3670016 3932160 4194304 4456448 4718592 4980736 5242880 5505024 5505024 5767168 0 262144 524288 786432 1048576 1310720 1310720 1572864 
1572864 1835008 2097152 2359296 2621440 2883584 3145728 3407872 3407872 3670016 3932160 4194304 4456448 4718592 4980736 5242880 5505024 5505024 5767168 0 262144 524288 786432 1048576 1310720 1310720 
1310720 1572864 1835008 2097152 2359296 2621440 2883584 3145728 3407872 3407872 3670016 3932160 4194304 4456448 4718592 4980736 5242880 5505024 5767168 5767168 0 262144 524288 786432 1048576 1310720 
1310720 1310720 1572864 1835008 2097152 2359296 2621440 2883584 3145728 3407872 3670016 3670016 3932160 4194304 4456448 4718592 4980736 5242880 5505024 5767168 5767168 0 262144 524288 786432 1048576 
1048576 1310720 1310720 1572864 1835008 2097152 2359296 2621440 2883584 3145728 3407872 3670016 3670016 3932160 4194304 4456448 4718592 4980736 5242880 5505024 5767168 6029312 0 262144 524288 786432 
786432 1048576 1310720 1572864 1572864 1835008 2097152 2359296 2621440 2883584 3145728 3407872 3670016 3932160 3932160 4194304 4456448 4718592 4980736 5242880 5505024 5767168 6029312 0 262144 524288 
524288 786432 1048576 1310720 1572864 1572864 1835008 2097152 2359296 2621440 2883584 3145728 3407872 3670016 3932160 3932160 4194304 4456448 4718592 4980736 5242880 5505024 5767168 6029312 0 262144 
262144 524288 786432 1048576 1310720 1572864 1572864 1835008 2097152 2359296 2621440 2883584 3145728 3407872 3670016 3932160 4194304 4194304 4456448 4718592 4980736 5242880 5505024 5767168 6029312 0 
RESULT of Pt * Gt of Matrix with size 26 X 26


55312384 161480704 267386880 373555200 479461376 585629696 691535872 797704192 903610368 1009516544 1115684864 1221591040 1327759360 1433665536 1539833856 1645740032 1751908352 1857814528 1963720704 2069889024 -2119172096 -2013003776 -1907097600 -1800929280 -1695023104 -1588854784 
-1935409152 136839168 397410304 658243584 918814720 1179648000 1440219136 1701052416 1961623552 -2072510464 -1811939328 -1551106048 -1290534912 -1029701632 -769130496 -508297216 -247463936 13107200 273940480 534511616 795344896 1055916032 1316749312 1577320448 1838153728 2098724864 
1597505536 2013003776 218103808 633339904 1048838144 1464336384 1879572480 -1999896576 -1584660480 -1169162240 -753664000 -338427904 77070336 492306432 907804672 1323302912 1738539008 -2140930048 -1725431808 -1310195712 -894697472 -479461376 -63963136 351535104 766771200 1182269440 
526385152 1096548352 1666449408 299368448 869531648 1439432704 2009595904 -1715208192 -1145307136 -575143936 -4980736 564920320 1135083520 1705246720 -2019557376 -1449656320 -879493120 -309329920 260571136 830734336 1400897536 1970798592 -1754005504 -1183842304 -613941248 -43778048 
-854327296 -129499136 595329024 1319895040 380633088 1105461248 1830289408 -1740111872 -1015283712 -290455552 434372608 1159200768 1883766784 -1686372352 -961544192 -236716032 487849984 1212678144 1937506304 -1632632832 -908066816 -183238656 541589504 1266417664 1991245824 -1579155456 
1750597632 -1664876544 -785383424 94109696 973602816 461897728 1341390848 -2074083328 -1194590208 -315097088 564396032 1443627008 -1971847168 -1092354048 -212860928 666632192 1546125312 -1869611008 -990117888 -110624768 768868352 1648361472 -1767112704 -887619584 -8388608 871104512 
-248774656 785383424 1819541504 -1441267712 -407109632 627048448 543162368 1577320448 -1683488768 -649330688 384827392 1418985472 -1841823744 -807665664 226492416 1260650496 -2000158720 -966000640 68157440 1102315520 2136473600 -1124597760 -90439680 943718400 1977876480 -1282932736 
1737490432 -1368653824 -179830784 1008992256 -2097152000 -908328960 280494080 624689152 1813512192 -1292632064 -103809024 1085014016 -2021130240 -832307200 356515840 1545338880 -1560805376 -371982336 816840704 2005663744 -1100480512 88342528 1277165568 -1828978688 -640155648 548667392 
-880541696 462946304 1806434304 -1145044992 198443008 1541931008 -1409548288 -66060288 705953792 2049441792 -902037504 441450496 1784938496 -1166540800 176947200 1520435200 -1430781952 -87293952 1256194048 -1695285248 -351797248 991690752 -1959788544 -616300544 727187456 2070675456 
486801408 1984954368 -811859968 686555136 -2110259200 -612106240 886046720 -1910767616 -412614656 787218432 -2009595904 -511442944 986710016 -1809842176 -311689216 1186463744 -1610350592 -112197632 1386217472 -1410596864 87556096 1585709056 -1211105280 287047680 1785462784 -1011351552 
1544814592 -1097072640 555745280 -2086404096 -433586176 1219493888 -1422655488 230162432 1882980352 -758906880 868483072 -1773666304 -120586240 1532231680 -1109917696 542900224 -2098987008 -446169088 1206648832 -1435500544 217579520 1870397440 -771751936 881065984 -1760821248 -108003328 
-2001469440 -193724416 1613758464 -873725952 934019072 -1553465344 254017536 2061762560 -425721856 1381761024 -1105461248 949747712 -1537474560 270008320 2077491200 -409731072 1397751808 -1089732608 718012416 -1769472000 38010880 1845755904 -641728512 1165754368 -1321467904 486014976 
-1562116096 400293888 -1932525568 29884416 1992032256 -340787200 1621622784 -711196672 1251213312 -1081606144 880803840 -1452015616 1031012352 -1301544960 660602880 -1671954432 290193408 -2042363904 -80216064 1881931776 -450625536 1511522304 -821035008 1141112832 -1191706624 770703360 
-1432092672 684982272 -1493172224 623902720 -1554251776 562823168 -1615331328 501743616 -1676410880 440664064 -1737490432 379584512 -1798569984 1112539136 -1065615360 1051459584 -1126694912 990380032 -1187774464 929300480 -1248854016 868220928 -1309933568 807141376 -1371013120 746061824 
-1611399168 660078592 -1363148800 908591104 -1114898432 1156841472 -866648064 1405091840 -618397696 1653342208 -369885184 1901592576 -121634816 -2145124352 1193803776 -829685760 1442054144 -581435392 1690304512 -332922880 1938554880 -84672512 -2108162048 163577856 -1859649536 411828224 
-2100297728 326107136 -1542455296 883687424 -984875008 1441529856 -427294720 1999110144 130547712 -1738276864 688128000 -1180434432 1245708288 -622854144 1803550720 1275068416 -593494016 1832648704 -35913728 -1904476160 521666560 -1346895872 1079508992 -789315584 1637089280 -231473152 
1396703232 -317456384 -2031353856 549715968 -1164181504 1416626176 -297271296 -2011168768 569901056 -1144258560 1436811264 -277086208 -1990983680 589824000 -1124073472 1456996352 1356333056 -357564416 -2071461888 509345792 -1204551680 1376518144 -337379328 -2051538944 529530880 -1184366592 
289144832 -1270087680 1465384960 -93847552 -1653080064 1082654720 -476577792 -2035810304 699662336 -859570176 1876164608 316932096 -1242300416 1493434368 -66060288 -1625292800 1110441984 1437597696 -121634816 -1680867328 1054867456 -504365056 -2063859712 671875072 -887357440 1848377344 
-1127743488 1762656256 357826560 -1046740992 1843658752 439091200 -965476352 1924923392 520355840 -884211712 2006188032 601620480 -802947072 2087452672 682622976 -721944576 -2126512128 763887616 1518862336 114294784 -1290272768 1600126976 195559424 -1209008128 1681391616 276824064 
1440743424 190840832 -1059061760 1986002944 736100352 -513802240 -1763704832 1281359872 31457280 -1218445312 1826619392 576716800 -673185792 -1923088384 1121976320 -127926272 -1377828864 1667235840 417333248 1600126976 350224384 -899678208 2145386496 895483904 -354418688 -1604321280 
-594804736 -1690042368 1509687296 414449664 -680787968 -1775763456 1423966208 328728576 -766509056 -1861746688 1337982976 242745344 -852492288 -1947729920 1251999744 156762112 -938475520 -2033713152 1166278656 71041024 1681653760 586416128 -508821504 -1604059136 1595670528 500432896 
1355284480 414711808 -525860864 -1466433536 1887961088 947388416 7077888 -933494784 -1874067456 1480327168 539754496 -400818176 -1341128704 2013265920 1072693248 132120576 -808452096 -1749024768 1605632000 665059328 -275513344 1762918400 822345728 -118226944 -1058799616 -1999372288 
-1299185664 -2085093376 1423966208 638320640 -147587072 -933494784 -1719402496 1789919232 1004011520 218103808 -567803904 -1353449472 -2139357184 1369702400 583794688 -201850880 -987758592 -1773666304 1735393280 949747712 163840000 -622067712 1844183040 1058275328 272367616 -513277952 
31981568 -599261184 -1230241792 -1861484544 1802240000 1171259392 540016640 -91226112 -722206720 -1353449472 -1984692224 1679294464 1048051712 416808960 -214171648 -845414400 -1476657152 -2107637760 1556086784 924844032 293863424 -337379328 -968622080 1925447680 1294204928 663224320 
1053818880 577503232 100925440 -375652352 -851968000 -1328545792 -1804861440 2013528064 1536950272 1060634624 584056832 107741184 -368836608 -845414400 -1321730048 -1798307840 2020343808 1543766016 1067188224 590872576 114294784 -362020864 -838598656 -1315176448 2006712320 1530396672 
1766326272 1444413440 1122762752 800849920 479199232 157286400 -164364288 -486277120 -807927808 -1129840640 -1451491328 -1773404160 -2095054848 1877999616 1556348928 1234436096 912785408 590872576 269221888 -52690944 -374341632 -696254464 -1017905152 -1339817984 -1661468672 2087976960 
RESULT of [PG]t * Gt of Matrix with size 26 X 26


