0 0 0 0 0 0 0 0 0 0 0 0 0 0 0 0 0 0 0 0 0 0 0 0 0 0 0 0 
0 0 0 0 0 0 0 0 0 0 0 0 0 0 0 0 0 0 0 0 0 0 0 0 0 0 0 0 
0 0 0 0 0 0 0 0 0 0 0 0 0 0 0 0 0 0 0 0 0 0 0 0 0 0 0 0 
0 0 0 0 0 0 0 0 0 0 0 0 0 0 0 0 0 0 0 0 0 0 0 0 0 0 0 0 
0 0 0 0 0 0 0 0 0 0 0 0 0 0 0 0 0 0 0 0 0 0 0 0 0 0 0 0 
0 0 0 0 0 0 0 0 0 0 0 0 0 0 0 0 0 0 0 0 0 0 0 0 0 0 0 0 
0 0 0 0 0 0 0 0 0 0 0 0 0 0 0 0 0 0 0 0 0 0 0 0 0 0 0 0 
0 0 0 0 0 0 0 0 0 0 0 0 0 0 0 0 0 0 0 0 0 0 0 0 0 0 0 0 
0 0 0 0 0 0 0 0 0 0 0 0 0 0 0 0 0 0 0 0 0 0 0 0 0 0 0 0 
0 0 0 0 0 0 0 0 0 0 0 0 0 0 0 0 0 0 0 0 0 0 0 0 0 0 0 0 
0 0 0 0 0 0 0 0 0 0 0 0 0 0 0 0 0 0 0 0 0 0 0 0 0 0 0 0 
0 0 0 0 0 0 0 0 0 0 0 0 0 0 0 0 0 0 0 0 0 0 0 0 0 0 0 0 
0 0 0 0 0 0 0 0 0 0 0 0 0 0 0 0 0 0 0 0 0 0 0 0 0 0 0 0 
0 0 0 0 0 0 0 0 0 0 0 0 0 0 0 0 0 0 0 0 0 0 0 0 0 0 0 0 
0 0 0 0 0 0 0 0 0 0 0 0 0 0 0 0 0 0 0 0 0 0 0 0 0 0 0 0 
0 0 0 0 0 0 0 0 0 0 0 0 0 0 0 0 0 0 0 0 0 0 0 0 0 0 0 0 
0 0 0 0 0 0 0 0 0 0 0 0 0 0 0 0 0 0 0 0 0 0 0 0 0 0 0 0 
0 0 0 0 0 0 0 0 0 0 0 0 0 0 0 0 0 0 0 0 0 0 0 0 0 0 0 0 
0 0 0 0 0 0 0 0 0 0 0 0 0 0 0 0 0 0 0 0 0 0 0 0 0 0 0 0 
0 0 0 0 0 0 0 0 0 0 0 0 0 0 0 0 0 0 0 0 0 0 0 0 0 0 0 0 
0 0 0 0 0 0 0 0 0 0 0 0 0 0 0 0 0 0 0 0 0 0 0 0 0 0 0 0 
0 0 0 0 0 0 0 0 0 0 0 0 0 0 0 0 0 0 0 0 0 0 0 0 0 0 0 0 
0 0 0 0 0 0 0 0 0 0 0 0 0 0 0 0 0 0 0 0 0 0 0 0 0 0 0 0 
0 0 0 0 0 0 0 0 0 0 0 0 0 0 0 0 0 0 0 0 0 0 0 0 0 0 0 0 
0 0 0 0 0 0 0 0 0 0 0 0 0 0 0 0 0 0 0 0 0 0 0 0 0 0 0 0 
0 0 0 0 0 0 0 0 0 0 0 0 0 0 0 0 0 0 0 0 0 0 0 0 0 0 0 0 
0 0 0 0 0 0 0 0 0 0 0 0 0 0 0 0 0 0 0 0 0 0 0 0 0 0 0 0 
0 0 0 0 0 0 0 0 0 0 0 0 0 0 0 0 0 0 0 0 0 0 0 0 0 0 0 0 
INITIAL DATA of Matrix with size 28 X 28


0 0 0 0 0 0 0 0 0 0 0 0 0 0 0 0 0 0 0 0 0 0 0 0 0 0 0 0 
524288 262144 262144 262144 262144 262144 262144 262144 262144 262144 262144 262144 262144 262144 262144 262144 262144 262144 262144 262144 524288 524288 524288 524288 524288 524288 524288 524288 
786432 786432 786432 786432 786432 786432 786432 786432 786432 786432 786432 786432 786432 786432 786432 786432 786432 786432 786432 786432 786432 786432 786432 786432 786432 786432 786432 786432 
1048576 1048576 1048576 1048576 1048576 1048576 1048576 1048576 1048576 1048576 1048576 1048576 1048576 1048576 1048576 1048576 1048576 1048576 1048576 1048576 1048576 1048576 1048576 1048576 1048576 1048576 1048576 1048576 
1310720 1310720 1310720 1310720 1310720 1310720 1310720 1310720 1310720 1310720 1310720 1310720 1310720 1310720 1310720 1310720 1310720 1310720 1310720 1310720 1310720 1310720 1310720 1310720 1310720 1310720 1310720 1310720 
1572864 1572864 1572864 1572864 1572864 1572864 1572864 1572864 1572864 1572864 1572864 1572864 1572864 1572864 1572864 1572864 1572864 1572864 1572864 1572864 1572864 1572864 1572864 1572864 1572864 1572864 1572864 1572864 
2097152 2097152 2097152 2097152 2097152 2097152 1835008 1835008 1835008 1835008 1835008 1835008 1835008 1835008 1835008 1835008 1835008 1835008 1835008 1835008 1835008 1835008 1835008 1835008 1835008 1835008 1835008 1835008 
2359296 2359296 2359296 2359296 2359296 2359296 2359296 2097152 2097152 2097152 2097152 2097152 2097152 2097152 2097152 2097152 2097152 2097152 2097152 2097152 2359296 2359296 2359296 2359296 2359296 2359296 2359296 2359296 
2621440 2621440 2621440 2621440 2621440 2621440 2621440 2621440 2359296 2359296 2359296 2359296 2359296 2359296 2621440 2621440 2621440 2621440 2621440 2621440 2621440 2621440 2621440 2621440 2621440 2621440 2621440 2621440 
2883584 2883584 2883584 2883584 2883584 2883584 2883584 2883584 2883584 2621440 2883584 2883584 2883584 2883584 2883584 2883584 2883584 2883584 2883584 2883584 2883584 2883584 2883584 2883584 2883584 2883584 2883584 2883584 
3145728 3145728 3145728 3145728 3145728 3145728 3145728 3145728 3145728 3145728 3145728 3145728 3145728 3145728 3145728 3145728 3145728 3145728 3145728 3145728 3145728 3145728 3145728 3145728 3145728 3145728 3145728 3145728 
3407872 3407872 3407872 3407872 3407872 3670016 3670016 3670016 3670016 3670016 3670016 3407872 3407872 3407872 3407872 3407872 3407872 3407872 3407872 3407872 3407872 3407872 3407872 3407872 3407872 3407872 3407872 3407872 
3670016 3932160 3932160 3932160 3932160 3932160 3932160 3932160 3932160 3932160 3932160 3932160 3670016 3670016 3670016 3670016 3670016 3670016 3670016 3670016 3670016 3670016 3670016 3670016 3670016 3670016 3670016 3670016 
4194304 4194304 4194304 4194304 4194304 4194304 4194304 4194304 4194304 4194304 4194304 4194304 4194304 3932160 3932160 3932160 3932160 3932160 3932160 3932160 3932160 3932160 3932160 3932160 3932160 4194304 4194304 4194304 
4456448 4456448 4456448 4456448 4456448 4456448 4456448 4456448 4456448 4456448 4456448 4456448 4456448 4456448 4194304 4194304 4194304 4194304 4194304 4194304 4194304 4194304 4194304 4456448 4456448 4456448 4456448 4456448 
4718592 4718592 4718592 4718592 4718592 4718592 4718592 4718592 4718592 4718592 4718592 4718592 4718592 4718592 4980736 4456448 4456448 4456448 4456448 4456448 4718592 4718592 4718592 4718592 4718592 4718592 4718592 4718592 
4980736 4980736 4980736 4980736 4980736 4980736 4980736 4980736 4980736 4980736 5242880 5242880 5242880 5242880 5242880 5242880 4718592 4718592 4980736 4980736 4980736 4980736 4980736 4980736 4980736 4980736 4980736 4980736 
5242880 5242880 5242880 5242880 5242880 5242880 5242880 5242880 5505024 5505024 5505024 5505024 5505024 5505024 5505024 5505024 5505024 5242880 5242880 5242880 5242880 5242880 5242880 5242880 5242880 5242880 5242880 5242880 
5505024 5505024 5505024 5505024 5505024 5767168 5767168 5767168 5767168 5767168 5767168 5767168 5767168 5767168 5767168 5767168 5767168 5767168 5505024 5505024 5505024 5505024 5505024 5505024 5505024 5505024 5505024 5505024 
5767168 5767168 5767168 6029312 6029312 6029312 6029312 6029312 6029312 6029312 6029312 6029312 6029312 6029312 6029312 6029312 6029312 6029312 6029312 5767168 5767168 5767168 5767168 5767168 5767168 5767168 5767168 5767168 
6029312 6291456 6291456 6291456 6291456 6291456 6291456 6291456 6291456 6291456 6291456 6291456 6291456 6291456 6291456 6291456 6291456 6291456 6553600 6553600 6029312 6029312 6029312 6029312 6029312 6029312 6029312 6029312 
6553600 6553600 6553600 6553600 6553600 6553600 6553600 6553600 6553600 6553600 6553600 6553600 6553600 6553600 6553600 6815744 6815744 6815744 6815744 6815744 6815744 6291456 6291456 6291456 6291456 6291456 6291456 6291456 
6815744 6815744 6815744 6815744 6815744 6815744 6815744 6815744 6815744 6815744 6815744 6815744 6815744 6815744 7077888 7077888 7077888 7077888 7077888 7077888 7077888 7077888 6553600 6553600 6553600 6553600 6553600 6815744 
7077888 7077888 7077888 7077888 7077888 7077888 7077888 7077888 7077888 7077888 7077888 7077888 7340032 7340032 7340032 7340032 7340032 7340032 7340032 7340032 7340032 7340032 7340032 6815744 6815744 6815744 7077888 7077888 
7340032 7340032 7340032 7340032 7340032 7340032 7340032 7340032 7340032 7340032 7602176 7602176 7602176 7602176 7602176 7602176 7602176 7602176 7602176 7602176 7602176 7602176 7602176 7602176 7077888 7340032 7340032 7340032 
7602176 7602176 7602176 7602176 7602176 7602176 7602176 7602176 7602176 7864320 7864320 7864320 7864320 7864320 7864320 7864320 7864320 7864320 7864320 7864320 7864320 7864320 8126464 8126464 8126464 7602176 7602176 7602176 
7864320 7864320 7864320 7864320 7864320 7864320 7864320 7864320 8126464 8126464 8126464 8126464 8126464 8126464 8126464 8126464 8126464 8126464 8126464 8126464 8126464 8388608 8388608 8388608 8388608 8388608 7864320 7864320 
8126464 8126464 8126464 8126464 8126464 8126464 8126464 8388608 8388608 8388608 8388608 8388608 8388608 8388608 8388608 8388608 8388608 8388608 8388608 8650752 8650752 8650752 8650752 8650752 8650752 8650752 8650752 8126464 
RESULT of P * G of Matrix with size 28 X 28


-2040266752 -2034499584 -2028470272 -2022703104 -2016935936 -2010906624 -2005139456 -1999110144 -1993342976 -1987313664 -1981546496 -1975517184 -1969750016 -1963720704 -1957953536 -1951924224 -1946157056 -1940127744 -1934360576 -1928331264 -1922564096 -1916534784 -1910767616 -1904738304 -1898971136 -1892941824 -1887174656 -1881145344 
1657012224 1265369088 1279787008 1294204928 1308884992 1323302912 1337720832 1352400896 1366818816 1381236736 1395916800 1410334720 1424752640 1439432704 1453850624 1468268544 1482948608 1497366528 1512046592 1526464512 1540882432 1555562496 1569980416 1584398336 1599078400 1613496320 1627914240 1642594304 
877133824 900202496 276037632 299106304 322174976 345243648 368312320 391643136 414711808 437780480 460849152 483917824 507248640 530317312 553385984 576454656 599785472 622854144 645922816 668991488 692060160 715390976 738459648 761528320 784596992 807927808 830996480 854065152 
80216064 111935488 143654912 -713555968 -681574400 -649854976 -618135552 -586416128 -554696704 -522977280 -491257856 -459538432 -427819008 -396099584 -364380160 -332398592 -300679168 -268959744 -237240320 -205520896 -173801472 -142082048 -110362624 -78643200 -46923776 -15204352 16777216 48496640 
-734265344 -693895168 -653524992 -613154816 -1702887424 -1662517248 -1622147072 -1581776896 -1541406720 -1501036544 -1460666368 -1420296192 -1379926016 -1339555840 -1299185664 -1258815488 -1218445312 -1178075136 -1137704960 -1097334784 -1056964608 -1016594432 -976224256 -935854080 -895483904 -855113728 -814743552 -774635520 
-1565786112 -1516765184 -1467744256 -1418723328 -1369702400 1602748416 1651769344 1700790272 1749811200 1798832128 1847853056 1896611840 1945632768 1994653696 2043674624 2092695552 2141716480 -2104492032 -2055471104 -2006450176 -1957429248 -1908408320 -1859649536 -1810628608 -1761607680 -1712586752 -1663565824 -1614544896 
1880621056 1938030592 1995702272 2053373952 2110783488 -2126512128 613416960 671088640 728760320 786432000 843841536 901513216 959184896 1016594432 1074266112 1131937792 1189347328 1247019008 1304690688 1362100224 1419771904 1477443584 1535115264 1592524800 1650196480 1707868160 1765277696 1822949376 
1014497280 1080819712 1146880000 1213202432 1279262720 1345585152 1411907584 -375914496 -309592064 -243269632 -177209344 -110886912 -44826624 21495808 87556096 153878528 219938816 286261248 352583680 418643968 484966400 551026688 617349120 683409408 749731840 816054272 882114560 948436992 
131334144 206045184 281018368 355729408 430702592 505413632 580386816 655097856 -1365245952 -1290272768 -1215561728 -1140588544 -1065877504 -990904320 -916193280 -841482240 -766509056 -691798016 -616824832 -542113792 -467140608 -392429568 -317718528 -242745344 -168034304 -93061120 -18350080 56623104 
-769130496 -685768704 -602144768 -518782976 -435421184 -351797248 -268435456 -185073664 -101711872 1940389888 2024013824 2107375616 -2104229888 -2020605952 -1937244160 -1853882368 -1770520576 -1686896640 -1603534848 -1520173056 -1436549120 -1353187328 -1269825536 -1186201600 -1102839808 -1019478016 -936116224 -852492288 
-1686896640 -1594621952 -1502609408 -1410596864 -1318584320 -1226571776 -1134559232 -1042546688 -950272000 -858259456 951058432 1043333120 1135345664 1227358208 1319370752 1411383296 1503395840 1595670528 1687683072 1779695616 1871708160 1963720704 2055733248 -2146959360 -2054946816 -1962934272 -1870921728 -1778909184 
1673265152 1773928448 1874591744 1975255040 2075918336 -2118385664 -2017722368 -1917059072 -1816395776 -1715732480 -1615069184 -38273024 62390272 163053568 263716864 364380160 465305600 565968896 666632192 767295488 867958784 968622080 1069285376 1169948672 1270611968 1371275264 1471938560 1572601856 
721158144 830472192 939786240 1048838144 1158152192 1267466240 1376780288 1486094336 1595408384 1704722432 1814036480 1923350528 -1027604480 -918290432 -808976384 -699662336 -590348288 -481034240 -371720192 -262406144 -153092096 -44040192 65273856 174587904 283901952 393216000 502530048 611844096 
-248250368 -130285568 -12582912 105381888 223346688 341311488 459014144 576978944 694943744 812908544 930873344 1048576000 1166540800 -2016935936 -1898971136 -1781006336 -1663041536 -1545338880 -1427374080 -1309409280 -1191444480 -1073741824 -955777024 -837812224 -719847424 -601882624 -484179968 -366215168 
-1234960384 -1108344832 -981991424 -855375872 -728760320 -602406912 -475791360 -349175808 -222822400 -96206848 30408704 156762112 283377664 409731072 1288699904 1415315456 1541931008 1668284416 1794899968 1921253376 2047868928 -2120482816 -1994129408 -1867513856 -1740898304 -1614544896 -1487929344 -1361313792 
2056257536 -2103705600 -1968439296 -1833435136 -1698168832 -1563164672 -1427898368 -1292894208 -1157627904 -1022623744 -887357440 -752353280 -617086976 -482082816 -346816512 299368448 434634752 569638912 704905216 839909376 975175680 1110179840 1245446144 1380450304 1515716608 1650720768 1785987072 1920991232 
1035206656 1178861568 1322516480 1466433536 1610088448 1754005504 1897660416 2041315328 -2109734912 -1966080000 -1822425088 -1678508032 -1534853120 -1390936064 -1247281152 -1103626240 -689963008 -546045952 -402391040 -258736128 -114819072 28835840 172490752 316407808 460062720 603979776 747634688 891289600 
-3145728 149159936 301465600 454033408 606339072 758644736 910950400 1063518208 1215823872 1368129536 1520435200 1673003008 1825308672 1977614336 2129920000 -2012479488 -1860173824 -1679294464 -1526988800 -1374420992 -1222115328 -1069809664 -917504000 -764936192 -612630528 -460324864 -308019200 -155451392 
-1058799616 -897843200 -736624640 -575668224 -414711808 -253755392 -92798976 68157440 229113856 390070272 551026688 712245248 873201664 1034158080 1195114496 1356070912 1517027328 1677983744 1626341376 1787297792 1948254208 2109472768 -2024538112 -1863581696 -1702625280 -1541668864 -1380712448 -1219756032 
-2131492864 -1961885696 -1792278528 -1622671360 -1453064192 -1283457024 -1113849856 -944242688 -774635520 -605028352 -435421184 -265814016 -96206848 73400320 243007488 412614656 582221824 751828992 921436160 637009920 806617088 976224256 1145831424 1315438592 1485045760 1654652928 1824260096 1993867264 
1073479680 1251737600 1429995520 1607991296 1786249216 1964507136 2142765056 -1973944320 -1795686400 -1617428480 -1439432704 -1261174784 -1082916864 -904658944 -726401024 -548143104 -370147328 -191889408 -13631488 164626432 -352321536 -174063616 4194304 182452224 360710144 538705920 716963840 895221760 
-33816576 153092096 340000768 526647296 713555968 900464640 1087111168 1274019840 1460928512 1647837184 1834483712 2021392384 -2086666240 -1900019712 -1713111040 -1526202368 -1339293696 -1152647168 -965738496 -778829824 -592183296 -1341652992 -1154744320 -967835648 -781189120 -594280448 -407371776 -220725248 
-1158152192 -962854912 -767295488 -571998208 -376438784 -180879360 14417920 209977344 405274624 600834048 796131328 991690752 1187250176 1382547456 1578106880 1773404160 1968963584 -2130444288 -1935147008 -1739587584 -1544290304 -1348730880 1963982848 -2135425024 -1940127744 -1744568320 -1549271040 -1353711616 
1994915840 -2095841280 -1891893248 -1687683072 -1483735040 -1279524864 -1075576832 -871366656 -667418624 -463470592 -259260416 -55312384 148897792 352845824 557056000 761004032 965214208 1169162240 1373110272 1577320448 1781268480 1985478656 -2105540608 974651392 1178861568 1382809600 1586757632 1790967808 
835977216 1048838144 1261436928 1474035712 1686896640 1899495424 2112094208 -1970012160 -1757413376 -1544814592 -1331953664 -1119354880 -906756096 -693895168 -481296384 -268697600 -56098816 156762112 369360896 581959680 794820608 1007419392 1220018176 1432879104 -14680064 197918720 410779648 623378432 
-340000768 -118751232 102498304 323747840 544997376 766509056 987758592 1209008128 1430257664 1651507200 1872756736 2094268416 -1979449344 -1758199808 -1536950272 -1315700736 -1094189056 -872939520 -651689984 -430440448 -209190912 12320768 233570304 454819840 676069376 -1004011520 -782761984 -561512448 
-1533542400 -1303642112 -1073741824 -843841536 -613941248 -384040960 -154140672 76021760 305922048 535822336 765722624 995622912 1225523200 1455423488 1685323776 1915224064 2145124352 -1919942656 -1690042368 -1460142080 -1230241792 -1000341504 -770441216 -540540928 -310640640 -80478208 -1993342976 -1763442688 
1550843904 1789394944 2027945984 -2028470272 -1789919232 -1551368192 -1313079296 -1074528256 -835977216 -597426176 -358875136 -120324096 118226944 356777984 595329024 833880064 1072431104 1310982144 1549533184 1787822080 2026373120 -2030043136 -1791492096 -1552941056 -1314390016 -1075838976 -837287936 1312292864 
RESULT of P G * G of Matrix with size 28 X 28


0 0 0 0 0 0 0 0 0 0 0 0 0 0 0 0 0 0 0 0 0 0 0 262144 262144 262144 262144 262144 
786432 0 0 0 0 0 0 0 0 262144 262144 262144 262144 262144 262144 262144 262144 524288 524288 524288 524288 524288 524288 524288 524288 786432 786432 786432 
1310720 1310720 0 0 0 0 0 262144 262144 262144 262144 524288 524288 524288 524288 524288 786432 786432 786432 786432 786432 1048576 1048576 1048576 1048576 1048576 1310720 1310720 
1835008 1835008 2097152 0 0 0 262144 262144 262144 262144 524288 524288 524288 786432 786432 786432 786432 1048576 1048576 1048576 1310720 1310720 1310720 1572864 1572864 1572864 1572864 1835008 
2359296 2359296 2621440 2621440 0 0 0 262144 262144 524288 524288 524288 786432 786432 786432 1048576 1048576 1310720 1310720 1310720 1572864 1572864 1835008 1835008 1835008 2097152 2097152 2097152 
2621440 2883584 2883584 3145728 3145728 0 0 262144 262144 524288 524288 786432 786432 786432 1048576 1048576 1310720 1310720 1572864 1572864 1835008 1835008 2097152 2097152 2359296 2359296 2359296 2621440 
3145728 3145728 3407872 3407872 3670016 3932160 0 0 262144 262144 524288 786432 786432 1048576 1048576 1310720 1310720 1572864 1572864 1835008 1835008 2097152 2359296 2359296 2621440 2621440 2883584 2883584 
3407872 3670016 3670016 3932160 4194304 4194304 4456448 0 0 262144 524288 524288 786432 1048576 1048576 1310720 1310720 1572864 1835008 1835008 2097152 2359296 2359296 2621440 2883584 2883584 3145728 3145728 
3670016 3932160 4194304 4194304 4456448 4718592 4718592 4980736 0 262144 262144 524288 786432 786432 1048576 1310720 1572864 1572864 1835008 2097152 2097152 2359296 2621440 2883584 2883584 3145728 3407872 3407872 
3932160 4194304 4456448 4456448 4718592 4980736 5242880 5505024 5505024 0 262144 524288 524288 786432 1048576 1310720 1310720 1572864 1835008 2097152 2359296 2359296 2621440 2883584 3145728 3407872 3407872 3670016 
4194304 4456448 4718592 4718592 4980736 5242880 5505024 5767168 6029312 6291456 0 262144 524288 786432 786432 1048576 1310720 1572864 1835008 2097152 2359296 2621440 2883584 2883584 3145728 3407872 3670016 3932160 
4194304 4456448 4718592 4980736 5242880 5505024 5767168 6029312 6291456 6553600 6815744 0 262144 524288 786432 1048576 1310720 1572864 1835008 2097152 2359296 2621440 2883584 3145728 3407872 3670016 3670016 3932160 
4456448 4718592 4980736 5242880 5505024 5767168 6029312 6291456 6553600 6815744 7077888 7340032 0 262144 524288 786432 1048576 1310720 1572864 1835008 2097152 2359296 2883584 3145728 3407872 3670016 3932160 4194304 
4456448 4718592 4980736 5242880 5767168 6029312 6291456 6553600 6815744 7077888 7340032 7864320 8126464 0 262144 524288 786432 1310720 1572864 1835008 2097152 2359296 2621440 2883584 3407872 3670016 3932160 4194304 
4456448 4718592 5242880 5505024 5767168 6029312 6291456 6815744 7077888 7340032 7602176 8126464 8388608 8650752 0 262144 786432 1048576 1310720 1572864 1835008 2359296 2621440 2883584 3145728 3670016 3932160 4194304 
4456448 4718592 5242880 5505024 5767168 6291456 6553600 6815744 7077888 7602176 7864320 8126464 8650752 8912896 9175040 0 262144 786432 1048576 1310720 1835008 2097152 2359296 2883584 3145728 3407872 3670016 4194304 
4456448 4718592 5242880 5505024 5767168 6291456 6553600 7077888 7340032 7602176 8126464 8388608 8650752 9175040 9437184 9961472 0 524288 786432 1048576 1572864 1835008 2359296 2621440 2883584 3407872 3670016 3932160 
4194304 4718592 4980736 5505024 5767168 6291456 6553600 7077888 7340032 7864320 8126464 8650752 8912896 9175040 9699328 9961472 10485760 0 524288 786432 1310720 1572864 2097152 2359296 2883584 3145728 3407872 3932160 
4194304 4456448 4980736 5242880 5767168 6291456 6553600 7077888 7340032 7864320 8126464 8650752 8912896 9437184 9961472 10223616 10747904 11010048 0 524288 786432 1310720 1835008 2097152 2621440 2883584 3407872 3670016 
3932160 4456448 4718592 5242880 5767168 6029312 6553600 7077888 7340032 7864320 8126464 8650752 9175040 9437184 9961472 10485760 10747904 11272192 11534336 0 524288 1048576 1310720 1835008 2359296 2621440 3145728 3407872 
3670016 4194304 4718592 4980736 5505024 6029312 6291456 6815744 7340032 7864320 8126464 8650752 9175040 9437184 9961472 10485760 11010048 11272192 11796480 12320768 0 524288 1048576 1572864 1835008 2359296 2883584 3145728 
3407872 3932160 4456448 4718592 5242880 5767168 6291456 6815744 7077888 7602176 8126464 8650752 9175040 9437184 9961472 10485760 11010048 11534336 11796480 12320768 12845056 0 524288 1048576 1572864 2097152 2359296 2883584 
3145728 3670016 4194304 4456448 4980736 5505024 6029312 6553600 7077888 7602176 8126464 8650752 8912896 9437184 9961472 10485760 11010048 11534336 12058624 12582912 13107200 13369344 0 524288 1048576 1572864 2097152 2621440 
2621440 3145728 3670016 4194304 4718592 5242880 5767168 6291456 6815744 7340032 7864320 8388608 8912896 9437184 9961472 10485760 11010048 11534336 12058624 12582912 13107200 13631488 14155776 262144 524288 1048576 1572864 2097152 
2359296 2883584 3407872 3932160 4456448 4980736 5505024 6029312 6553600 7077888 7602176 8126464 8650752 9175040 9961472 10485760 11010048 11534336 12058624 12582912 13107200 13631488 14155776 14680064 262144 786432 1310720 1835008 
1835008 2359296 2883584 3407872 4194304 4718592 5242880 5767168 6291456 6815744 7340032 8126464 8650752 9175040 9699328 10223616 10747904 11272192 11796480 12582912 13107200 13631488 14155776 14680064 15204352 262144 786432 1310720 
1310720 1835008 2621440 3145728 3670016 4194304 4718592 5505024 6029312 6553600 7077888 7864320 8388608 8912896 9437184 9961472 10747904 11272192 11796480 12320768 13107200 13631488 14155776 14680064 15204352 15990784 262144 786432 
786432 1310720 2097152 2621440 3145728 3932160 4456448 4980736 5505024 6291456 6815744 7340032 8126464 8650752 9175040 9961472 10485760 11010048 11534336 12320768 12845056 13369344 14155776 14680064 15204352 15990784 16515072 262144 
RESULT of P * Gt of Matrix with size 28 X 28


85983232 212336640 338690048 465305600 591659008 718012416 844365824 970719232 1097072640 1223426048 1349779456 1476132864 1602486272 1728839680 1855193088 1981546496 2107899904 -2060713984 -1934360576 -1808007168 -1681653760 -1555300352 -1428946944 -1302331392 -1175977984 -1049624576 -923271168 -796917760 
1587019776 251133952 618659840 986447872 1353973760 1721499648 2089287680 -1838153728 -1470627840 -1102839808 -735313920 -367525888 0 367525888 735313920 1102839808 1470365696 1838153728 -2089287680 -1721761792 -1353973760 -986447872 -618921984 -251133952 116391936 483917824 851705856 1219231744 
-932970496 -324272128 416284672 1024983040 1633943552 -2052063232 -1443364864 -834404352 -225705984 383254528 992215040 1600913408 -2085093376 -1476132864 -867434496 -258473984 350486528 959184896 1568145408 -2117861376 -1509163008 -900202496 -291241984 317456384 926416896 1535377408 2144075776 -1541931008 
359399424 1209532416 2059665408 581173248 1431306240 -2013528064 -1163395072 -313262080 536870912 1387003904 -2057830400 -1207697408 -357564416 492568576 1342701568 -2102132736 -1251999744 -401866752 448266240 1298399232 -2146435072 -1296564224 -446431232 403701760 1253834752 2103967744 -1340866560 -490733568 
1169424384 -2034237440 -942669824 148635648 746323968 1837629440 -1366032384 -274726912 816840704 1908146176 -1295515648 -203948032 887357440 1978662912 -1224998912 -133431296 957874176 2049179648 -1154482176 -62914560 1028390912 2119696384 -1083703296 7602176 1098907648 -2104754176 -1013186560 78118912 
1497104384 -1465384960 -132644864 1199833088 -1762394112 911212544 -2051014656 -718536704 614203392 1946943488 -1015545856 317194240 1649672192 -1312555008 19922944 1352663040 -1609564160 -277086208 1055653888 -1906835456 -574095360 758382592 2091122688 -871104512 461373440 1794113536 -1168375808 164364288 
1341915136 -1379139584 194772992 1768685568 -952369152 621543424 1076363264 -1644691456 -70778880 1502871552 -1218183168 355729408 1929641984 -791412736 782499840 -1938554880 -364642304 1209270272 -1512046592 61865984 1635778560 -1085276160 488636416 2062548992 -658505728 915406848 -1805910016 -231997440 
704380928 -1775239168 39845888 1854930944 -624951296 1190133760 -1289748480 1241251840 -1238368256 576716800 -1903165440 -88080384 1727004672 -752615424 1062469632 -1417412608 397672448 -2082209792 -267124736 1548222464 -931659776 883425280 -1596456960 218628096 2033975296 -445906944 1369178112 -1110704128 
-415498240 1640759296 -597688320 1458569216 -779878400 1276379136 -962068480 1094189056 1406402560 -832307200 1224212480 -1014497280 1042022400 -1196687360 859832320 -1378877440 677642240 -1561067520 495452160 -1743257600 313262080 -1925447680 131072000 -2107637760 -51118080 2005139456 -233308160 1822949376 
-2017984512 279707648 -1717829632 579862528 -1417412608 880279552 -1116995584 1180434432 -816840704 1571553280 -425984000 1871708160 -125566976 -2122842112 174850048 -1822687232 475004928 -1522270208 775421952 -1221853184 1075576832 -921698304 1375993856 -621281280 1676410880 -321126400 1976565760 -20709376 
191889408 -1564213248 974651392 -781451264 1757413376 1572864 -1754529792 784334848 -971767808 1567096832 1736441856 -19660800 -1775763456 763101184 -992739328 1546125312 -209977344 -1966080000 572784640 -1183318016 1355546624 -400556032 2138308608 382205952 -1373634560 1165230080 -590872576 1947992064 
1919418368 404488192 -1110441984 1669857280 154927104 -1359740928 1420296192 -94371840 -1609302016 1170735104 -343932928 1901592576 386662400 -1128005632 1652031488 137101312 -1377566720 1402470400 -112197632 -1627127808 1152909312 -361758720 -1876688896 903610368 -611319808 -2126249984 654049280 -860880896 
-1130627072 1890582528 617086976 -656408576 -1929904128 1091305472 -182190080 -1455685632 1565523968 292028416 -981467136 2040004608 2066481152 792985600 -480509952 -1754267648 1267204096 -6291456 -1279787008 1741422592 467927040 -805568512 -2079326208 942145536 -331350016 -1604845568 1416364032 142868480 
-368312320 -1400635392 1862008832 829685760 -202637312 -1234960384 2027683840 995360768 -36962304 -1069285376 -2101608448 1161035776 128712704 -2063335424 1199308800 166985728 -865337344 -1897660416 1364983808 332660736 -699662336 -1731985408 1530658816 498335744 -533987328 -1566310400 1696333824 664010752 
-88342528 -879493120 -1670381568 1833435136 1042284544 251396096 -539754496 -1330905088 -2121793536 1382023168 590872576 -200015872 -991166464 -1782317056 -1898446848 1605632000 814481408 23330816 -767557632 -1558708224 1945108480 1154220032 363069440 -428081152 -1218969600 -2010120192 1493696512 702808064 
-290979840 -840695808 -1390673920 -1940389888 1804861440 1254883328 705167360 155451392 -394526720 -944242688 -1493958656 -2043936768 1701314560 1151336448 601620480 -1733296128 2011955200 1461977088 912261120 362545152 -187432960 -737148928 -1287127040 -1836843008 1908408320 1358430208 808714240 258998272 
-975962112 -1284505600 -1593049088 -1901592576 2084831232 1776287744 1467482112 1158938624 850395136 541851648 233308160 -75235328 -383778816 -692322304 -1000865792 -1309409280 -1568145408 -1876688896 2109734912 1800929280 1492385792 1183842304 875298816 566755328 258211840 -50331648 -358875136 -667418624 
-2143551488 2084044800 2016673792 1949564928 1882193920 1814822912 1747451904 1680343040 1612972032 1545601024 1478230016 1410859008 1343750144 1276379136 1209008128 1141637120 1074528256 -1403256832 -1470627840 -1537736704 -1605107712 -1672478720 -1739849728 -1806958592 -1874329600 -1941700608 -2009071616 -2076180480 
501219328 675282944 849084416 1023148032 1196949504 1371013120 1545076736 1718878208 1892941824 2066743296 -2054160384 -1880358912 -1706295296 -1532493824 -1358430208 -1184628736 -1010565120 -836763648 -1238106112 -1064304640 -890241024 -716439552 -542375936 -368312320 -194510848 -20447232 153354240 327417856 
-1631322112 -1216086016 -800849920 -385613824 29360128 444596224 859832320 1275068416 1690304512 2105540608 -1774190592 -1359216640 -943980544 -528744448 -113508352 301727744 716963840 1131937792 1547173888 -1073217536 -657981440 -242745344 172490752 587726848 1002962944 1417936896 1833172992 -2046558208 
48496640 704905216 1361575936 2017984512 -1620574208 -964165632 -307757056 348651520 1005060096 1661730816 -1976827904 -1320419328 -664010752 -7602176 648806400 1305477120 1961885696 -1676673024 -1020264448 -363855872 -908066816 -251658240 404750336 1061158912 1717829632 -1920729088 -1264320512 -607911936 
1245970432 2143551488 -1253572608 -355991552 541851648 1439432704 -1957691392 -1060110336 -162529280 735313920 1632894976 -1764229120 -866648064 31195136 928776192 1826619392 -1570766848 -672923648 224657408 1122238464 2020081664 -742916096 154664960 1052246016 1950089216 -1447297024 -549453824 348127232 
1960837120 -1195376640 -56360960 1082654720 -2073296896 -934281216 204472320 1343488000 -1812463616 -673447936 465305600 1604321280 -1551630336 -412614656 726138880 1865154560 -1290797056 -151781376 986972160 2125987840 -1029963776 109051904 -578027520 560988160 1700003840 -1456209920 -317194240 821821440 
-2101870592 -721682432 658505728 2038693888 -876085248 504102912 1884291072 -1030225920 349962240 1730150400 -1184628736 195559424 1575747584 -1339031552 41156608 1421344768 -1493434368 -113246208 1266941952 -1647837184 -267649024 1112801280 -1801977856 -412876800 967311360 -1947467776 -567279616 812908544 
1943011328 -730595328 891027456 -1782579200 -161218560 1460404224 -1213202432 408158208 2029780992 -643825664 977797120 -1695809536 -74448896 1547173888 -1126432768 494927872 2116550656 -557056000 1064566784 -1609039872 12320768 1633943552 -1039663104 581697536 -247988224 1373634560 -1299972096 321388544 
1210318848 -1221853184 640679936 -1791492096 71303168 1933836288 -498335744 1364459520 -1067974656 794820608 -1637351424 225181696 2087976960 -344195072 1518338048 -913833984 948961280 -1483472896 379322368 -2052849664 -190054400 1672478720 -759693312 1103101952 -1329332224 -82837504 1779957760 -652476416 
-4980736 2098987008 -92012544 2011955200 -179044352 1924923392 -266076160 1837891584 -353107968 1750859776 -440139776 1663827968 -527171584 1576796160 -614203392 1489764352 -701235200 1402732544 -788267008 1315700736 -875298816 1228668928 -962330624 1141637120 -1049362432 1054605312 82051072 -2108948480 
-1702625280 642777088 -1307049984 1038090240 -911736832 1433665536 -516161536 1828978688 -120586240 -2070413312 274726912 -1674838016 670302208 -1279524864 1065615360 -883949568 1461190656 -488636416 1856765952 -93061120 -2042888192 302252032 -1647312896 697827328 -1251999744 1093402624 -856424448 247201792 
RESULT of PG * Gt of Matrix with size 28 X 28


5242880 5242880 5242880 5242880 5242880 5505024 5505024 5505024 5505024 5505024 5505024 5505024 5505024 5505024 5505024 5505024 5505024 5505024 5505024 5505024 5505024 5505024 5505024 5505024 5505024 5505024 5505024 5505024 
5505024 5242880 5242880 5242880 5242880 5505024 5505024 5505024 5505024 5505024 5505024 5505024 5505024 5505024 5505024 5505024 5505024 5505024 5505024 5505024 5505024 5505024 5505024 5505024 5505024 5505024 5505024 5505024 
5505024 5505024 5242880 5242880 5242880 5505024 5505024 5505024 5505024 5505024 5505024 5505024 5505024 5505024 5505024 5505024 5505024 5505024 5505024 5505024 5505024 5505024 5505024 5505024 5505024 5505024 5505024 5505024 
5505024 5505024 5767168 5242880 5242880 5505024 5505024 5505024 5505024 5505024 5505024 5505024 5505024 5505024 5505024 5505024 5505024 5505024 5505024 5505024 5505024 5505024 5505024 5505024 5505024 5505024 5505024 5505024 
5505024 5505024 5767168 5767168 5242880 5505024 5505024 5505024 5505024 5505024 5505024 5505024 5505024 5505024 5505024 5505024 5505024 5505024 5505024 5505024 5505024 5505024 5505024 5505024 5505024 5505024 5505024 5505024 
5505024 5505024 5767168 5767168 5767168 5505024 5505024 5505024 5505024 5505024 5505024 5505024 5505024 5505024 5505024 5505024 5505024 5505024 5505024 5505024 5505024 5505024 5505024 5505024 5505024 5505024 5505024 5505024 
5505024 5505024 5767168 5767168 5767168 5767168 5505024 5505024 5505024 5505024 5505024 5505024 5505024 5505024 5505024 5505024 5505024 5505024 5505024 5505024 5505024 5505024 5505024 5505024 5505024 5505024 5505024 5505024 
5505024 5505024 5767168 5767168 5767168 5767168 5767168 5505024 5505024 5505024 5505024 5505024 5505024 5505024 5505024 5505024 5505024 5505024 5505024 5505024 5505024 5505024 5505024 5505024 5505024 5505024 5505024 5505024 
5505024 5505024 5767168 5767168 5767168 5767168 5767168 5767168 5505024 5505024 5505024 5505024 5505024 5505024 5505024 5505024 5505024 5505024 5505024 5505024 5505024 5505024 5505024 5505024 5505024 5505024 5505024 5505024 
5505024 5505024 5767168 5767168 5767168 5767168 5767168 5767168 5767168 5505024 5505024 5505024 5505024 5505024 5505024 5505024 5505024 5505024 5505024 5505024 5505024 5505024 5505024 5505024 5505024 5505024 5505024 5505024 
5505024 5767168 5767168 5767168 5767168 5767168 5767168 5767168 5767168 5767168 5505024 5505024 5505024 5505024 5505024 5505024 5505024 5505024 5505024 5505024 5505024 5505024 5505024 5505024 5505024 5505024 5505024 5505024 
5505024 5767168 5767168 5767168 5767168 5767168 5767168 5767168 5767168 5767168 5767168 5505024 5505024 5505024 5505024 5505024 5505024 5505024 5505024 5505024 5505024 5505024 5505024 5505024 5505024 5505024 5505024 5505024 
5505024 5767168 5767168 5767168 5767168 5767168 5767168 5767168 5767168 5767168 5767168 5767168 5505024 5505024 5505024 5505024 5505024 5505024 5505024 5505024 5505024 5505024 5505024 5505024 5505024 5505024 5505024 5505024 
5505024 5767168 5767168 5767168 5767168 5767168 5767168 5767168 5767168 5767168 5767168 5767168 5767168 5505024 5505024 5505024 5505024 5505024 5505024 5505024 5505024 5505024 5505024 5505024 5505024 5505024 5505024 5505024 
5505024 5767168 5767168 5767168 5767168 5767168 5767168 5767168 5767168 5767168 5767168 5767168 5767168 5767168 5505024 5505024 5505024 5505024 5505024 5505024 5505024 5505024 5505024 5505024 5505024 5505024 5505024 5505024 
5505024 5767168 5767168 5767168 5767168 5767168 5767168 5767168 5767168 5767168 5767168 5767168 5767168 5767168 5767168 5505024 5505024 5505024 5505024 5505024 5505024 5505024 5505024 5505024 5505024 5505024 5505024 5505024 
5505024 5767168 5767168 5767168 5767168 5767168 5767168 5767168 5767168 5767168 5767168 5767168 5767168 5767168 5767168 5767168 5505024 5505024 5505024 5505024 5505024 5505024 5505024 5505024 5505024 5505024 5505024 5505024 
5505024 5767168 5767168 5767168 5767168 5767168 5767168 5767168 5767168 5767168 5767168 5767168 5767168 5767168 5767168 5767168 5767168 5505024 5505024 5505024 5505024 5505024 5505024 5505024 5505024 5505024 5505024 5505024 
5505024 5767168 5767168 5767168 5767168 5767168 5767168 5767168 5767168 5767168 5767168 5767168 5767168 5767168 5767168 5767168 5767168 5767168 5505024 5505024 5505024 5505024 5505024 5505024 5505024 5505024 5505024 5505024 
5505024 5767168 5767168 5767168 5767168 5767168 5767168 5767168 5767168 5767168 5767168 5767168 5767168 5767168 5767168 5767168 5767168 5767168 5767168 5505024 5505024 5505024 5505024 5505024 5505024 5505024 5505024 5505024 
5505024 5505024 5767168 5767168 5767168 5767168 5767168 5767168 5767168 5767168 5767168 5767168 5767168 5767168 5767168 5767168 5767168 5767168 5767168 5767168 5505024 5505024 5505024 5505024 5505024 5505024 5505024 5505024 
5505024 5505024 5767168 5767168 5767168 5767168 5767168 5767168 5767168 5767168 5767168 5767168 5767168 5767168 5767168 5767168 5767168 5767168 5767168 5767168 5767168 5505024 5505024 5505024 5505024 5505024 5505024 5505024 
5505024 5505024 5767168 5767168 5767168 5767168 5767168 5767168 5767168 5767168 5767168 5767168 5767168 5767168 5767168 5767168 5767168 5767168 5767168 5767168 5767168 5767168 5505024 5505024 5505024 5505024 5505024 5505024 
5505024 5505024 5767168 5767168 5767168 5767168 5767168 5767168 5767168 5767168 5767168 5767168 5767168 5767168 5767168 5767168 5767168 5767168 5767168 5767168 5767168 5767168 5767168 5505024 5505024 5505024 5505024 5505024 
5505024 5505024 5767168 5767168 5767168 5767168 5767168 5767168 5767168 5767168 5767168 5767168 5767168 5767168 5767168 5767168 5767168 5767168 5767168 5767168 5767168 5767168 5767168 5767168 5505024 5505024 5505024 5505024 
5505024 5505024 5767168 5767168 5767168 5767168 5767168 5767168 5767168 5767168 5767168 5767168 5767168 5767168 5767168 5767168 5767168 5767168 5767168 5767168 5767168 5767168 5767168 5767168 5767168 5505024 5505024 5505024 
5505024 5505024 5767168 5767168 5767168 5767168 5767168 5767168 5767168 5767168 5767168 5767168 5767168 5767168 5767168 5767168 5767168 5767168 5767168 5767168 5767168 5767168 5767168 5767168 5767168 6029312 5505024 5505024 
5505024 5505024 5767168 5767168 5767168 5767168 5767168 5767168 5767168 5767168 5767168 5767168 5767168 5767168 5767168 5767168 5767168 5767168 5767168 5767168 5767168 5767168 5767168 5767168 5767168 6029312 6029312 5505024 
RESULT of Pt * G of Matrix with size 28 X 28


-185335808 -28573696 128188416 284950528 441712640 598474752 754974720 911736832 1068498944 1225261056 1382023168 1538785280 1695547392 1852309504 2009071616 -2129395712 -1972633600 -1815871488 -1659109376 -1502347264 -1345585152 -1188823040 -1032060928 -875560960 -718798848 -562036736 -405274624 -248512512 
-122159104 -67371008 89915392 246939648 403963904 560988160 718012416 875036672 1032060928 1189085184 1346109440 1503133696 1660157952 1817182208 1974206464 2131230720 -2006712320 -1849688064 -1692663808 -1535377408 -1378353152 -1221328896 -1064304640 -907280384 -750256128 -593231872 -436207616 -279183360 
-153092096 4194304 50855936 208142336 365428736 522977280 680263680 837550080 994836480 1152122880 1309671424 1466957824 1624244224 1781530624 1939079168 2096365568 -2041315328 -1884028928 -1726480384 -1569193984 -1411907584 -1254621184 -1097334784 -939786240 -782499840 -625213440 -467927040 -310378496 
-184811520 -27000832 130547712 168820736 326631424 484179968 641728512 799539200 957087744 1114898432 1272446976 1429995520 1587806208 1745354752 1903165440 2060713984 -2076704768 -1918894080 -1761345536 -1603534848 -1445986304 -1288175616 -1130627072 -973078528 -815267840 -657719296 -499908608 -342360064 
-217055232 -58982400 99090432 256901120 287047680 444858368 602931200 760741888 918814720 1076625408 1234698240 1392771072 1550581760 1708654592 1866465280 2024538112 -2112356352 -1954545664 -1796472832 -1638662144 -1480589312 -1322778624 -1164705792 -1006632960 -848822272 -690749440 -532938752 -374865920 
-249823232 -91488256 66846720 225181696 383254528 405012480 563347456 721420288 879755264 1038090240 1196425216 1354498048 1512833024 1671168000 1829502976 1987575808 2145910784 -1990721536 -1832386560 -1674313728 -1515978752 -1357643776 -1199308800 -1041235968 -882900992 -724566016 -566231040 -407896064 
-283115520 -124518400 34078720 192413696 351010816 509607936 522977280 681574400 840171520 998768640 1157365760 1315962880 1474560000 1633157120 1791754240 1950351360 2108948480 -2027683840 -1869086720 -1710489600 -1551892480 -1393295360 -1234698240 -1076101120 -917504000 -758906880 -600309760 -441712640 
-317194240 -158334976 524288 159383552 318242816 477102080 635961344 641204224 800063488 958922752 1117782016 1276641280 1435500544 1594359808 1753219072 1912078336 2071199744 -2064908288 -1906049024 -1747189760 -1588330496 -1429471232 -1270611968 -1111752704 -952893440 -794034176 -634912768 -476053504 
-352059392 -192675840 -33554432 125566976 284950528 444071936 603193344 762314752 759169024 918290432 1077673984 1236795392 1395916800 1555038208 1714421760 1873543168 2032664576 -2103181312 -1943797760 -1784676352 -1625554944 -1466171392 -1307049984 -1147928576 -988807168 -829423616 -670302208 -511180800 
-387186688 -227803136 -68157440 91226112 250871808 410255360 569901056 729284608 888668160 877133824 1036779520 1196163072 1355808768 1515192320 1674838016 1834221568 1993605120 -2141716480 -1982332928 -1822687232 -1663303680 -1503657984 -1344274432 -1184628736 -1025245184 -865599488 -706215936 -546832384 
-423100416 -263192576 -103546880 56360960 216006656 375914496 535822336 695468032 855375872 1015283712 995360768 1155006464 1314914304 1474822144 1634467840 1794375680 1954021376 2113929216 -2021130240 -1861484544 -1701576704 -1541668864 -1382023168 -1222115328 -1062469632 -902561792 -742653952 -583008256 
-459538432 -299630592 -139460608 20709376 180879360 341049344 500957184 661127168 821297152 981467136 1141637120 1113325568 1273495552 1433665536 1593573376 1753743360 1913913344 2074083328 -2060713984 -1900806144 -1740636160 -1580466176 -1420296192 -1260126208 -1100218368 -940048384 -779878400 -619708416 
-496762880 -336330752 -175898624 -15466496 144965632 305397760 465829888 626262016 786694144 947126272 1107558400 1267990528 1231290368 1391722496 1552154624 1712586752 1873018880 2033451008 -2101084160 -1940652032 -1780219904 -1619787776 -1459355648 -1298923520 -1138491392 -978059264 -817627136 -657195008 
-534511616 -373817344 -213123072 -52428800 108527616 269221888 429916160 590610432 751304704 911998976 1072693248 1233649664 1394343936 1349517312 1510211584 1670905856 1831600128 1992294400 -2141978624 -1981022208 -1820327936 -1659633664 -1498939392 -1338245120 -1177550848 -1016856576 -855900160 -695205888 
-572784640 -411828224 -250871808 -89653248 71303168 232259584 393216000 554434560 715390976 876347392 1037565952 1198522368 1359478784 1520697344 1467482112 1628438528 1789657088 1950613504 2111569920 -2022178816 -1861222400 -1700265984 -1539047424 -1378091008 -1217134592 -1055916032 -894959616 -734003200 
-611844096 -450625536 -289144832 -127926272 33554432 194772992 356253696 517472256 678952960 840171520 1001652224 1162870784 1324351488 1485570048 1647050752 1585446912 1746927616 1908146176 2069626880 -2064121856 -1902641152 -1741422592 -1579941888 -1418723328 -1257242624 -1096024064 -934543360 -773324800 
-651427840 -489947136 -328204288 -166461440 -4980736 156762112 318504960 479985664 641728512 803471360 964952064 1126694912 1288437760 1449918464 1611661312 1773404160 1703673856 1865154560 2026897408 -2106327040 -1944846336 -1783103488 -1621360640 -1459879936 -1298137088 -1136394240 -974913536 -813170688 
-691798016 -529793024 -367788032 -205783040 -43778048 118226944 279969792 441974784 603979776 765984768 927989760 1089994752 1251999744 1413742592 1575747584 1737752576 1899757568 1821638656 1983643648 2145648640 -1987313664 -1825308672 -1663565824 -1501560832 -1339555840 -1177550848 -1015545856 -853540864 
-732430336 -570163200 -407896064 -245628928 -83361792 78905344 241172480 403439616 565706752 727973888 890241024 1052508160 1214775296 1377042432 1539309568 1701576704 1863843840 2026110976 1939865600 2102132736 -2030567424 -1868300288 -1706033152 -1543766016 -1381498880 -1219231744 -1056964608 -894697472 
-773849088 -611319808 -448790528 -286261248 -123731968 39059456 201588736 364118016 526647296 689176576 851705856 1014497280 1177026560 1339555840 1502085120 1664614400 1827405824 1989935104 -2142502912 2057830400 -2074607616 -1912078336 -1749549056 -1586757632 -1424228352 -1261699072 -1099169792 -936640512 
-816054272 -653000704 -490209280 -327417856 -164364288 -1572864 161218560 324272128 487063552 649854976 812908544 975699968 1138491392 1301544960 1464336384 1627389952 1790181376 1952972800 2116026368 -2016149504 -2119172096 -1956118528 -1793327104 -1630535680 -1467482112 -1304690688 -1141899264 -978845696 
-858783744 -695468032 -532414464 -369098752 -206045184 -42729472 120586240 283639808 446955520 610009088 773324800 936378368 1099694080 1262747648 1426063360 1589116928 1752432640 1915486208 2078801920 -2052849664 -1889796096 -2000945152 -1837891584 -1674575872 -1511522304 -1348206592 -1185153024 -1021837312 
-902037504 -738459648 -574881792 -411566080 -247988224 -84410368 78905344 242483200 406061056 569638912 732954624 896532480 1060110336 1223426048 1387003904 1550581760 1714159616 1877475328 2041053184 -2090336256 -1927020544 -1763442688 -1882980352 -1719402496 -1556086784 -1392508928 -1228931072 -1065353216 
-945815552 -781975552 -618397696 -454557696 -290717696 -126877696 36962304 200802304 364642304 528482304 692322304 855900160 1019740160 1183580160 1347420160 1511260160 1675100160 1838940160 2002780160 -2128347136 -1964769280 -1800929280 -1637089280 -1765015552 -1601175552 -1437335552 -1273495552 -1109655552 
-990380032 -826277888 -662175744 -498073600 -333971456 -169869312 -5767168 158334976 322437120 486539264 650641408 815005696 979107840 1143209984 1307312128 1471414272 1635516416 1799618560 1963720704 2127822848 -2003042304 -1838940160 -1674838016 -1510735872 -1646788608 -1482686464 -1318584320 -1154482176 
-1035468800 -871104512 -706740224 -542375936 -377749504 -213385216 -49020928 115343360 279969792 444334080 608698368 773062656 937689088 1102053376 1266417664 1430781952 1595146240 1759772672 1924136960 2088501248 -2042101760 -1877475328 -1713111040 -1548746752 -1384382464 -1528823808 -1364459520 -1200095232 
-1081344000 -916455424 -751828992 -587202560 -422313984 -257687552 -92798976 71827456 236453888 401342464 565968896 730857472 895483904 1060110336 1224998912 1389625344 1554513920 1719140352 1883766784 2048655360 -2081685504 -1916796928 -1752170496 -1587281920 -1422655488 -1258029056 -1410859008 -1245970432 
-1127743488 -962592768 -797704192 -632553472 -467402752 -302514176 -137363456 27525120 192675840 357826560 522715136 687865856 852754432 1017905152 1182793728 1347944448 1513095168 1677983744 1843134464 2008023040 -2121793536 -1956904960 -1791754240 -1626603520 -1461714944 -1296564224 -1131675648 -1292632064 
RESULT of [PG]t * G of Matrix with size 28 X 28


0 262144 786432 1048576 1310720 1572864 1835008 2097152 2359296 2621440 3145728 3407872 3670016 3932160 4194304 4456448 4718592 5242880 5505024 5767168 6029312 6291456 6553600 6815744 7077888 7602176 7864320 8126464 
8126464 0 262144 786432 1048576 1310720 1572864 1835008 2097152 2359296 2883584 3145728 3407872 3670016 3932160 4194304 4456448 4718592 5242880 5505024 5767168 6029312 6291456 6553600 6815744 7340032 7602176 7864320 
7864320 8126464 0 262144 786432 1048576 1310720 1572864 1835008 2097152 2359296 2883584 3145728 3407872 3670016 3932160 4194304 4456448 4980736 5242880 5505024 5767168 6029312 6291456 6553600 6815744 7340032 7602176 
7602176 7864320 8126464 0 262144 786432 1048576 1310720 1572864 1835008 2097152 2359296 2883584 3145728 3407872 3670016 3932160 4194304 4456448 4980736 5242880 5505024 5767168 6029312 6291456 6553600 7077888 7340032 
7340032 7602176 7864320 8126464 0 262144 786432 1048576 1310720 1572864 1835008 2097152 2359296 2883584 3145728 3407872 3670016 3932160 4194304 4456448 4980736 5242880 5505024 5767168 6029312 6291456 6553600 7077888 
7077888 7340032 7602176 7864320 8126464 0 262144 786432 1048576 1310720 1572864 1835008 2097152 2359296 2883584 3145728 3407872 3670016 3932160 4194304 4718592 4980736 5242880 5505024 5767168 6029312 6291456 6815744 
6815744 7077888 7340032 7602176 7864320 8126464 0 262144 786432 1048576 1310720 1572864 1835008 2097152 2621440 2883584 3145728 3407872 3670016 3932160 4194304 4718592 4980736 5242880 5505024 5767168 6029312 6291456 
6553600 6815744 7077888 7340032 7602176 7864320 8126464 0 262144 786432 1048576 1310720 1572864 1835008 2097152 2621440 2883584 3145728 3407872 3670016 3932160 4194304 4718592 4980736 5242880 5505024 5767168 6029312 
6029312 6553600 6815744 7077888 7340032 7602176 7864320 8388608 0 262144 786432 1048576 1310720 1572864 1835008 2097152 2621440 2883584 3145728 3407872 3670016 3932160 4194304 4718592 4980736 5242880 5505024 5767168 
5767168 6291456 6553600 6815744 7077888 7340032 7602176 7864320 8388608 0 262144 786432 1048576 1310720 1572864 1835008 2097152 2621440 2883584 3145728 3407872 3670016 3932160 4456448 4718592 4980736 5242880 5505024 
5505024 5767168 6291456 6553600 6815744 7077888 7340032 7602176 8126464 8388608 0 262144 786432 1048576 1310720 1572864 1835008 2097152 2621440 2883584 3145728 3407872 3670016 3932160 4456448 4718592 4980736 5242880 
5242880 5505024 5767168 6291456 6553600 6815744 7077888 7340032 7602176 8126464 8388608 0 262144 786432 1048576 1310720 1572864 1835008 2097152 2621440 2883584 3145728 3407872 3670016 3932160 4456448 4718592 4980736 
4980736 5242880 5505024 6029312 6291456 6553600 6815744 7077888 7340032 7864320 8126464 8388608 0 262144 786432 1048576 1310720 1572864 1835008 2097152 2621440 2883584 3145728 3407872 3670016 4194304 4456448 4718592 
4718592 4980736 5242880 5505024 6029312 6291456 6553600 6815744 7077888 7340032 7864320 8126464 8388608 0 262144 786432 1048576 1310720 1572864 1835008 2359296 2621440 2883584 3145728 3407872 3670016 4194304 4456448 
4456448 4718592 4980736 5242880 5505024 6029312 6291456 6553600 6815744 7077888 7602176 7864320 8126464 8388608 0 262144 786432 1048576 1310720 1572864 1835008 2359296 2621440 2883584 3145728 3407872 3670016 4194304 
4194304 4456448 4718592 4980736 5242880 5767168 6029312 6291456 6553600 6815744 7077888 7602176 7864320 8126464 8388608 0 262144 786432 1048576 1310720 1572864 1835008 2359296 2621440 2883584 3145728 3407872 3670016 
3670016 4194304 4456448 4718592 4980736 5242880 5767168 6029312 6291456 6553600 6815744 7077888 7602176 7864320 8126464 8388608 0 262144 786432 1048576 1310720 1572864 1835008 2359296 2621440 2883584 3145728 3407872 
3407872 3932160 4194304 4456448 4718592 4980736 5242880 5767168 6029312 6291456 6553600 6815744 7340032 7602176 7864320 8126464 8388608 0 262144 786432 1048576 1310720 1572864 1835008 2359296 2621440 2883584 3145728 
3145728 3407872 3932160 4194304 4456448 4718592 4980736 5242880 5767168 6029312 6291456 6553600 6815744 7340032 7602176 7864320 8126464 8388608 0 262144 786432 1048576 1310720 1572864 1835008 2359296 2621440 2883584 
2883584 3145728 3407872 3932160 4194304 4456448 4718592 4980736 5505024 5767168 6029312 6291456 6553600 6815744 7340032 7602176 7864320 8126464 8388608 0 524288 786432 1048576 1310720 1572864 1835008 2359296 2621440 
2621440 2883584 3145728 3407872 3932160 4194304 4456448 4718592 4980736 5505024 5767168 6029312 6291456 6553600 7077888 7340032 7602176 7864320 8126464 8650752 0 524288 786432 1048576 1310720 1572864 1835008 2359296 
2359296 2621440 2883584 3145728 3407872 3932160 4194304 4456448 4718592 4980736 5505024 5767168 6029312 6291456 6553600 7077888 7340032 7602176 7864320 8126464 8650752 0 524288 786432 1048576 1310720 1572864 1835008 
2097152 2359296 2621440 2883584 3145728 3670016 3932160 4194304 4456448 4718592 5242880 5505024 5767168 6029312 6291456 6815744 7077888 7340032 7602176 7864320 8126464 8650752 0 524288 786432 1048576 1310720 1572864 
1572864 2097152 2359296 2621440 2883584 3145728 3670016 3932160 4194304 4456448 4718592 5242880 5505024 5767168 6029312 6291456 6815744 7077888 7340032 7602176 7864320 8388608 8650752 0 524288 786432 1048576 1310720 
1310720 1572864 2097152 2359296 2621440 2883584 3145728 3670016 3932160 4194304 4456448 4718592 5242880 5505024 5767168 6029312 6291456 6815744 7077888 7340032 7602176 7864320 8388608 8650752 0 524288 786432 1048576 
1048576 1310720 1572864 2097152 2359296 2621440 2883584 3145728 3670016 3932160 4194304 4456448 4718592 5242880 5505024 5767168 6029312 6291456 6815744 7077888 7340032 7602176 8126464 8388608 8650752 0 524288 786432 
786432 1048576 1310720 1572864 2097152 2359296 2621440 2883584 3145728 3670016 3932160 4194304 4456448 4718592 5242880 5505024 5767168 6029312 6553600 6815744 7077888 7340032 7602176 8126464 8388608 8650752 0 524288 
524288 786432 1048576 1310720 1572864 2097152 2359296 2621440 2883584 3145728 3670016 3932160 4194304 4456448 4980736 5242880 5505024 5767168 6029312 6553600 6815744 7077888 7340032 7602176 8126464 8388608 8650752 0 
RESULT of Pt * Gt of Matrix with size 28 X 28


85983232 251133952 416284672 581173248 746323968 911212544 1076363264 1241251840 1406402560 1571553280 1736441856 1901592576 2066481152 -2063335424 -1898446848 -1733296128 -1568145408 -1403256832 -1238106112 -1073217536 -908066816 -742916096 -578027520 -412876800 -247988224 -82837504 82051072 247201792 
-1702625280 212336640 618659840 1024983040 1431306240 1837629440 -2051014656 -1644691456 -1238368256 -832307200 -425984000 -19660800 386662400 792985600 1199308800 1605632000 2011955200 -1876688896 -1470627840 -1064304640 -657981440 -251658240 154664960 560988160 967311360 1373634560 1779957760 -2108948480 
-4980736 642777088 338690048 986447872 1633943552 -2013528064 -1366032384 -718536704 -70778880 576716800 1224212480 1871708160 -1775763456 -1128005632 -480509952 166985728 814481408 1461977088 2109734912 -1537736704 -890241024 -242745344 404750336 1052246016 1700003840 -1947467776 -1299972096 -652476416 
1210318848 2098987008 -1307049984 465305600 1353973760 -2052063232 -1163395072 -274726912 614203392 1502871552 -1903165440 -1014497280 -125566976 763101184 1652031488 -1754267648 -865337344 23330816 912261120 1800929280 -1605107712 -716439552 172490752 1061158912 1950089216 -1456209920 -567279616 321388544 
1943011328 -1221853184 -92012544 1038090240 591659008 1721499648 -1443364864 -313262080 816840704 1946943488 -1218183168 -88080384 1042022400 -2122842112 -992739328 137101312 1267204096 -1897660416 -767557632 362545152 1492385792 -1672478720 -542375936 587726848 1717829632 -1447297024 -317194240 812908544 
-2101870592 -730595328 640679936 2011955200 -911736832 718012416 2089287680 -834404352 536870912 1908146176 -1015545856 355729408 1727004672 -1196687360 174850048 1546125312 -1377566720 -6291456 1364983808 -1558708224 -187432960 1183842304 -1739849728 -368312320 1002962944 -1920729088 -549453824 821821440 
1960837120 -721682432 891027456 -1791492096 -179044352 1433665536 844365824 -1838153728 -225705984 1387003904 -1295515648 317194240 1929641984 -752615424 859832320 -1822687232 -209977344 1402470400 -1279787008 332660736 1945108480 -737148928 875298816 -1806958592 -194510848 1417936896 -1264320512 348127232 
1245970432 -1195376640 658505728 -1782579200 71303168 1924923392 -516161536 970719232 -1470627840 383254528 -2057830400 -203948032 1649672192 -791412736 1062469632 -1378877440 475004928 -1966080000 -112197632 1741422592 -699662336 1154220032 -1287127040 566755328 -1874329600 -20447232 1833172992 -607911936 
48496640 2143551488 -56360960 2038693888 -161218560 1933836288 -266076160 1828978688 1097072640 -1102839808 992215040 -1207697408 887357440 -1312555008 782499840 -1417412608 677642240 -1522270208 572784640 -1627127808 467927040 -1731985408 363069440 -1836843008 258211840 -1941700608 153354240 -2046558208 
-1631322112 704905216 -1253572608 1082654720 -876085248 1460404224 -498335744 1837891584 -120586240 1223426048 -735313920 1600913408 -357564416 1978662912 19922944 -1938554880 397672448 -1561067520 775421952 -1183318016 1152909312 -805568512 1530658816 -428081152 1908408320 -50331648 -2009071616 327417856 
501219328 -1216086016 1361575936 -355991552 -2073296896 504102912 -1213202432 1364459520 -353107968 -2070413312 1349779456 -367525888 -2085093376 492568576 -1224998912 1352663040 -364642304 -2082209792 495452160 -1221853184 1355546624 -361758720 -2079326208 498335744 -1218969600 1358430208 -358875136 -2076180480 
-2143551488 675282944 -800849920 2017984512 541851648 -934281216 1884291072 408158208 -1067974656 1750859776 274726912 1476132864 0 -1476132864 1342701568 -133431296 -1609564160 1209270272 -267124736 -1743257600 1075576832 -400556032 -1876688896 942145536 -533987328 -2010120192 808714240 -667418624 
-975962112 2084044800 849084416 -385613824 -1620574208 1439432704 204472320 -1030225920 2029780992 794820608 -440139776 -1674838016 1602486272 367525888 -867434496 -2102132736 957874176 -277086208 -1512046592 1548222464 313262080 -921698304 2138308608 903610368 -331350016 -1566310400 1493696512 258998272 
-290979840 -1284505600 2016673792 1023148032 29360128 -964165632 -1957691392 1343488000 349962240 -643825664 -1637351424 1663827968 670302208 1728839680 735313920 -258473984 -1251999744 2049179648 1055653888 61865984 -931659776 -1925447680 1375993856 382205952 -611319808 -1604845568 1696333824 702808064 
-88342528 -840695808 -1593049088 1949564928 1196949504 444596224 -307757056 -1060110336 -1812463616 1730150400 977797120 225181696 -527171584 -1279524864 1855193088 1102839808 350486528 -401866752 -1154482176 -1906835456 1635778560 883425280 131072000 -621281280 -1373634560 -2126249984 1416364032 664010752 
-368312320 -879493120 -1390673920 -1901592576 1882193920 1371013120 859832320 348651520 -162529280 -673447936 -1184628736 -1695809536 2087976960 1576796160 1065615360 1981546496 1470365696 959184896 448266240 -62914560 -574095360 -1085276160 -1596456960 -2107637760 1676410880 1165230080 654049280 142868480 
-1130627072 -1400635392 -1670381568 -1940389888 2084831232 1814822912 1545076736 1275068416 1005060096 735313920 465305600 195559424 -74448896 -344195072 -614203392 -883949568 2107899904 1838153728 1568145408 1298399232 1028390912 758382592 488636416 218628096 -51118080 -321126400 -590872576 -860880896 
1919418368 1890582528 1862008832 1833435136 1804861440 1776287744 1747451904 1718878208 1690304512 1661730816 1632894976 1604321280 1575747584 1547173888 1518338048 1489764352 1461190656 -2060713984 -2089287680 -2117861376 -2146435072 2119696384 2091122688 2062548992 2033975296 2005139456 1976565760 1947992064 
191889408 404488192 617086976 829685760 1042284544 1254883328 1467482112 1680343040 1892941824 2105540608 -1976827904 -1764229120 -1551630336 -1339031552 -1126432768 -913833984 -701235200 -488636416 -1934360576 -1721761792 -1509163008 -1296564224 -1083703296 -871104512 -658505728 -445906944 -233308160 -20709376 
-2017984512 -1564213248 -1110441984 -656408576 -202637312 251396096 705167360 1158938624 1612972032 2066743296 -1774190592 -1320419328 -866648064 -412614656 41156608 494927872 948961280 1402732544 1856765952 -1808007168 -1353973760 -900202496 -446431232 7602176 461373440 915406848 1369178112 1822949376 
-415498240 279707648 974651392 1669857280 -1929904128 -1234960384 -539754496 155451392 850395136 1545601024 -2054160384 -1359216640 -664010752 31195136 726138880 1421344768 2116550656 -1483472896 -788267008 -93061120 -1681653760 -986447872 -291241984 403701760 1098907648 1794113536 -1805910016 -1110704128 
704380928 1640759296 -1717829632 -781451264 154927104 1091305472 2027683840 -1330905088 -394526720 541851648 1478230016 -1880358912 -943980544 -7602176 928776192 1865154560 -1493434368 -557056000 379322368 1315700736 -2042888192 -1555300352 -618921984 317456384 1253834752 -2104754176 -1168375808 -231997440 
1341915136 -1775239168 -597688320 579862528 1757413376 -1359740928 -182190080 995360768 -2121793536 -944242688 233308160 1410859008 -1706295296 -528744448 648806400 1826619392 -1290797056 -113246208 1064566784 -2052849664 -875298816 302252032 -1428946944 -251133952 926416896 2103967744 -1013186560 164364288 
1497104384 -1379139584 39845888 1458569216 -1417412608 1572864 1420296192 -1455685632 -36962304 1382023168 -1493958656 -75235328 1343750144 -1532493824 -113508352 1305477120 -1570766848 -151781376 1266941952 -1609039872 -190054400 1228668928 -1647312896 -1302331392 116391936 1535377408 -1340866560 78118912 
1169424384 -1465384960 194772992 1854930944 -779878400 880279552 -1754529792 -94371840 1565523968 -1069285376 590872576 -2043936768 -383778816 1276379136 -1358430208 301727744 1961885696 -672923648 986972160 -1647837184 12320768 1672478720 -962330624 697827328 -1175977984 483917824 2144075776 -490733568 
359399424 -2034237440 -132644864 1768685568 -624951296 1276379136 -1116995584 784334848 -1609302016 292028416 -2101608448 -200015872 1701314560 -692322304 1209008128 -1184628736 716963840 -1676673024 224657408 2125987840 -267649024 1633943552 -759693312 1141637120 -1251999744 -1049624576 851705856 -1541931008 
-932970496 1209532416 -942669824 1199833088 -952369152 1190133760 -962068480 1180434432 -971767808 1170735104 -981467136 1161035776 -991166464 1151336448 -1000865792 1141637120 -1010565120 1131937792 -1020264448 1122238464 -1029963776 1112801280 -1039663104 1103101952 -1049362432 1093402624 -923271168 1219231744 
1587019776 -324272128 2059665408 148635648 -1762394112 621543424 -1289748480 1094189056 -816840704 1567096832 -343932928 2040004608 128712704 -1782317056 601620480 -1309409280 1074528256 -836763648 1547173888 -363855872 2020081664 109051904 -1801977856 581697536 -1329332224 1054605312 -856424448 -796917760 
RESULT of [PG]t * Gt of Matrix with size 28 X 28


