0 0 0 0 0 0 0 0 0 0 0 0 0 0 0 0 0 0 0 0 0 0 0 0 0 0 0 0 0 
0 0 0 0 0 0 0 0 0 0 0 0 0 0 0 0 0 0 0 0 0 0 0 0 0 0 0 0 0 
0 0 0 0 0 0 0 0 0 0 0 0 0 0 0 0 0 0 0 0 0 0 0 0 0 0 0 0 0 
0 0 0 0 0 0 0 0 0 0 0 0 0 0 0 0 0 0 0 0 0 0 0 0 0 0 0 0 0 
0 0 0 0 0 0 0 0 0 0 0 0 0 0 0 0 0 0 0 0 0 0 0 0 0 0 0 0 0 
0 0 0 0 0 0 0 0 0 0 0 0 0 0 0 0 0 0 0 0 0 0 0 0 0 0 0 0 0 
0 0 0 0 0 0 0 0 0 0 0 0 0 0 0 0 0 0 0 0 0 0 0 0 0 0 0 0 0 
0 0 0 0 0 0 0 0 0 0 0 0 0 0 0 0 0 0 0 0 0 0 0 0 0 0 0 0 0 
0 0 0 0 0 0 0 0 0 0 0 0 0 0 0 0 0 0 0 0 0 0 0 0 0 0 0 0 0 
0 0 0 0 0 0 0 0 0 0 0 0 0 0 0 0 0 0 0 0 0 0 0 0 0 0 0 0 0 
0 0 0 0 0 0 0 0 0 0 0 0 0 0 0 0 0 0 0 0 0 0 0 0 0 0 0 0 0 
0 0 0 0 0 0 0 0 0 0 0 0 0 0 0 0 0 0 0 0 0 0 0 0 0 0 0 0 0 
0 0 0 0 0 0 0 0 0 0 0 0 0 0 0 0 0 0 0 0 0 0 0 0 0 0 0 0 0 
0 0 0 0 0 0 0 0 0 0 0 0 0 0 0 0 0 0 0 0 0 0 0 0 0 0 0 0 0 
0 0 0 0 0 0 0 0 0 0 0 0 0 0 0 0 0 0 0 0 0 0 0 0 0 0 0 0 0 
0 0 0 0 0 0 0 0 0 0 0 0 0 0 0 0 0 0 0 0 0 0 0 0 0 0 0 0 0 
0 0 0 0 0 0 0 0 0 0 0 0 0 0 0 0 0 0 0 0 0 0 0 0 0 0 0 0 0 
0 0 0 0 0 0 0 0 0 0 0 0 0 0 0 0 0 0 0 0 0 0 0 0 0 0 0 0 0 
0 0 0 0 0 0 0 0 0 0 0 0 0 0 0 0 0 0 0 0 0 0 0 0 0 0 0 0 0 
0 0 0 0 0 0 0 0 0 0 0 0 0 0 0 0 0 0 0 0 0 0 0 0 0 0 0 0 0 
0 0 0 0 0 0 0 0 0 0 0 0 0 0 0 0 0 0 0 0 0 0 0 0 0 0 0 0 0 
0 0 0 0 0 0 0 0 0 0 0 0 0 0 0 0 0 0 0 0 0 0 0 0 0 0 0 0 0 
0 0 0 0 0 0 0 0 0 0 0 0 0 0 0 0 0 0 0 0 0 0 0 0 0 0 0 0 0 
0 0 0 0 0 0 0 0 0 0 0 0 0 0 0 0 0 0 0 0 0 0 0 0 0 0 0 0 0 
0 0 0 0 0 0 0 0 0 0 0 0 0 0 0 0 0 0 0 0 0 0 0 0 0 0 0 0 0 
0 0 0 0 0 0 0 0 0 0 0 0 0 0 0 0 0 0 0 0 0 0 0 0 0 0 0 0 0 
0 0 0 0 0 0 0 0 0 0 0 0 0 0 0 0 0 0 0 0 0 0 0 0 0 0 0 0 0 
0 0 0 0 0 0 0 0 0 0 0 0 0 0 0 0 0 0 0 0 0 0 0 0 0 0 0 0 0 
0 0 0 0 0 0 0 0 0 0 0 0 0 0 0 0 0 0 0 0 0 0 0 0 0 0 0 0 0 
INITIAL DATA of Matrix with size 29 X 29


0 0 0 0 0 0 0 0 0 0 0 0 0 0 0 0 0 0 0 0 0 0 0 0 0 0 0 0 0 
524288 524288 524288 524288 524288 524288 524288 524288 524288 524288 524288 524288 524288 524288 524288 524288 524288 524288 524288 524288 524288 524288 524288 524288 524288 524288 524288 524288 524288 
786432 786432 786432 786432 786432 786432 786432 786432 786432 786432 786432 786432 786432 786432 786432 786432 786432 786432 786432 786432 786432 786432 786432 786432 786432 786432 786432 786432 786432 
1310720 1310720 1310720 1048576 1048576 1048576 1048576 1048576 1048576 1048576 1048576 1048576 1048576 1048576 1048576 1048576 1048576 1048576 1048576 1048576 1310720 1310720 1310720 1310720 1310720 1310720 1310720 1310720 1310720 
1572864 1572864 1572864 1572864 1572864 1572864 1572864 1572864 1572864 1572864 1572864 1572864 1572864 1572864 1572864 1572864 1572864 1572864 1572864 1572864 1572864 1572864 1572864 1572864 1572864 1572864 1572864 1572864 1572864 
1835008 1835008 1835008 1835008 1835008 1835008 1835008 1835008 1835008 1835008 1835008 1835008 1835008 1835008 1835008 1835008 1835008 1835008 1835008 1835008 1835008 1835008 1835008 1835008 1835008 1835008 1835008 1835008 1835008 
2359296 2359296 2359296 2359296 2359296 2359296 2097152 2097152 2097152 2097152 2097152 2097152 2097152 2097152 2097152 2097152 2097152 2097152 2097152 2359296 2359296 2359296 2359296 2359296 2359296 2359296 2359296 2359296 2359296 
2621440 2621440 2621440 2621440 2621440 2621440 2621440 2621440 2621440 2621440 2621440 2621440 2621440 2621440 2621440 2621440 2621440 2621440 2621440 2621440 2621440 2621440 2621440 2621440 2621440 2621440 2621440 2621440 2621440 
2883584 2883584 2883584 3145728 3145728 3145728 3145728 3145728 2883584 2883584 2883584 2883584 2883584 2883584 2883584 2883584 2883584 2883584 2883584 2883584 2883584 2883584 2883584 2883584 2883584 2883584 2883584 2883584 2883584 
3407872 3407872 3407872 3407872 3407872 3407872 3407872 3407872 3407872 3145728 3145728 3145728 3145728 3145728 3145728 3145728 3145728 3145728 3145728 3145728 3145728 3407872 3407872 3407872 3407872 3407872 3407872 3407872 3407872 
3670016 3670016 3670016 3670016 3670016 3670016 3670016 3670016 3670016 3670016 3407872 3407872 3670016 3670016 3670016 3670016 3670016 3670016 3670016 3670016 3670016 3670016 3670016 3670016 3670016 3670016 3670016 3670016 3670016 
3932160 3932160 4194304 4194304 4194304 4194304 4194304 4194304 4194304 4194304 4194304 3932160 3932160 3932160 3932160 3932160 3932160 3932160 3932160 3932160 3932160 3932160 3932160 3932160 3932160 3932160 3932160 3932160 3932160 
4456448 4456448 4456448 4456448 4456448 4456448 4456448 4456448 4456448 4456448 4456448 4456448 4194304 4194304 4194304 4194304 4194304 4194304 4194304 4194304 4194304 4194304 4194304 4456448 4456448 4456448 4456448 4456448 4456448 
4718592 4718592 4718592 4718592 4718592 4718592 4718592 4718592 4718592 4718592 4980736 4980736 4980736 4456448 4456448 4456448 4718592 4718592 4718592 4718592 4718592 4718592 4718592 4718592 4718592 4718592 4718592 4718592 4718592 
4980736 4980736 4980736 5242880 5242880 5242880 5242880 5242880 5242880 5242880 5242880 5242880 5242880 5242880 4980736 4980736 4980736 4980736 4980736 4980736 4980736 4980736 4980736 4980736 4980736 4980736 4980736 4980736 4980736 
5505024 5505024 5505024 5505024 5505024 5505024 5505024 5505024 5505024 5505024 5505024 5505024 5505024 5505024 5505024 5242880 5242880 5242880 5242880 5242880 5242880 5242880 5242880 5242880 5242880 5242880 5505024 5505024 5505024 
5767168 5767168 5767168 5767168 5767168 5767168 5767168 5767168 5767168 5767168 6029312 6029312 6029312 6029312 6029312 6029312 5505024 5505024 5505024 5505024 5767168 5767168 5767168 5767168 5767168 5767168 5767168 5767168 5767168 
6029312 6029312 6029312 6029312 6029312 6291456 6291456 6291456 6291456 6291456 6291456 6291456 6291456 6291456 6291456 6291456 6291456 6029312 6029312 6029312 6029312 6029312 6029312 6029312 6029312 6029312 6029312 6029312 6029312 
6553600 6553600 6553600 6553600 6553600 6553600 6553600 6553600 6553600 6553600 6553600 6553600 6553600 6553600 6553600 6553600 6815744 6815744 6291456 6291456 6291456 6291456 6291456 6291456 6291456 6291456 6291456 6291456 6291456 
6815744 6815744 6815744 6815744 6815744 6815744 6815744 6815744 6815744 6815744 6815744 7077888 7077888 7077888 7077888 7077888 7077888 7077888 7077888 6553600 6553600 6553600 6553600 6553600 6815744 6815744 6815744 6815744 6815744 
7077888 7077888 7077888 7077888 7077888 7077888 7340032 7340032 7340032 7340032 7340032 7340032 7340032 7340032 7340032 7340032 7340032 7340032 7340032 7340032 7077888 7077888 7077888 7077888 7077888 7077888 7077888 7077888 7077888 
7340032 7340032 7602176 7602176 7602176 7602176 7602176 7602176 7602176 7602176 7602176 7602176 7602176 7602176 7602176 7602176 7602176 7864320 7864320 7864320 7864320 7340032 7340032 7340032 7340032 7340032 7340032 7340032 7340032 
7864320 7864320 7864320 7864320 7864320 7864320 7864320 7864320 7864320 7864320 7864320 7864320 7864320 8126464 8126464 8126464 8126464 8126464 8126464 8126464 8126464 8126464 7602176 7602176 7602176 7602176 7602176 7602176 7864320 
8126464 8126464 8126464 8126464 8126464 8126464 8126464 8126464 8126464 8388608 8388608 8388608 8388608 8388608 8388608 8388608 8388608 8388608 8388608 8388608 8388608 8388608 8650752 7864320 8126464 8126464 8126464 8126464 8126464 
8388608 8388608 8388608 8388608 8388608 8650752 8650752 8650752 8650752 8650752 8650752 8650752 8650752 8650752 8650752 8650752 8650752 8650752 8912896 8912896 8912896 8912896 8912896 8912896 8388608 8388608 8388608 8388608 8388608 
8650752 8650752 8912896 8912896 8912896 8912896 8912896 8912896 8912896 8912896 8912896 8912896 8912896 8912896 9175040 9175040 9175040 9175040 9175040 9175040 9175040 9175040 9175040 9175040 9175040 8650752 8650752 8650752 8650752 
9175040 9175040 9175040 9175040 9175040 9175040 9175040 9175040 9175040 9175040 9175040 9437184 9437184 9437184 9437184 9437184 9437184 9437184 9437184 9437184 9437184 9437184 9437184 9699328 9699328 9699328 8912896 8912896 9175040 
9437184 9437184 9437184 9437184 9437184 9437184 9437184 9437184 9699328 9699328 9699328 9699328 9699328 9699328 9699328 9699328 9699328 9699328 9699328 9961472 9961472 9961472 9961472 9961472 9961472 9961472 9961472 9437184 9437184 
9699328 9699328 9699328 9699328 9699328 9961472 9961472 9961472 9961472 9961472 9961472 9961472 9961472 9961472 9961472 9961472 10223616 10223616 10223616 10223616 10223616 10223616 10223616 10223616 10223616 10223616 10223616 10485760 9699328 
RESULT of P * G of Matrix with size 29 X 29


-1413218304 -1406140416 -1399062528 -1391984640 -1384906752 -1378091008 -1371013120 -1363935232 -1356857344 -1350041600 -1342963712 -1335885824 -1328807936 -1321992192 -1314914304 -1307836416 -1300758528 -1293680640 -1286864896 -1279787008 -1272709120 -1265631232 -1258815488 -1251737600 -1244659712 -1237581824 -1230503936 -1223688192 -1216610304 
-995622912 -1479540736 -1462239232 -1444937728 -1427636224 -1410334720 -1393033216 -1375993856 -1358692352 -1341390848 -1324089344 -1306787840 -1289486336 -1272184832 -1254883328 -1237581824 -1220280320 -1202978816 -1185677312 -1168375808 -1151074304 -1133772800 -1116471296 -1099169792 -1082130432 -1064828928 -1047527424 -1030225920 -1012924416 
-802160640 -774635520 -1546125312 -1518600192 -1491075072 -1463287808 -1435762688 -1408237568 -1380712448 -1353187328 -1325662208 -1298137088 -1270611968 -1243086848 -1215299584 -1187774464 -1160249344 -1132724224 -1105199104 -1077673984 -1050148864 -1022623744 -995098624 -967311360 -939786240 -912261120 -884736000 -857210880 -829685760 
-629145600 -591396864 -553648128 -1612447744 -1574699008 -1536950272 -1498939392 -1461190656 -1423441920 -1385693184 -1347682304 -1309933568 -1272184832 -1234436096 -1196425216 -1158676480 -1120927744 -1082916864 -1045168128 -1007419392 -969670656 -931659776 -893911040 -856162304 -818151424 -780402688 -742653952 -704905216 -666894336 
-476839936 -428605440 -380633088 -332398592 -1679032320 -1630797824 -1582825472 -1534853120 -1486618624 -1438646272 -1390411776 -1342439424 -1294204928 -1246232576 -1197998080 -1150025728 -1102053376 -1053818880 -1005846528 -957612032 -909639680 -861405184 -813432832 -765198336 -717225984 -669253632 -621019136 -573046784 -524812288 
-344981504 -286523392 -228327424 -169869312 -111411200 -1745354752 -1687158784 -1628700672 -1570504704 -1512046592 -1453588480 -1395392512 -1336934400 -1278738432 -1220280320 -1161822208 -1103626240 -1045168128 -986972160 -928514048 -870055936 -811859968 -753401856 -694943744 -636747776 -578289664 -520093696 -461635584 -403177472 
-233570304 -164888576 -96468992 -27787264 40894464 109576192 -1811939328 -1743257600 -1674838016 -1606156288 -1537474560 -1468792832 -1400111104 -1331691520 -1263009792 -1194328064 -1125646336 -1056964608 -988545024 -919863296 -851181568 -782499840 -714080256 -645398528 -576716800 -508035072 -439353344 -370933760 -302252032 
-142868480 -63963136 14942208 93847552 172752896 251658240 330563584 -1878523904 -1799618560 -1720713216 -1641807872 -1562902528 -1483997184 -1405091840 -1326186496 -1247281152 -1168375808 -1089470464 -1010565120 -931659776 -852754432 -773849088 -694943744 -616038400 -537133056 -458489856 -379584512 -300679168 -221773824 
-72613888 16515072 105906176 195035136 284164096 373293056 462422016 551550976 -1944846336 -1855717376 -1766588416 -1677459456 -1588330496 -1499201536 -1410072576 -1320681472 -1231552512 -1142423552 -1053294592 -964165632 -875036672 -785907712 -696778752 -607387648 -518258688 -429129728 -340000768 -250871808 -161742848 
-22806528 76546048 176160768 275513344 374865920 474218496 573833216 673185792 772538368 -2011430912 -1912078336 -1812463616 -1713111040 -1613758464 -1514143744 -1414791168 -1315438592 -1216086016 -1116471296 -1017118720 -917766144 -818151424 -718798848 -619446272 -520093696 -420478976 -321126400 -221773824 -122159104 
6291456 116129792 225705984 335544320 445120512 554958848 664535040 774111232 883949568 993525760 -2077753344 -1968177152 -1858338816 -1748762624 -1639186432 -1529348096 -1419771904 -1309933568 -1200357376 -1090519040 -980942848 -871104512 -761528320 -651689984 -542113792 -432537600 -322699264 -213123072 -103284736 
14942208 135004160 255066112 374865920 494927872 614727680 734789632 854851584 974651392 1094713344 1214513152 -2144337920 -2024275968 -1904476160 -1784414208 -1664352256 -1544552448 -1424490496 -1304690688 -1184628736 -1064566784 -944766976 -824705024 -704643072 -584843264 -464781312 -344981504 -224919552 -104857600 
3145728 133431296 263454720 393740288 524025856 654311424 784596992 914620416 1044905984 1175191552 1305477120 1435762688 2084044800 -2080636928 -1950351360 -1820065792 -1689780224 -1559756800 -1429471232 -1299185664 -1168900096 -1038614528 -908591104 -778305536 -648019968 -517734400 -387448832 -257425408 -127139840 
-29360128 111149056 251658240 392167424 532676608 673185792 813694976 954204160 1094713344 1235222528 1375731712 1516240896 1656750080 2017722368 -2136735744 -1996226560 -1855717376 -1715208192 -1574699008 -1434189824 -1293680640 -1153171456 -1012924416 -872415232 -731906048 -591396864 -450887680 -310378496 -169869312 
-82313216 68419584 219152384 370147328 520880128 671612928 822345728 973078528 1123811328 1274544128 1425539072 1576271872 1727004672 1877737472 1951137792 2101870592 -2042101760 -1891368960 -1740636160 -1589903360 -1439170560 -1288437760 -1137704960 -986972160 -835977216 -685244416 -534511616 -383778816 -233046016 
-155713536 5242880 166199296 327417856 488374272 649330688 810549248 971505664 1132462080 1293680640 1454637056 1615593472 1776549888 1937768448 2098724864 1884815360 2045771776 -2088239104 -1927020544 -1766064128 -1605107712 -1444151296 -1282932736 -1121976320 -961019904 -799801344 -638844928 -477888512 -316669952 
-249823232 -78381056 92798976 264241152 435421184 606601216 778043392 949223424 1120665600 1291845632 1463287808 1634467840 1805910016 1977090048 -2146435072 -1975255040 1818230784 1989672960 -2134114304 -1962934272 -1791492096 -1620312064 -1448869888 -1277689856 -1106247680 -935067648 -763625472 -592445440 -421003264 
-364380160 -182714368 -1310720 180355072 362020864 543424512 725090304 906756096 1088159744 1269825536 1451229184 1632894976 1814560768 1995964416 -2117337088 -1935671296 -1754267648 1751646208 1933312000 2114977792 -1998585856 -1816920064 -1635254272 -1453850624 -1272184832 -1090519040 -909115392 -727449600 -546045952 
-499384320 -307494912 -115867648 76021760 267911168 459800576 651689984 843317248 1035206656 1227096064 1418985472 1610874880 1802502144 1994391552 -2108686336 -1916796928 -1724907520 -1533280256 1685323776 1877213184 2069102592 -2034237440 -1842348032 -1650458624 -1458569216 -1266679808 -1075052544 -883163136 -691273728 
-655097856 -452984832 -250871808 -48758784 153354240 355467264 557580288 759693312 961806336 1163919360 1366032384 1568145408 1770258432 1972371456 -2120482816 -1918369792 -1716256768 -1514143744 -1312030720 1618739200 1820852224 2022965248 -2069889024 -1867776000 -1665662976 -1463549952 -1261436928 -1059323904 -857210880 
-831258624 -618921984 -406585344 -194248704 18350080 230686720 443023360 655360000 867696640 1080033280 1292369920 1504968704 1717305344 1929641984 2141978624 -1940652032 -1728315392 -1515978752 -1303379968 -1091043328 1552416768 1764753408 1977090048 -2105540608 -1893203968 -1680867328 -1468268544 -1255931904 -1043595264 
-1027866624 -805306368 -582746112 -359923712 -137363456 85196800 307757056 530579456 753139712 975699968 1198522368 1421082624 1643642880 1866465280 2089025536 -1983381504 -1760559104 -1537998848 -1315438592 -1092616192 -870055936 1485832192 1708392448 1931214848 -2141192192 -1918631936 -1695809536 -1473249280 -1250689024 
-1245184000 -1012400128 -779354112 -546570240 -313524224 -80740352 152305664 385089536 618135552 850919424 1083965440 1316749312 1549795328 1782579200 2015625216 -2046558208 -1813512192 -1580728320 -1347682304 -1114898432 -882114560 -649068544 1419509760 1652293632 1885339648 2118123520 -1944059904 -1711013888 -1478230016 
-1482948608 -1239678976 -996671488 -753401856 -510394368 -267124736 -23855104 219152384 462422016 705691648 948699136 1191968768 1435238400 1678245888 1921515520 -2130182144 -1887174656 -1643905024 -1400897536 -1157627904 -914358272 -671350784 -428081152 1352925184 1596194816 1839202304 2082471936 -1969225728 -1726218240 
-1741422592 -1487929344 -1234436096 -980942848 -727449600 -473956352 -220725248 32768000 286261248 539754496 793247744 1046478848 1299972096 1553465344 1806958592 2060451840 -1981022208 -1727791104 -1474297856 -1220804608 -967311360 -713818112 -460587008 -207093760 1286340608 1539833856 1793327104 2046820352 -1994653696 
-2020081664 -1756364800 -1492647936 -1228931072 -965214208 -701497344 -437780480 -174063616 89653248 353370112 617086976 880803840 1144520704 1408237568 1671954432 1935409152 -2095841280 -1832124416 -1568407552 -1304690688 -1040973824 -777256960 -513540096 -249823232 13893632 1220018176 1483735040 1747451904 2011168768 
1975517184 -2045509632 -1771569152 -1497628672 -1223688192 -949747712 -675545088 -401604608 -127664128 146276352 420216832 694157312 968359936 1242300416 1516240896 1790181376 2064121856 -1956904960 -1682964480 -1408761856 -1134821376 -860880896 -586940416 -312999936 -39059456 234881024 1153433600 1427374080 1701576704 
1655439360 1939865600 -2070937600 -1786773504 -1502347264 -1218183168 -934019072 -649592832 -365428736 -81264640 202899456 487325696 771489792 1055653888 1340080128 1624244224 1908408320 -2102132736 -1817968640 -1533804544 -1249378304 -965214208 -681050112 -396623872 -112459776 171704320 456130560 1087111168 1371275264 
1315176448 1609564160 1904214016 -2096365568 -1801715712 -1507328000 -1212940288 -918290432 -623902720 -329252864 -34865152 259784704 554172416 848822272 1143209984 1437859840 1732247552 2026897408 -1973682176 -1679032320 -1384644608 -1089994752 -795607040 -500957184 -206569472 88080384 382468096 677117952 1020526592 
RESULT of P G * G of Matrix with size 29 X 29


0 0 0 0 0 0 0 0 0 0 0 0 0 0 0 0 0 0 0 0 0 262144 262144 262144 262144 262144 262144 262144 262144 
1048576 0 0 0 0 0 0 0 262144 262144 262144 262144 262144 262144 262144 524288 524288 524288 524288 524288 524288 524288 786432 786432 786432 786432 786432 786432 786432 
1572864 1572864 0 0 0 0 262144 262144 262144 262144 524288 524288 524288 524288 524288 786432 786432 786432 786432 1048576 1048576 1048576 1048576 1310720 1310720 1310720 1310720 1310720 1572864 
2097152 2359296 2359296 0 0 0 262144 262144 262144 524288 524288 524288 786432 786432 786432 1048576 1048576 1048576 1310720 1310720 1310720 1572864 1572864 1572864 1835008 1835008 1835008 2097152 2097152 
2621440 2883584 2883584 2883584 0 0 262144 262144 262144 524288 524288 786432 786432 1048576 1048576 1048576 1310720 1310720 1572864 1572864 1572864 1835008 1835008 2097152 2097152 2359296 2359296 2359296 2621440 
3145728 3407872 3407872 3670016 3670016 0 0 262144 262144 524288 524288 786432 786432 1048576 1048576 1310720 1310720 1572864 1572864 1835008 1835008 2097152 2097152 2359296 2621440 2621440 2883584 2883584 3145728 
3670016 3670016 3932160 4194304 4194304 4456448 0 0 262144 524288 524288 786432 786432 1048576 1310720 1310720 1572864 1572864 1835008 2097152 2097152 2359296 2621440 2621440 2883584 2883584 3145728 3407872 3407872 
3932160 4194304 4456448 4456448 4718592 4980736 4980736 0 262144 262144 524288 786432 786432 1048576 1310720 1310720 1572864 1835008 2097152 2097152 2359296 2621440 2621440 2883584 3145728 3145728 3407872 3670016 3932160 
4456448 4456448 4718592 4980736 5242880 5505024 5505024 5767168 0 262144 524288 524288 786432 1048576 1310720 1310720 1572864 1835008 2097152 2359296 2359296 2621440 2883584 3145728 3407872 3407872 3670016 3932160 4194304 
4718592 4980736 4980736 5242880 5505024 5767168 6029312 6291456 6553600 0 262144 524288 786432 1048576 1048576 1310720 1572864 1835008 2097152 2359296 2621440 2883584 2883584 3145728 3407872 3670016 3932160 4194304 4456448 
4980736 5242880 5505024 5767168 6029312 6029312 6291456 6553600 6815744 7077888 0 262144 524288 786432 1048576 1310720 1572864 1835008 2097152 2359296 2621440 2883584 3145728 3407872 3670016 3932160 4194304 4456448 4718592 
4980736 5242880 5505024 6029312 6291456 6553600 6815744 7077888 7340032 7602176 7864320 0 262144 524288 786432 1048576 1310720 1572864 2097152 2359296 2621440 2883584 3145728 3407872 3670016 3932160 4194304 4456448 4718592 
5242880 5505024 5767168 6029312 6553600 6815744 7077888 7340032 7602176 7864320 8388608 8650752 0 262144 524288 1048576 1310720 1572864 1835008 2097152 2359296 2883584 3145728 3407872 3670016 3932160 4194304 4718592 4980736 
5242880 5767168 6029312 6291456 6553600 7077888 7340032 7602176 7864320 8388608 8650752 8912896 9175040 0 262144 786432 1048576 1310720 1572864 2097152 2359296 2621440 2883584 3407872 3670016 3932160 4456448 4718592 4980736 
5242880 5767168 6029312 6553600 6815744 7077888 7602176 7864320 8126464 8650752 8912896 9175040 9699328 9961472 0 524288 786432 1048576 1572864 1835008 2097152 2621440 2883584 3145728 3670016 3932160 4194304 4718592 4980736 
5242880 5767168 6029312 6553600 6815744 7340032 7602176 8126464 8388608 8650752 9175040 9437184 9961472 10223616 10747904 0 524288 786432 1310720 1572864 1835008 2359296 2621440 3145728 3407872 3932160 4194304 4718592 4980736 
5242880 5767168 6029312 6553600 6815744 7340032 7864320 8126464 8650752 8912896 9437184 9699328 10223616 10485760 11010048 11272192 0 524288 786432 1310720 1572864 2097152 2621440 2883584 3407872 3670016 4194304 4456448 4980736 
5242880 5767168 6029312 6553600 6815744 7340032 7864320 8126464 8650752 9175040 9437184 9961472 10223616 10747904 11272192 11534336 12058624 0 524288 1048576 1310720 1835008 2097152 2621440 3145728 3407872 3932160 4456448 4718592 
4980736 5505024 6029312 6553600 6815744 7340032 7864320 8126464 8650752 9175040 9699328 9961472 10485760 11010048 11272192 11796480 12320768 12845056 0 524288 1048576 1572864 1835008 2359296 2883584 3145728 3670016 4194304 4718592 
4980736 5242880 5767168 6291456 6815744 7340032 7864320 8126464 8650752 9175040 9699328 10223616 10485760 11010048 11534336 12058624 12582912 12845056 13369344 0 524288 1048576 1572864 2097152 2621440 2883584 3407872 3932160 4456448 
4718592 5242880 5505024 6029312 6553600 7077888 7602176 8126464 8650752 9175040 9699328 10223616 10747904 11010048 11534336 12058624 12582912 13107200 13631488 14155776 0 524288 1048576 1572864 2097152 2621440 3145728 3670016 4194304 
4456448 4980736 5505024 6029312 6553600 7077888 7602176 8126464 8650752 9175040 9699328 10223616 10747904 11272192 11796480 12320768 12845056 13369344 13893632 14417920 14942208 262144 786432 1310720 1835008 2359296 2883584 3407872 3932160 
3932160 4456448 4980736 5767168 6291456 6815744 7340032 7864320 8388608 8912896 9437184 9961472 10485760 11010048 11796480 12320768 12845056 13369344 13893632 14417920 14942208 15466496 262144 786432 1310720 1835008 2359296 2883584 3407872 
3670016 4194304 4718592 5242880 6029312 6553600 7077888 7602176 8126464 8650752 9437184 9961472 10485760 11010048 11534336 12320768 12845056 13369344 13893632 14417920 15204352 15728640 16252928 262144 786432 1310720 1835008 2359296 3145728 
3145728 3670016 4456448 4980736 5505024 6029312 6815744 7340032 7864320 8650752 9175040 9699328 10223616 11010048 11534336 12058624 12845056 13369344 13893632 14417920 15204352 15728640 16252928 17039360 262144 786432 1310720 2097152 2621440 
2621440 3407872 3932160 4456448 5242880 5767168 6291456 7077888 7602176 8388608 8912896 9437184 10223616 10747904 11272192 12058624 12582912 13369344 13893632 14417920 15204352 15728640 16252928 17039360 17563648 262144 786432 1310720 2097152 
2097152 2883584 3407872 4194304 4718592 5505024 6029312 6553600 7340032 7864320 8650752 9175040 9961472 10485760 11272192 11796480 12582912 13107200 13893632 14417920 15204352 15728640 16252928 17039360 17563648 18350080 262144 786432 1572864 
1572864 2359296 2883584 3670016 4194304 4980736 5505024 6291456 6815744 7602176 8388608 8912896 9699328 10223616 11010048 11534336 12320768 12845056 13631488 14417920 14942208 15728640 16252928 17039360 17563648 18350080 19136512 262144 786432 
1048576 1572864 2359296 2883584 3670016 4456448 4980736 5767168 6553600 7077888 7864320 8650752 9175040 9961472 10747904 11272192 12058624 12845056 13369344 14155776 14942208 15466496 16252928 17039360 17563648 18350080 19136512 19660800 262144 
RESULT of P * Gt of Matrix with size 29 X 29


105906176 261619712 417595392 573308928 729022464 884736000 1040449536 1196163072 1351876608 1507590144 1663303680 1819017216 1974730752 2130444288 -2008809472 -1853095936 -1697382400 -1541668864 -1385955328 -1230241792 -1074528256 -918814720 -763101184 -607387648 -451674112 -295960576 -140247040 15728640 171442176 
122421248 309592064 763101184 1216610304 1670119424 2123628544 -1718091776 -1264582656 -811073536 -357564416 95944704 549453824 1002962944 1456472064 1909981184 -1931476992 -1477967872 -1024458752 -570949632 -117702656 335806464 789315584 1242824704 1696333824 -2145124352 -1691615232 -1238106112 -784596992 -331087872 
-677904384 73400320 513015808 1264320512 2015625216 -1528037376 -776994816 -25690112 725614592 1476919296 -2066743296 -1315438592 -564396032 186908672 938213376 1689518080 -1854144512 -1103101952 -351797248 399507456 1150812160 1902116864 -1641807872 -890503168 -139198464 612106240 1363410944 2114453504 -1429209088 
-2073559040 -1024720896 24379392 716701696 1765539840 -1480327168 -431226880 617611264 1666711552 -1579155456 -530317312 518782976 1567883264 -1677983744 -629145600 419954688 1469054976 -1777074176 -727973888 321126400 1369964544 -1875902464 -826802176 222035968 1271136256 -1974730752 -925630464 123207680 1172307968 
229900288 1576796160 -1371275264 -24641536 920125440 -2027945984 -681312256 665583616 2012217344 -935854080 410779648 1757675520 -1190395904 156237824 1503133696 -1445199872 -98304000 1248591872 -1699741696 -352845824 993787904 -1954283520 -607649792 739246080 2086141952 -862191616 484704256 1831337984 -1116733440 
1938030592 -712245248 932184064 -1718091776 -73662464 1123549184 -1526726656 117702656 1762394112 -888143872 756547584 -1893990400 -249298944 1395130368 -1255145472 389283840 2033713152 -616562688 1027866624 -1622409216 22020096 1666711552 -983826432 660865024 -1989672960 -344981504 1299447808 -1350828032 293601280 
-1244135424 698089472 -1654652928 287834112 -2064908288 -122683392 1327235072 -1025507328 916717568 -1435762688 506462208 -1846018048 96206848 2038431744 -314048512 1628176384 -724566016 1217921024 -1134821376 807403520 -1545076736 397148160 -1955594240 -13107200 1929117696 -423624704 1518862336 -833880064 1108344832 
-727187456 1512833024 -541851648 1698168832 -356777984 1883242496 -171442176 1530658816 -524288000 1715994624 -338952192 1901068288 -153878528 2086404096 31457280 -2023489536 216530944 -1838415872 401866752 -1653080064 586940416 -1468006400 772276224 -1282670592 957349888 -1097596928 1142685696 -912261120 1327759360 
-805568512 1732247552 -24903680 -1782054912 755761152 -1001127936 1536688128 -220463104 1734344704 -22806528 -1779957760 757858304 -999292928 1538523136 -218628096 -1975779328 562036736 -1194852352 1342963712 -414187520 2123628544 366477312 -1390673920 1147142144 -610009088 1928069120 170917888 -1586233344 951582720 
-1479540736 1356070912 -103284736 -1562640384 1272971264 -186384384 -1645740032 1189871616 -269484032 1937768448 478412800 -980942848 1854668800 395313152 -1064042496 1771569152 312213504 -1147142144 1688469504 229113856 -1230241792 1605369856 146014208 -1313341440 1522270208 62914560 -1396441088 1439170560 -20185088 
1545863168 384303104 -777256960 -1938817024 1194590208 33030144 -1128792064 2004615168 843055104 -318504960 2141192192 979632128 -181927936 -1343488000 1789919232 628359168 -533200896 -1694760960 1438384128 276824064 -884736000 -2046296064 1087111168 -74448896 -1236008960 1897398272 735576064 -425984000 -1587544064 
-319029248 -1183055872 -2046820352 1384382464 520617984 -343408640 -1207173120 -2070937600 1360265216 496238592 -367525888 -1950089216 1481113600 617086976 -246677504 -1110441984 -1974206464 1456734208 592969728 -270794752 -1134559232 -1998585856 1432616960 568852480 -294912000 -1158676480 -2022703104 1408499712 544735232 
1515192320 949223424 383254528 -182976512 -748945408 -1314914304 -1881145344 1847853056 1281622016 715653120 149684224 -416546816 -1746665472 1982332928 1416101888 850132992 284164096 -282066944 -848035840 -1414004736 -1980235776 1748762624 1182793728 616562688 50593792 -515375104 -1081606144 -1647575040 2081423360 
-1540882432 -1809055744 -2077491200 1949302784 1680867328 1412694016 1144258560 876085248 607649792 339476480 71041024 -197132288 -465305600 -1542979584 -1811415040 -2079588352 1946943488 1678770176 1410334720 1142161408 873725952 605552640 337117184 68943872 -199491584 -467664896 -735838208 -1004273664 -1272446976 
-897581056 -867958784 -838598656 -808976384 -779616256 -750256128 -720633856 -691273728 -661651456 -632291328 -602931200 -573308928 -543948800 -514326528 -1339555840 -1310195712 -1280573440 -1251213312 -1221591040 -1192230912 -1162870784 -1133248512 -1103888384 -1074266112 -1044905984 -1015283712 -985923584 -956563456 -926941184 
-849608704 -522452992 -195297280 132120576 459276288 786432000 1113587712 1441005568 1768161280 2095316992 -1872232448 -1545076736 -1217921024 -890503168 -563347456 -1136132096 -808714240 -481558528 -154402816 173015040 500170752 827326464 1154482176 1481900032 1809055744 2136211456 -1831337984 -1504182272 -1177026560 
-1397489664 -772538368 -147324928 477626368 1102577664 1727528960 -1942487040 -1317273600 -692322304 -67371008 557580288 1182531584 1807482880 -1862270976 -1237319680 -612368384 -932446208 -307494912 317456384 942407680 1567358976 -2102394880 -1477443584 -852492288 -227540992 397410304 1022623744 1647575040 -2022440960 
1754267648 -1617952768 -695205888 227540992 1150287872 2073034752 -1299185664 -376176640 546570240 1469317120 -1902903296 -980156416 -57409536 865337344 1788084224 -1584136192 -661389312 -729022464 193724416 1116471296 2039218176 -1333002240 -410255360 512753664 1435500544 -1936719872 -1013972992 -91226112 831520768 
15466496 1236008960 -1838415872 -617873408 602669056 1823211520 -1251213312 -30670848 1189871616 -1884553216 -664010752 556531712 1777074176 -1297350656 -77070336 1143472128 -1930952704 -710410240 -525598720 694943744 1915486208 -1158938624 61603840 1282146304 -1792278528 -571736064 648806400 1869348864 -1205075968 
1976041472 -800587776 717750272 -2058878976 -540540928 977797120 -1799094272 -280756224 1237581824 -1539047424 -20709376 1497628672 -1279262720 239075328 1757413376 -1019215872 499122176 2017460224 -759169024 -321912832 1196425216 -1580204032 -62128128 1456209920 -1320419328 197918720 1716256768 -1060372480 457703424 
-953679872 862453760 -1616642048 199491584 2015625216 -463470592 1352663040 -1126170624 689963008 -1789132800 27000832 1843134464 -635699200 1180172288 -1298661376 517472256 -1961623552 -145489920 1670643712 -808189952 -118489088 1697644544 -781189120 1034682368 -1444151296 371982336 -2106851328 -290979840 1525153792 
-184025088 1929641984 -251396096 1862270976 -318767104 1795162112 -386138112 1727791104 -453509120 1660420096 -520617984 1593049088 -587988992 1525940224 -655360000 1458569216 -722731008 1391198208 -789839872 1323827200 -857210880 85196800 -2096103424 17825792 2131492864 -49545216 2064384000 -116916224 1997012992 
-9961472 -1893466112 518258688 -1365245952 1046478848 -837025792 1574699008 -308805632 2102919168 219414528 -1663827968 747634688 -1135607808 1275854848 -607649792 1804075008 -79429632 -1962672128 448790528 -1434451968 977010688 -906231808 288620544 -1594621952 816840704 -1066401792 1345060864 -538181632 1873281024 
-431489024 -2017198080 692060160 -893386752 1815871488 230424576 -1355284480 1353973760 -231473152 -1817182208 892338176 -693370880 2015887360 430440448 -1155268608 1553989632 -31457280 -1617166336 1092354048 -493355008 -2079064064 630456320 -955252736 492044288 -1093402624 1615855616 30408704 -1555300352 1153957888 
-1448607744 1558446080 270794752 -1017118720 1989935104 702021632 -585629696 -1873543168 1133510656 -154140672 -1442054144 1564999680 277086208 -1010565120 1996488704 708575232 -579338240 -1866989568 1140064256 -147849216 -1435762688 1571553280 283639808 -1004273664 695730176 -592183296 -1880096768 1127219200 -160694272 
1233911808 243793920 -746323968 -1736441856 1568407552 578551808 -411566080 -1401683968 1903165440 913047552 -77070336 -1067188224 -2057043968 1247805440 257687552 -732430336 -1722548224 1582301184 592445440 -397672448 -1387790336 1917059072 926941184 -63176704 -1053294592 899153920 -90963968 -1080819712 -2070937600 
-974127104 -1666449408 1936195584 1243873280 551550976 -140771328 -833093632 -1525415936 2077229056 1384906752 692584448 262144 -692060160 -1384382464 -2076704768 1525940224 833617920 141295616 -551026688 -1243348992 -1935671296 1666973696 974651392 282591232 -409731072 -1102053376 1102839808 410517504 -281804800 
517210112 122683392 -271843328 -666370048 -1060896768 -1455685632 -1850212352 2050228224 1655701504 1261174784 866648064 472121344 77594624 -316932096 -711458816 -1105985536 -1500512256 -1895301120 2005139456 1610612736 1216086016 821559296 427032576 32505856 -362020864 -756547584 -1151074304 1306263552 911736832 
1412956160 1316225024 1219493888 1122762752 1025769472 929038336 832307200 735576064 638844928 541851648 445120512 348389376 251658240 154927104 57933824 -38797312 -135528448 -232259584 -328990720 -425984000 -522715136 -619446272 -716177408 -812908544 -909639680 -1006632960 -1103364096 -1200095232 1509687296 
RESULT of PG * Gt of Matrix with size 29 X 29


6291456 6291456 6291456 6291456 6553600 6553600 6553600 6553600 6553600 6553600 6553600 6553600 6553600 6553600 6553600 6553600 6553600 6553600 6553600 6553600 6553600 6553600 6553600 6553600 6553600 6553600 6815744 6815744 6815744 
6815744 6291456 6291456 6291456 6553600 6553600 6553600 6553600 6553600 6553600 6553600 6553600 6553600 6553600 6553600 6553600 6553600 6553600 6553600 6553600 6553600 6553600 6553600 6553600 6553600 6553600 6815744 6815744 6815744 
6815744 6815744 6291456 6291456 6553600 6553600 6553600 6553600 6553600 6553600 6553600 6553600 6553600 6553600 6553600 6553600 6553600 6553600 6553600 6553600 6553600 6553600 6553600 6553600 6553600 6553600 6815744 6815744 6815744 
6815744 6815744 6815744 6291456 6553600 6553600 6553600 6553600 6553600 6553600 6553600 6553600 6553600 6553600 6553600 6553600 6553600 6553600 6553600 6553600 6553600 6553600 6553600 6553600 6553600 6553600 6815744 6815744 6815744 
6815744 6815744 6815744 6815744 6553600 6553600 6553600 6553600 6553600 6553600 6553600 6553600 6553600 6553600 6553600 6553600 6553600 6553600 6553600 6553600 6553600 6553600 6553600 6553600 6553600 6553600 6815744 6815744 6815744 
6815744 6815744 6815744 6815744 6815744 6553600 6553600 6553600 6553600 6553600 6553600 6553600 6553600 6553600 6553600 6553600 6553600 6553600 6553600 6553600 6553600 6553600 6553600 6553600 6553600 6553600 6815744 6815744 6815744 
6815744 6815744 6815744 6815744 6815744 6815744 6553600 6553600 6553600 6553600 6553600 6553600 6553600 6553600 6553600 6553600 6553600 6553600 6553600 6553600 6553600 6553600 6553600 6553600 6553600 6553600 6815744 6815744 6815744 
6815744 6815744 6815744 6815744 6815744 6815744 6815744 6553600 6553600 6553600 6553600 6553600 6553600 6553600 6553600 6553600 6553600 6553600 6553600 6553600 6553600 6553600 6553600 6553600 6553600 6553600 6815744 6815744 6815744 
6815744 6815744 6815744 6815744 6815744 6815744 6815744 6815744 6553600 6553600 6553600 6553600 6553600 6553600 6553600 6553600 6553600 6553600 6553600 6553600 6553600 6553600 6553600 6553600 6553600 6553600 6815744 6815744 6815744 
6815744 6815744 6815744 6815744 6815744 6815744 6815744 6815744 6815744 6553600 6553600 6553600 6553600 6553600 6553600 6553600 6553600 6553600 6553600 6553600 6553600 6553600 6553600 6553600 6553600 6553600 6815744 6815744 6815744 
6815744 6815744 6815744 6815744 6815744 6815744 6815744 6815744 6815744 6815744 6553600 6553600 6553600 6553600 6553600 6553600 6553600 6553600 6553600 6553600 6553600 6553600 6553600 6553600 6553600 6553600 6815744 6815744 6815744 
6815744 6815744 6815744 6815744 6815744 6815744 6815744 6815744 6815744 6815744 6815744 6553600 6553600 6553600 6553600 6553600 6553600 6553600 6553600 6553600 6553600 6553600 6553600 6553600 6553600 6553600 6815744 6815744 6815744 
6815744 6815744 6815744 6815744 6815744 6815744 6815744 6815744 6815744 6815744 6815744 6815744 6553600 6553600 6553600 6553600 6553600 6553600 6553600 6553600 6553600 6553600 6553600 6553600 6553600 6553600 6815744 6815744 6815744 
6815744 6815744 6815744 6815744 6815744 6815744 6815744 6815744 6815744 6815744 6815744 6815744 6815744 6553600 6553600 6553600 6553600 6553600 6553600 6553600 6553600 6553600 6553600 6553600 6553600 6553600 6815744 6815744 6815744 
6815744 6815744 6815744 6815744 6815744 6815744 6815744 6815744 6815744 6815744 6815744 6815744 6815744 6815744 6553600 6553600 6553600 6553600 6553600 6553600 6553600 6553600 6553600 6553600 6553600 6553600 6815744 6815744 6815744 
6815744 6815744 6815744 6815744 6815744 6815744 6815744 6815744 6815744 6815744 6815744 6815744 6815744 6815744 6815744 6553600 6553600 6553600 6553600 6553600 6553600 6553600 6553600 6553600 6553600 6553600 6815744 6815744 6815744 
6815744 6815744 6815744 6815744 6815744 6815744 6815744 6815744 6815744 6815744 6815744 6815744 6815744 6815744 6815744 6815744 6553600 6553600 6553600 6553600 6553600 6553600 6553600 6553600 6553600 6553600 6815744 6815744 6815744 
6815744 6815744 6815744 6815744 6815744 6815744 6815744 6815744 6815744 6815744 6815744 6815744 6815744 6815744 6815744 6815744 6815744 6553600 6553600 6553600 6553600 6553600 6553600 6553600 6553600 6553600 6815744 6815744 6815744 
6815744 6815744 6815744 6815744 6815744 6815744 6815744 6815744 6815744 6815744 6815744 6815744 6815744 6815744 6815744 6815744 6815744 6815744 6553600 6553600 6553600 6553600 6553600 6553600 6553600 6553600 6815744 6815744 6815744 
6815744 6815744 6815744 6815744 6815744 6815744 6815744 6815744 6815744 6815744 6815744 6815744 6815744 6815744 6815744 6815744 6815744 6815744 7077888 6553600 6553600 6553600 6553600 6553600 6553600 6553600 6815744 6815744 6815744 
6815744 6815744 6815744 6815744 6815744 6815744 6815744 6815744 6815744 6815744 6815744 6815744 6815744 6815744 6815744 6815744 6815744 6815744 7077888 7077888 6553600 6553600 6553600 6553600 6553600 6553600 6815744 6815744 6815744 
6815744 6815744 6815744 6815744 6815744 6815744 6815744 6815744 6815744 6815744 6815744 6815744 6815744 6815744 6815744 6815744 6815744 6815744 7077888 7077888 7077888 6553600 6553600 6553600 6553600 6553600 6815744 6815744 6815744 
6815744 6815744 6815744 6815744 6815744 6815744 6815744 6815744 6815744 6815744 6815744 6815744 6815744 6815744 6815744 6815744 6815744 6815744 7077888 7077888 7077888 7077888 6553600 6553600 6553600 6553600 6815744 6815744 6815744 
6815744 6815744 6815744 6815744 6815744 6815744 6815744 6815744 6815744 6815744 6815744 6815744 6815744 6815744 6815744 6815744 6815744 6815744 7077888 7077888 7077888 7077888 7077888 6553600 6553600 6553600 6815744 6815744 6815744 
6815744 6815744 6815744 6815744 6815744 6815744 6815744 6815744 6815744 6815744 6815744 6815744 6815744 6815744 6815744 6815744 6815744 6815744 7077888 7077888 7077888 7077888 7077888 7077888 6553600 6553600 6815744 6815744 6815744 
6815744 6815744 6815744 6815744 6815744 6815744 6815744 6815744 6815744 6815744 6815744 6815744 6815744 6815744 6815744 6815744 6815744 6815744 7077888 7077888 7077888 7077888 7077888 7077888 7077888 6553600 6815744 6815744 6815744 
6815744 6815744 6815744 6815744 6815744 6815744 6815744 6815744 6815744 6815744 6815744 6815744 6815744 6815744 6815744 6815744 6815744 6815744 7077888 7077888 7077888 7077888 7077888 7077888 7077888 7077888 6815744 6815744 6815744 
6815744 6815744 6815744 6815744 6815744 6815744 6815744 6815744 6815744 6815744 6815744 6815744 6815744 6815744 6815744 6815744 6815744 6815744 7077888 7077888 7077888 7077888 7077888 7077888 7077888 7077888 7077888 6815744 6815744 
6815744 6815744 6815744 6815744 6815744 6815744 6815744 6815744 6815744 6815744 6815744 6815744 6815744 6815744 6815744 6815744 6815744 6815744 7077888 7077888 7077888 7077888 7077888 7077888 7077888 7077888 7077888 7077888 6815744 
RESULT of Pt * G of Matrix with size 29 X 29


-2109472768 -1915748352 -1722286080 -1528561664 -1334837248 -1141374976 -947650560 -754188288 -560463872 -366739456 -173277184 20447232 213909504 407633920 601096192 794820608 988545024 1182007296 1375731712 1569193984 1762918400 1956380672 -2144862208 -1951137792 -1757675520 -1563951104 -1370488832 -1176764416 -983302144 
-827588608 -1963458560 -1769734144 -1575747584 -1381761024 -1187774464 -993787904 -799801344 -605814784 -411828224 -217841664 -23855104 170131456 364118016 558104576 752091136 945815552 1139802112 1333788672 1527775232 1721761792 1915748352 2109734912 -1991245824 -1797259264 -1603272704 -1409286144 -1215299584 -1021313024 
-866123776 -671875072 -1817706496 -1623457792 -1429209088 -1234698240 -1040449536 -846200832 -651952128 -457441280 -263192576 -68943872 125566976 319815680 514064384 708313088 902823936 1097072640 1291321344 1485570048 1680080896 1874329600 2068578304 -2031878144 -1837629440 -1643380736 -1449132032 -1254621184 -1060372480 
-905445376 -710672384 -515899392 -1671954432 -1477181440 -1282670592 -1087897600 -893124608 -698613760 -503840768 -309329920 -114556928 80216064 274726912 469499904 664272896 858783744 1053556736 1248067584 1442840576 1637613568 1832124416 2026897408 -2073296896 -1878786048 -1684013056 -1489502208 -1294729216 -1099956224 
-945291264 -750256128 -555220992 -360185856 -1526202368 -1331167232 -1136132096 -941096960 -746061824 -551026688 -355991552 -160956416 34078720 229113856 424148992 619184128 814219264 1009254400 1204289536 1399324672 1594359808 1789394944 1984430080 -2115502080 -1920466944 -1725431808 -1530396672 -1335361536 -1140326400 
-986185728 -790626304 -595329024 -400031744 -204472320 -1380450304 -1184890880 -989593600 -794296320 -598736896 -403439616 -208142336 -12582912 182714368 378011648 573571072 768868352 964165632 1159725056 1355022336 1550319616 1745879040 1941176320 2136473600 -1962934272 -1767636992 -1572339712 -1376780288 -1181483008 
-1027604480 -831782912 -635961344 -440401920 -244580352 -48758784 -1234436096 -1038876672 -843055104 -647233536 -451674112 -255852544 -60030976 135528448 331350016 527171584 722731008 918552576 1114374144 1309933568 1505755136 1701576704 1897398272 2092957696 -2006188032 -1810366464 -1614807040 -1418985472 -1223163904 
-1069547520 -873463808 -677380096 -481296384 -285212672 -89128960 106954752 -1088684032 -892600320 -696516608 -500432896 -304349184 -108265472 87818240 283901952 479985664 676069376 872153088 1068236800 1264320512 1460404224 1656487936 1852571648 2048655360 -2050228224 -1854144512 -1658060800 -1461977088 -1265893376 
-1112539136 -916193280 -719585280 -523239424 -326631424 -130285568 66060288 262668288 -942931968 -746586112 -549978112 -353632256 -157024256 39321600 235667456 432275456 628621312 825229312 1021575168 1217921024 1414529024 1610874880 1807220736 2003828736 -2094792704 -1898184704 -1701838848 -1505492992 -1308884992 
-1156055040 -959184896 -762576896 -565706752 -368836608 -171966464 24641536 221511680 418381824 -797179904 -600309760 -403439616 -206569472 -9961472 186908672 383778816 580386816 777256960 974127104 1170997248 1367605248 1564475392 1761345536 1958215680 -2140143616 -1943273472 -1746403328 -1549795328 -1352925184 
-1200357376 -1003225088 -806092800 -608960512 -411828224 -214695936 -17301504 179830784 376963072 574095360 -651165696 -454033408 -256901120 -59768832 137363456 334495744 531628032 728760320 925892608 1123024896 1320157184 1517289472 1714683904 1911816192 2108948480 -1988886528 -1791754240 -1594621952 -1397489664 
-1245184000 -1047789568 -850395136 -652738560 -455344128 -257687552 -60293120 137363456 334757888 532152320 729808896 -505413632 -308019200 -110362624 87031808 284688384 482082816 679477248 877133824 1074528256 1272184832 1469579264 1667235840 1864630272 2062024704 -2035286016 -1837891584 -1640235008 -1442840576 
-1291059200 -1093140480 -895221760 -697303040 -499646464 -301727744 -103809024 94109696 292028416 489684992 687603712 885522432 -359661568 -161742848 36175872 233832448 431751168 629669888 827588608 1025245184 1223163904 1421082624 1619001344 1816920064 2014576640 -2082471936 -1884553216 -1686634496 -1488977920 
-1337458688 -1139277824 -940834816 -742653952 -544473088 -346292224 -148111360 50069504 248250368 446693376 644874240 843055104 1041235968 -213909504 -15728640 182452224 380895232 579076096 777256960 975437824 1173618688 1371799552 1569980416 1768423424 1966604288 -2130182144 -1932001280 -1733820416 -1535639552 
-1384382464 -1185939456 -987234304 -788791296 -590086144 -391643136 -192937984 5505024 204210176 402653184 601096192 799801344 998244352 1196949504 -68157440 130547712 328990720 527695872 726138880 924844032 1123287040 1321992192 1520435200 1719140352 1917583360 2116288512 -1980235776 -1781530624 -1583087616 
-1432354816 -1233387520 -1034420224 -835452928 -636485632 -437780480 -238813184 -39845888 159121408 358088704 557056000 755761152 954728448 1153695744 1352663040 77856768 276824064 475529216 674496512 873463808 1072431104 1271398400 1470103552 1669070848 1868038144 2067005440 -2028994560 -1830027264 -1631322112 
-1480851456 -1281622016 -1082130432 -882900992 -683671552 -484442112 -285212672 -85721088 113508352 312737792 511967232 711196672 910426112 1109917696 1309147136 1508376576 223608832 422838272 622067712 821297152 1020788736 1220018176 1419247616 1618477056 1817706496 2017198080 -2078539776 -1879310336 -1680080896 
-1529872384 -1330380800 -1130627072 -931135488 -731381760 -531890176 -332136448 -132644864 67108864 266600448 466354176 665845760 865599488 1065091072 1264844800 1464598528 1664090112 369360896 569114624 768606208 968359936 1167851520 1367605248 1567096832 1766850560 1966342144 -2128871424 -1929379840 -1729626112 
-1579941888 -1379926016 -1179910144 -979894272 -779878400 -580124672 -380108800 -180092928 19922944 219938816 419954688 619970560 819986432 1020002304 1219756032 1419771904 1619787776 1819803648 515112960 715128832 915144704 1115160576 1315176448 1515192320 1715208192 1915224064 2114977792 -1979973632 -1779957760 
-1630535680 -1430257664 -1229979648 -1029439488 -829161472 -628883456 -428605440 -228065280 -27787264 172490752 372768768 573046784 773586944 973864960 1174142976 1374420992 1574961152 1775239168 1975517184 661127168 861405184 1061683200 1261961216 1462239232 1662779392 1863057408 2063335424 -2031353856 -1830813696 
-1681915904 -1481113600 -1280573440 -1079771136 -879230976 -678428672 -477626368 -277086208 -76283904 124256256 325058560 525598720 726401024 927203328 1127743488 1328545792 1529085952 1729888256 1930690560 2131230720 806879232 1007419392 1208221696 1409024000 1609564160 1810366464 2010906624 -2083258368 -1882718208 
-1734082560 -1533018112 -1331953664 -1130889216 -929824768 -728760320 -527695872 -326631424 -125566976 75497472 276561920 477626368 678690816 879755264 1080819712 1281884160 1482686464 1683750912 1884815360 2085879808 -2008023040 952631296 1153695744 1354760192 1555824640 1756889088 1957953536 -2135949312 -1934884864 
-1786773504 -1585184768 -1383858176 -1182531584 -981204992 -779616256 -578289664 -376963072 -175374336 25952256 227278848 428605440 630194176 831520768 1032847360 1234436096 1435762688 1637089280 1838415872 2040004608 -2053636096 -1852309504 1098383360 1299972096 1501298688 1702625280 1903951872 2105540608 -1988100096 
-1840250880 -1638400000 -1436549120 -1234960384 -1033109504 -831520768 -629669888 -427819008 -226230272 -24379392 177471488 379060224 580911104 782761984 984350720 1186201600 1387790336 1589641216 1791492096 1993080832 -2100035584 -1898184704 -1696595968 1244135424 1445986304 1647837184 1849425920 2051276800 -2041839616 
-1894252544 -1692139520 -1490026496 -1287913472 -1085800448 -883687424 -681574400 -479461376 -277348352 -75497472 126615552 328728576 530841600 732954624 935067648 1137180672 1339293696 1541406720 1743519744 1945632768 -2147221504 -1945108480 -1742995456 -1540882432 1390149632 1592262656 1794375680 1996488704 -2096365568 
-1949302784 -1746665472 -1544290304 -1341915136 -1139277824 -936902656 -734527488 -531890176 -329515008 -127139840 75497472 277872640 480247808 682885120 885260288 1087635456 1290272768 1492647936 1695023104 1897660416 2100035584 -1992556544 -1789919232 -1587544064 -1385168896 1535901696 1738276864 1940914176 2143289344 
-2004877312 -1801977856 -1599078400 -1396441088 -1193541632 -990642176 -788004864 -585105408 -382205952 -179568640 23330816 226230272 428867584 631767040 834666496 1037565952 1240203264 1443102720 1646002176 1848639488 2051538944 -2040528896 -1837891584 -1634992128 -1432092672 -1229455360 1681653760 1884553216 2087190528 
-2061238272 -1858076672 -1654915072 -1451491328 -1248329728 -1045168128 -842006528 -638844928 -435683328 -232521728 -29360128 173801472 376963072 580124672 783286272 986447872 1189609472 1392771072 1595932672 1799094272 2002255872 -2089549824 -1886388224 -1683226624 -1480065024 -1276903424 -1073741824 1827405824 2030567424 
-2118123520 -1914699776 -1711013888 -1507590144 -1304166400 -1100480512 -897056768 -693370880 -489947136 -286523392 -82837504 120586240 324272128 527695872 731119616 934805504 1138229248 1341915136 1545338880 1748762624 1952448512 -2139095040 -1935409152 -1731985408 -1528561664 -1324875776 -1121452032 -918028288 1973420032 
RESULT of [PG]t * G of Matrix with size 29 X 29


0 524288 786432 1048576 1572864 1835008 2097152 2621440 2883584 3145728 3407872 3932160 4194304 4456448 4980736 5242880 5505024 6029312 6291456 6553600 7077888 7340032 7602176 7864320 8388608 8650752 8912896 9437184 9699328 
9699328 0 524288 786432 1048576 1572864 1835008 2097152 2621440 2883584 3145728 3407872 3932160 4194304 4456448 4980736 5242880 5505024 6029312 6291456 6553600 7077888 7340032 7602176 8126464 8388608 8650752 8912896 9437184 
9437184 9699328 0 524288 786432 1048576 1572864 1835008 2097152 2621440 2883584 3145728 3670016 3932160 4194304 4456448 4980736 5242880 5505024 6029312 6291456 6553600 7077888 7340032 7602176 8126464 8388608 8650752 9175040 
9175040 9437184 9699328 0 524288 786432 1048576 1572864 1835008 2097152 2621440 2883584 3145728 3670016 3932160 4194304 4718592 4980736 5242880 5505024 6029312 6291456 6553600 7077888 7340032 7602176 8126464 8388608 8650752 
8650752 9175040 9437184 9699328 0 524288 786432 1048576 1572864 1835008 2097152 2621440 2883584 3145728 3670016 3932160 4194304 4718592 4980736 5242880 5767168 6029312 6291456 6553600 7077888 7340032 7602176 8126464 8388608 
8388608 8650752 9175040 9437184 9699328 0 524288 786432 1048576 1572864 1835008 2097152 2621440 2883584 3145728 3670016 3932160 4194304 4718592 4980736 5242880 5767168 6029312 6291456 6815744 7077888 7340032 7602176 8126464 
8126464 8388608 8912896 9175040 9437184 9961472 0 524288 786432 1048576 1572864 1835008 2097152 2621440 2883584 3145728 3670016 3932160 4194304 4718592 4980736 5242880 5767168 6029312 6291456 6815744 7077888 7340032 7864320 
7864320 8126464 8388608 8912896 9175040 9437184 9961472 0 524288 786432 1048576 1572864 1835008 2097152 2621440 2883584 3145728 3670016 3932160 4194304 4718592 4980736 5242880 5767168 6029312 6291456 6815744 7077888 7340032 
7340032 7864320 8126464 8388608 8912896 9175040 9437184 9961472 0 524288 786432 1048576 1572864 1835008 2097152 2621440 2883584 3145728 3670016 3932160 4194304 4718592 4980736 5242880 5767168 6029312 6291456 6815744 7077888 
7077888 7340032 7864320 8126464 8388608 8912896 9175040 9437184 9961472 0 524288 786432 1048576 1572864 1835008 2097152 2621440 2883584 3145728 3670016 3932160 4194304 4718592 4980736 5242880 5767168 6029312 6291456 6815744 
6815744 7077888 7602176 7864320 8126464 8650752 8912896 9175040 9699328 9961472 0 524288 786432 1048576 1572864 1835008 2097152 2621440 2883584 3145728 3670016 3932160 4194304 4718592 4980736 5242880 5767168 6029312 6291456 
6553600 6815744 7077888 7602176 7864320 8126464 8650752 8912896 9175040 9699328 9961472 0 524288 786432 1048576 1572864 1835008 2097152 2621440 2883584 3145728 3670016 3932160 4456448 4718592 4980736 5505024 5767168 6029312 
6029312 6553600 6815744 7077888 7602176 7864320 8126464 8650752 8912896 9175040 9699328 9961472 0 524288 786432 1048576 1572864 1835008 2097152 2621440 2883584 3407872 3670016 3932160 4456448 4718592 4980736 5505024 5767168 
5767168 6029312 6553600 6815744 7077888 7602176 7864320 8126464 8650752 8912896 9175040 9699328 9961472 0 524288 786432 1048576 1572864 1835008 2359296 2621440 2883584 3407872 3670016 3932160 4456448 4718592 4980736 5505024 
5505024 5767168 6029312 6553600 6815744 7077888 7602176 7864320 8126464 8650752 8912896 9437184 9699328 9961472 0 524288 786432 1048576 1572864 1835008 2359296 2621440 2883584 3407872 3670016 3932160 4456448 4718592 4980736 
4980736 5505024 5767168 6029312 6553600 6815744 7340032 7602176 7864320 8388608 8650752 8912896 9437184 9699328 9961472 0 524288 786432 1048576 1572864 1835008 2359296 2621440 2883584 3407872 3670016 3932160 4456448 4718592 
4718592 4980736 5505024 5767168 6029312 6553600 6815744 7340032 7602176 7864320 8388608 8650752 8912896 9437184 9699328 9961472 0 524288 786432 1048576 1572864 1835008 2359296 2621440 2883584 3407872 3670016 3932160 4456448 
4456448 4718592 4980736 5505024 5767168 6291456 6553600 6815744 7340032 7602176 7864320 8388608 8650752 8912896 9437184 9699328 10223616 0 524288 786432 1310720 1572864 1835008 2359296 2621440 2883584 3407872 3670016 3932160 
3932160 4456448 4718592 5242880 5505024 5767168 6291456 6553600 6815744 7340032 7602176 7864320 8388608 8650752 9175040 9437184 9699328 10223616 0 524288 786432 1310720 1572864 1835008 2359296 2621440 2883584 3407872 3670016 
3670016 3932160 4456448 4718592 5242880 5505024 5767168 6291456 6553600 6815744 7340032 7602176 7864320 8388608 8650752 9175040 9437184 9699328 10223616 0 524288 786432 1310720 1572864 1835008 2359296 2621440 2883584 3407872 
3407872 3670016 4194304 4456448 4718592 5242880 5505024 5767168 6291456 6553600 6815744 7340032 7602176 8126464 8388608 8650752 9175040 9437184 9699328 10223616 0 524288 786432 1310720 1572864 1835008 2359296 2621440 2883584 
2883584 3407872 3670016 4194304 4456448 4718592 5242880 5505024 5767168 6291456 6553600 7077888 7340032 7602176 8126464 8388608 8650752 9175040 9437184 9961472 10223616 0 524288 786432 1310720 1572864 1835008 2359296 2621440 
2621440 2883584 3407872 3670016 4194304 4456448 4718592 5242880 5505024 5767168 6291456 6553600 7077888 7340032 7602176 8126464 8388608 8650752 9175040 9437184 9961472 10223616 0 524288 786432 1310720 1572864 1835008 2359296 
2359296 2621440 2883584 3407872 3670016 4194304 4456448 4718592 5242880 5505024 6029312 6291456 6553600 7077888 7340032 7602176 8126464 8388608 8912896 9175040 9437184 9961472 10223616 0 524288 786432 1310720 1572864 1835008 
1835008 2359296 2621440 3145728 3407872 3670016 4194304 4456448 4718592 5242880 5505024 6029312 6291456 6553600 7077888 7340032 7602176 8126464 8388608 8912896 9175040 9437184 9961472 10223616 0 524288 786432 1310720 1572864 
1572864 1835008 2359296 2621440 3145728 3407872 3670016 4194304 4456448 4718592 5242880 5505024 6029312 6291456 6553600 7077888 7340032 7864320 8126464 8388608 8912896 9175040 9437184 9961472 10223616 0 524288 786432 1310720 
1310720 1572864 1835008 2359296 2621440 3145728 3407872 3670016 4194304 4456448 4980736 5242880 5505024 6029312 6291456 6553600 7077888 7340032 7864320 8126464 8388608 8912896 9175040 9699328 9961472 10223616 0 524288 786432 
786432 1310720 1572864 1835008 2359296 2621440 3145728 3407872 3670016 4194304 4456448 4980736 5242880 5505024 6029312 6291456 6815744 7077888 7340032 7864320 8126464 8388608 8912896 9175040 9699328 9961472 10223616 0 524288 
524288 786432 1310720 1572864 1835008 2359296 2621440 3145728 3407872 3670016 4194304 4456448 4980736 5242880 5505024 6029312 6291456 6815744 7077888 7340032 7864320 8126464 8650752 8912896 9175040 9699328 9961472 10485760 0 
RESULT of Pt * Gt of Matrix with size 29 X 29


105906176 309592064 513015808 716701696 920125440 1123549184 1327235072 1530658816 1734344704 1937768448 2141192192 -1950089216 -1746665472 -1542979584 -1339555840 -1136132096 -932446208 -729022464 -525598720 -321912832 -118489088 85196800 288620544 492044288 695730176 899153920 1102839808 1306263552 1509687296 
1412956160 261619712 763101184 1264320512 1765539840 -2027945984 -1526726656 -1025507328 -524288000 -22806528 478412800 979632128 1481113600 1982332928 -1811415040 -1310195712 -808714240 -307494912 193724416 694943744 1196425216 1697644544 -2096103424 -1594621952 -1093402624 -592183296 -90963968 410517504 911736832 
517210112 1316225024 417595392 1216610304 2015625216 -1480327168 -681312256 117702656 916717568 1715994624 -1779957760 -980942848 -181927936 617086976 1416101888 -2079588352 -1280573440 -481558528 317456384 1116471296 1915486208 -1580204032 -781189120 17825792 816840704 1615855616 -1880096768 -1080819712 -281804800 
-974127104 122683392 1219493888 573308928 1670119424 -1528037376 -431226880 665583616 1762394112 -1435762688 -338952192 757858304 1854668800 -1343488000 -246677504 850132992 1946943488 -1251213312 -154402816 942407680 2039218176 -1158938624 -62128128 1034682368 2131492864 -1066401792 30408704 1127219200 -2070937600 
1233911808 -1666449408 -271843328 1122762752 729022464 2123628544 -776994816 617611264 2012217344 -888143872 506462208 1901068288 -999292928 395313152 1789919232 -1110441984 284164096 1678770176 -1221591040 173015040 1567358976 -1333002240 61603840 1456209920 -1444151296 -49545216 1345060864 -1555300352 -160694272 
-1448607744 243793920 1936195584 -666370048 1025769472 884736000 -1718091776 -25690112 1666711552 -935854080 756547584 -1846018048 -153878528 1538523136 -1064042496 628359168 -1974206464 -282066944 1410334720 -1192230912 500170752 -2102394880 -410255360 1282146304 -1320419328 371982336 2064384000 -538181632 1153957888 
-431489024 1558446080 -746323968 1243873280 -1060896768 929038336 1040449536 -1264582656 725614592 -1579155456 410779648 -1893990400 96206848 2086404096 -218628096 1771569152 -533200896 1456734208 -848035840 1142161408 -1162870784 827326464 -1477443584 512753664 -1792278528 197918720 -2106851328 -116916224 1873281024 
-9961472 -2017198080 270794752 -1736441856 551550976 -1455685632 832307200 1196163072 -811073536 1476919296 -530317312 1757675520 -249298944 2038431744 31457280 -1975779328 312213504 -1694760960 592969728 -1414004736 873725952 -1133248512 1154482176 -852492288 1435500544 -571736064 1716256768 -290979840 1997012992 
-184025088 -1893466112 692060160 -1017118720 1568407552 -140771328 -1850212352 735576064 1351876608 -357564416 -2066743296 518782976 -1190395904 1395130368 -314048512 -2023489536 562036736 -1147142144 1438384128 -270794752 -1980235776 605552640 -1103888384 1481900032 -227540992 -1936719872 648806400 -1060372480 1525153792 
-953679872 1929641984 518258688 -893386752 1989935104 578551808 -833093632 2050228224 638844928 1507590144 95944704 -1315438592 1567883264 156237824 -1255145472 1628176384 216530944 -1194852352 1688469504 276824064 -1134559232 1748762624 337117184 -1074266112 1809055744 397410304 -1013972992 1869348864 457703424 
1976041472 862453760 -251396096 -1365245952 1815871488 702021632 -411566080 -1525415936 1655701504 541851648 1663303680 549453824 -564396032 -1677983744 1503133696 389283840 -724566016 -1838415872 1342963712 229113856 -884736000 -1998585856 1182793728 68943872 -1044905984 2136211456 1022623744 -91226112 -1205075968 
15466496 -800587776 -1616642048 1862270976 1046478848 230424576 -585629696 -1401683968 2077229056 1261174784 445120512 1819017216 1002962944 186908672 -629145600 -1445199872 2033713152 1217921024 401866752 -414187520 -1230241792 -2046296064 1432616960 616562688 -199491584 -1015283712 -1831337984 1647575040 831520768 
1754267648 1236008960 717750272 199491584 -318767104 -837025792 -1355284480 -1873543168 1903165440 1384906752 866648064 348389376 1974730752 1456472064 938213376 419954688 -98304000 -616562688 -1134821376 -1653080064 2123628544 1605369856 1087111168 568852480 50593792 -467664896 -985923584 -1504182272 -2022440960 
-1397489664 -1617952768 -1838415872 -2058878976 2015625216 1795162112 1574699008 1353973760 1133510656 913047552 692584448 472121344 251658240 2130444288 1909981184 1689518080 1469054976 1248591872 1027866624 807403520 586940416 366477312 146014208 -74448896 -294912000 -515375104 -735838208 -956563456 -1177026560 
-849608704 -772538368 -695205888 -617873408 -540540928 -463470592 -386138112 -308805632 -231473152 -154140672 -77070336 262144 77594624 154927104 -2008809472 -1931476992 -1854144512 -1777074176 -1699741696 -1622409216 -1545076736 -1468006400 -1390673920 -1313341440 -1236008960 -1158676480 -1081606144 -1004273664 -926941184 
-897581056 -522452992 -147324928 227540992 602669056 977797120 1352663040 1727791104 2102919168 -1817182208 -1442054144 -1067188224 -692060160 -316932096 57933824 -1853095936 -1477967872 -1103101952 -727973888 -352845824 22020096 397148160 772276224 1147142144 1522270208 1897398272 -2022703104 -1647575040 -1272446976 
-1540882432 -867958784 -195297280 477626368 1150287872 1823211520 -1799094272 -1126170624 -453509120 219414528 892338176 1564999680 -2057043968 -1384382464 -711458816 -38797312 -1697382400 -1024458752 -351797248 321126400 993787904 1666711552 -1955594240 -1282670592 -610009088 62914560 735576064 1408499712 2081423360 
1515192320 -1809055744 -838598656 132120576 1102577664 2073034752 -1251213312 -280756224 689963008 1660420096 -1663827968 -693370880 277086208 1247805440 -2076704768 -1105985536 -135528448 -1541668864 -570949632 399507456 1369964544 -1954283520 -983826432 -13107200 957349888 1928069120 -1396441088 -425984000 544735232 
-319029248 949223424 -2077491200 -808976384 459276288 1727528960 -1299185664 -30670848 1237581824 -1789132800 -520617984 747634688 2015887360 -1010565120 257687552 1525940224 -1500512256 -232259584 -1385955328 -117702656 1150812160 -1875902464 -607649792 660865024 1929117696 -1097596928 170917888 1439170560 -1587544064 
1545863168 -1183055872 383254528 1949302784 -779616256 786432000 -1942487040 -376176640 1189871616 -1539047424 27000832 1593049088 -1135607808 430440448 1996488704 -732430336 833617920 -1895301120 -328990720 -1230241792 335806464 1902116864 -826802176 739246080 -1989672960 -423624704 1142685696 -1586233344 -20185088 
-1479540736 384303104 -2046820352 -182976512 1680867328 -750256128 1113587712 -1317273600 546570240 -1884553216 -20709376 1843134464 -587988992 1275854848 -1155268608 708575232 -1722548224 141295616 2005139456 -425984000 -1074528256 789315584 -1641807872 222035968 2086141952 -344981504 1518862336 -912261120 951582720 
-805568512 1356070912 -777256960 1384382464 -748945408 1412694016 -720633856 1441005568 -692322304 1469317120 -664010752 1497628672 -635699200 1525940224 -607649792 1553989632 -579338240 1582301184 -551026688 1610612736 -522715136 -918814720 1242824704 -890503168 1271136256 -862191616 1299447808 -833880064 1327759360 
-727187456 1732247552 -103284736 -1938817024 520617984 -1314914304 1144258560 -691273728 1768161280 -67371008 -1902903296 556531712 -1279262720 1180172288 -655360000 1804075008 -31457280 -1866989568 592445440 -1243348992 1216086016 -619446272 -763101184 1696333824 -139198464 -1974730752 484704256 -1350828032 1108344832 
-1244135424 1512833024 -24903680 -1562640384 1194590208 -343408640 -1881145344 876085248 -661651456 2095316992 557580288 -980156416 1777074176 239075328 -1298661376 1458569216 -79429632 -1617166336 1140064256 -397672448 -1935671296 821559296 -716177408 -607387648 -2145124352 612106240 -925630464 1831337984 293601280 
1938030592 698089472 -541851648 -1782054912 1272971264 33030144 -1207173120 1847853056 607649792 -632291328 -1872232448 1182531584 -57409536 -1297350656 1757413376 517472256 -722731008 -1962672128 1092354048 -147849216 -1387790336 1666973696 427032576 -812908544 -451674112 -1691615232 1363410944 123207680 -1116733440 
229900288 -712245248 -1654652928 1698168832 755761152 -186384384 -1128792064 -2070937600 1281622016 339476480 -602931200 -1545076736 1807482880 865337344 -77070336 -1019215872 -1961623552 1391198208 448790528 -493355008 -1435762688 1917059072 974651392 32505856 -909639680 -295960576 -1238106112 2114453504 1172307968 
-2073559040 1576796160 932184064 287834112 -356777984 -1001127936 -1645740032 2004615168 1360265216 715653120 71041024 -573308928 -1217921024 -1862270976 1788084224 1143472128 499122176 -145489920 -789839872 -1434451968 -2079064064 1571553280 926941184 282591232 -362020864 -1006632960 -140247040 -784596992 -1429209088 
-677904384 -1024720896 -1371275264 -1718091776 -2064908288 1883242496 1536688128 1189871616 843055104 496238592 149684224 -197132288 -543948800 -890503168 -1237319680 -1584136192 -1930952704 2017460224 1670643712 1323827200 977010688 630456320 283639808 -63176704 -409731072 -756547584 -1103364096 15728640 -331087872 
122421248 73400320 24379392 -24641536 -73662464 -122683392 -171442176 -220463104 -269484032 -318504960 -367525888 -416546816 -465305600 -514326528 -563347456 -612368384 -661389312 -710410240 -759169024 -808189952 -857210880 -906231808 -955252736 -1004273664 -1053294592 -1102053376 -1151074304 -1200095232 171442176 
RESULT of [PG]t * Gt of Matrix with size 29 X 29


