0 0 0 0 0 0 0 0 0 0 0 0 0 0 0 0 0 0 0 0 0 0 0 0 0 0 0 0 0 0 
0 0 0 0 0 0 0 0 0 0 0 0 0 0 0 0 0 0 0 0 0 0 0 0 0 0 0 0 0 0 
0 0 0 0 0 0 0 0 0 0 0 0 0 0 0 0 0 0 0 0 0 0 0 0 0 0 0 0 0 0 
0 0 0 0 0 0 0 0 0 0 0 0 0 0 0 0 0 0 0 0 0 0 0 0 0 0 0 0 0 0 
0 0 0 0 0 0 0 0 0 0 0 0 0 0 0 0 0 0 0 0 0 0 0 0 0 0 0 0 0 0 
0 0 0 0 0 0 0 0 0 0 0 0 0 0 0 0 0 0 0 0 0 0 0 0 0 0 0 0 0 0 
0 0 0 0 0 0 0 0 0 0 0 0 0 0 0 0 0 0 0 0 0 0 0 0 0 0 0 0 0 0 
0 0 0 0 0 0 0 0 0 0 0 0 0 0 0 0 0 0 0 0 0 0 0 0 0 0 0 0 0 0 
0 0 0 0 0 0 0 0 0 0 0 0 0 0 0 0 0 0 0 0 0 0 0 0 0 0 0 0 0 0 
0 0 0 0 0 0 0 0 0 0 0 0 0 0 0 0 0 0 0 0 0 0 0 0 0 0 0 0 0 0 
0 0 0 0 0 0 0 0 0 0 0 0 0 0 0 0 0 0 0 0 0 0 0 0 0 0 0 0 0 0 
0 0 0 0 0 0 0 0 0 0 0 0 0 0 0 0 0 0 0 0 0 0 0 0 0 0 0 0 0 0 
0 0 0 0 0 0 0 0 0 0 0 0 0 0 0 0 0 0 0 0 0 0 0 0 0 0 0 0 0 0 
0 0 0 0 0 0 0 0 0 0 0 0 0 0 0 0 0 0 0 0 0 0 0 0 0 0 0 0 0 0 
0 0 0 0 0 0 0 0 0 0 0 0 0 0 0 0 0 0 0 0 0 0 0 0 0 0 0 0 0 0 
0 0 0 0 0 0 0 0 0 0 0 0 0 0 0 0 0 0 0 0 0 0 0 0 0 0 0 0 0 0 
0 0 0 0 0 0 0 0 0 0 0 0 0 0 0 0 0 0 0 0 0 0 0 0 0 0 0 0 0 0 
0 0 0 0 0 0 0 0 0 0 0 0 0 0 0 0 0 0 0 0 0 0 0 0 0 0 0 0 0 0 
0 0 0 0 0 0 0 0 0 0 0 0 0 0 0 0 0 0 0 0 0 0 0 0 0 0 0 0 0 0 
0 0 0 0 0 0 0 0 0 0 0 0 0 0 0 0 0 0 0 0 0 0 0 0 0 0 0 0 0 0 
0 0 0 0 0 0 0 0 0 0 0 0 0 0 0 0 0 0 0 0 0 0 0 0 0 0 0 0 0 0 
0 0 0 0 0 0 0 0 0 0 0 0 0 0 0 0 0 0 0 0 0 0 0 0 0 0 0 0 0 0 
0 0 0 0 0 0 0 0 0 0 0 0 0 0 0 0 0 0 0 0 0 0 0 0 0 0 0 0 0 0 
0 0 0 0 0 0 0 0 0 0 0 0 0 0 0 0 0 0 0 0 0 0 0 0 0 0 0 0 0 0 
0 0 0 0 0 0 0 0 0 0 0 0 0 0 0 0 0 0 0 0 0 0 0 0 0 0 0 0 0 0 
0 0 0 0 0 0 0 0 0 0 0 0 0 0 0 0 0 0 0 0 0 0 0 0 0 0 0 0 0 0 
0 0 0 0 0 0 0 0 0 0 0 0 0 0 0 0 0 0 0 0 0 0 0 0 0 0 0 0 0 0 
0 0 0 0 0 0 0 0 0 0 0 0 0 0 0 0 0 0 0 0 0 0 0 0 0 0 0 0 0 0 
0 0 0 0 0 0 0 0 0 0 0 0 0 0 0 0 0 0 0 0 0 0 0 0 0 0 0 0 0 0 
0 0 0 0 0 0 0 0 0 0 0 0 0 0 0 0 0 0 0 0 0 0 0 0 0 0 0 0 0 0 
INITIAL DATA of Matrix with size 30 X 30


262144 262144 262144 262144 262144 262144 262144 262144 262144 262144 262144 262144 262144 262144 262144 262144 262144 262144 262144 262144 262144 262144 262144 262144 262144 262144 262144 262144 262144 262144 
524288 524288 524288 524288 524288 524288 524288 524288 524288 524288 524288 524288 524288 524288 524288 524288 524288 524288 524288 524288 524288 524288 524288 524288 524288 524288 524288 524288 524288 524288 
1048576 1048576 1048576 1048576 1048576 1048576 1048576 1048576 1048576 1048576 1048576 1048576 1048576 1048576 1048576 1048576 1048576 1048576 1048576 1048576 1048576 1048576 1048576 1048576 1048576 1048576 1048576 1048576 1048576 1048576 
1310720 1310720 1310720 1310720 1310720 1310720 1310720 1310720 1310720 1310720 1310720 1310720 1310720 1310720 1310720 1310720 1310720 1310720 1310720 1310720 1310720 1310720 1310720 1310720 1310720 1310720 1310720 1310720 1310720 1310720 
1835008 1835008 1835008 1835008 1835008 1835008 1835008 1835008 1835008 1835008 1835008 1835008 1835008 1835008 1835008 1835008 1835008 1835008 1835008 1835008 1835008 1835008 1835008 1835008 1835008 1835008 1835008 1835008 1835008 1835008 
2097152 2359296 2359296 2359296 2359296 2097152 2097152 2097152 2097152 2097152 2097152 2097152 2097152 2097152 2097152 2097152 2097152 2097152 2097152 2097152 2097152 2097152 2097152 2097152 2097152 2097152 2097152 2097152 2097152 2097152 
2621440 2621440 2621440 2621440 2621440 2621440 2621440 2621440 2621440 2621440 2621440 2621440 2621440 2621440 2621440 2621440 2621440 2621440 2621440 2621440 2621440 2621440 2621440 2621440 2621440 2621440 2621440 2621440 2621440 2621440 
3145728 3145728 3145728 3145728 3145728 3145728 3145728 2883584 2883584 2883584 2883584 2883584 2883584 2883584 2883584 2883584 2883584 2883584 2883584 2883584 2883584 2883584 2883584 2883584 2883584 2883584 2883584 3145728 3145728 3145728 
3407872 3407872 3407872 3407872 3407872 3407872 3407872 3407872 3407872 3407872 3407872 3407872 3407872 3407872 3407872 3407872 3407872 3407872 3407872 3407872 3407872 3407872 3407872 3407872 3407872 3407872 3407872 3407872 3407872 3407872 
3932160 3932160 3932160 3932160 3932160 3932160 3932160 3932160 3932160 3670016 3670016 3670016 3670016 3670016 3670016 3670016 3670016 3670016 3670016 3670016 3670016 3670016 3670016 3670016 3670016 3932160 3932160 3932160 3932160 3932160 
4194304 4194304 4194304 4194304 4194304 4194304 4194304 4194304 4456448 4456448 3932160 4194304 4194304 4194304 4194304 4194304 4194304 4194304 4194304 4194304 4194304 4194304 4194304 4194304 4194304 4194304 4194304 4194304 4194304 4194304 
4718592 4718592 4718592 4718592 4718592 4718592 4718592 4718592 4718592 4718592 4718592 4456448 4456448 4456448 4456448 4456448 4456448 4456448 4456448 4456448 4456448 4456448 4456448 4456448 4718592 4718592 4718592 4718592 4718592 4718592 
4980736 4980736 4980736 4980736 4980736 4980736 5242880 5242880 5242880 5242880 5242880 5242880 4718592 4980736 4980736 4980736 4980736 4980736 4980736 4980736 4980736 4980736 4980736 4980736 4980736 4980736 4980736 4980736 4980736 4980736 
5505024 5505024 5505024 5505024 5505024 5505024 5505024 5505024 5505024 5505024 5505024 5505024 5505024 5242880 5242880 5242880 5242880 5242880 5242880 5242880 5242880 5242880 5242880 5242880 5505024 5505024 5505024 5505024 5505024 5505024 
5767168 5767168 5767168 5767168 5767168 6029312 6029312 6029312 6029312 6029312 6029312 6029312 6029312 6029312 5505024 5767168 5767168 5767168 5767168 5767168 5767168 5767168 5767168 5767168 5767168 5767168 5767168 5767168 5767168 5767168 
6291456 6291456 6291456 6291456 6291456 6291456 6291456 6291456 6291456 6291456 6291456 6291456 6291456 6291456 6553600 6029312 6029312 6029312 6029312 6029312 6029312 6029312 6029312 6029312 6029312 6291456 6291456 6291456 6291456 6291456 
6553600 6553600 6553600 6553600 6815744 6815744 6815744 6815744 6815744 6815744 6815744 6815744 6815744 6815744 6815744 6815744 6291456 6553600 6553600 6553600 6553600 6553600 6553600 6553600 6553600 6553600 6553600 6553600 6553600 6553600 
7077888 7077888 7077888 7077888 7077888 7077888 7077888 7077888 7077888 7077888 7077888 7077888 7077888 7340032 7340032 7340032 7340032 6815744 6815744 6815744 6815744 6815744 6815744 6815744 6815744 6815744 7077888 7077888 7077888 7077888 
7340032 7340032 7340032 7340032 7340032 7602176 7602176 7602176 7602176 7602176 7602176 7602176 7602176 7602176 7602176 7602176 7602176 7602176 7077888 7340032 7340032 7340032 7340032 7340032 7340032 7340032 7340032 7340032 7340032 7340032 
7864320 7864320 7864320 7864320 7864320 7864320 7864320 7864320 7864320 7864320 7864320 7864320 8126464 8126464 8126464 8126464 8126464 8126464 8126464 7602176 7602176 7602176 7602176 7602176 7602176 7602176 7602176 7864320 7864320 7864320 
8126464 8126464 8126464 8126464 8126464 8388608 8388608 8388608 8388608 8388608 8388608 8388608 8388608 8388608 8388608 8388608 8388608 8388608 8388608 8650752 7864320 8126464 8126464 8126464 8126464 8126464 8126464 8126464 8126464 8126464 
8650752 8650752 8650752 8650752 8650752 8650752 8650752 8650752 8650752 8650752 8650752 8650752 8912896 8912896 8912896 8912896 8912896 8912896 8912896 8912896 8912896 8388608 8388608 8388608 8388608 8388608 8388608 8388608 8388608 8650752 
8912896 8912896 8912896 8912896 8912896 8912896 9175040 9175040 9175040 9175040 9175040 9175040 9175040 9175040 9175040 9175040 9175040 9175040 9175040 9437184 9437184 9437184 8650752 8912896 8912896 8912896 8912896 8912896 8912896 8912896 
9437184 9437184 9437184 9437184 9437184 9437184 9437184 9437184 9437184 9437184 9437184 9437184 9437184 9699328 9699328 9699328 9699328 9699328 9699328 9699328 9699328 9699328 9699328 9175040 9175040 9175040 9175040 9175040 9175040 9175040 
9699328 9699328 9699328 9699328 9699328 9699328 9699328 9961472 9961472 9961472 9961472 9961472 9961472 9961472 9961472 9961472 9961472 9961472 9961472 10223616 10223616 10223616 10223616 10223616 9437184 9699328 9699328 9699328 9699328 9699328 
9961472 9961472 10223616 10223616 10223616 10223616 10223616 10223616 10223616 10223616 10223616 10223616 10223616 10485760 10485760 10485760 10485760 10485760 10485760 10485760 10485760 10485760 10485760 10485760 10485760 9961472 9961472 9961472 9961472 9961472 
10485760 10485760 10485760 10485760 10485760 10485760 10485760 10485760 10747904 10747904 10747904 10747904 10747904 10747904 10747904 10747904 10747904 10747904 10747904 11010048 11010048 11010048 11010048 11010048 11010048 11010048 10223616 10485760 10485760 10485760 
10747904 10747904 10747904 11010048 11010048 11010048 11010048 11010048 11010048 11010048 11010048 11010048 11010048 11010048 11272192 11272192 11272192 11272192 11272192 11272192 11272192 11272192 11272192 11272192 11272192 11534336 11534336 10747904 10747904 10747904 
11272192 11272192 11272192 11272192 11272192 11272192 11272192 11272192 11272192 11534336 11534336 11534336 11534336 11534336 11534336 11534336 11534336 11534336 11534336 11534336 11796480 11796480 11796480 11796480 11796480 11796480 11796480 11796480 11010048 11272192 
11534336 11534336 11534336 11534336 11534336 11796480 11796480 11796480 11796480 11796480 11796480 11796480 11796480 11796480 11796480 12058624 12058624 12058624 12058624 12058624 12058624 12058624 12058624 12058624 12058624 12320768 12320768 12320768 12320768 11534336 
RESULT of P * G of Matrix with size 30 X 30


-641728512 -633602048 -625213440 -616824832 -608436224 -600309760 -591921152 -583532544 -575406080 -567017472 -558628864 -550502400 -542113792 -533725184 -525598720 -517210112 -508821504 -500695040 -492306432 -483917824 -475529216 -467402752 -459014144 -450625536 -442499072 -434110464 -425721856 -417595392 -409206784 -400818176 
1020788736 427294720 447741952 468189184 488636416 509083648 529530880 549978112 570425344 590872576 611319808 632029184 652476416 672923648 693370880 713818112 734265344 754712576 775159808 795607040 816054272 836501504 857210880 877658112 898105344 918552576 938999808 959447040 979894272 1000341504 
-1885077504 -1852309504 1496317952 1528823808 1561591808 1594097664 1626865664 1659371520 1692139520 1724645376 1757151232 1789919232 1822425088 1855193088 1887698944 1920466944 1952972800 1985740800 2018246656 2051014656 2083520512 2116288512 -2146172928 -2113404928 -2080899072 -2048131072 -2015625216 -1982857216 -1950351360 -1917583360 
-520093696 -475529216 -430702592 -1729888256 -1685061632 -1640235008 -1595408384 -1550581760 -1505755136 -1460928512 -1416101888 -1371275264 -1326710784 -1281884160 -1237057536 -1192230912 -1147404288 -1102577664 -1057751040 -1012924416 -968097792 -923271168 -878706688 -833880064 -789053440 -744226816 -699400192 -654573568 -609746944 -564920320 
820248576 877133824 934281216 991166464 -660865024 -603717632 -546832384 -489947136 -432799744 -375914496 -319029248 -262144000 -204996608 -148111360 -91226112 -34078720 22806528 79691776 136577024 193724416 250609664 307494912 364642304 421527552 478412800 535298048 592445440 649330688 706215936 763363328 
2136473600 -2089549824 -2020343808 -1951137792 -1882193920 408158208 477364224 546570240 615514112 684720128 753926144 822870016 892076032 961282048 1030488064 1099431936 1168637952 1237843968 1306787840 1375993856 1445199872 1514143744 1583349760 1652555776 1721499648 1790705664 1859911680 1929117696 1998061568 2067267584 
-866910208 -785645568 -704118784 -622854144 -541589504 -460324864 1477181440 1558446080 1639710720 1721237504 1802502144 1883766784 1965031424 2046296064 2127560704 -2086141952 -2004877312 -1923612672 -1842348032 -1761083392 -1679818752 -1598291968 -1517027328 -1435762688 -1354498048 -1273233408 -1191968768 -1110704128 -1029439488 -948174848 
400556032 494141440 587464704 681050112 774373376 867958784 961282048 -1748762624 -1655177216 -1561853952 -1468268544 -1374945280 -1281359872 -1188036608 -1094451200 -1001127936 -907542528 -814219264 -720633856 -627310592 -533725184 -440401920 -346816512 -253493248 -160169984 -66584576 26738688 120324096 213647360 307232768 
1643905024 1749549056 1854930944 1960574976 2066219008 -2123104256 -2017460224 -1911816192 -679739392 -574095360 -468451328 -362807296 -257163264 -151519232 -46137344 59506688 165150720 270794752 376438784 482082816 587726848 693370880 799014912 904396800 1010040832 1115684864 1221328896 1326972928 1432616960 1538260992 
-1432354816 -1314652160 -1196687360 -1078984704 -961282048 -843317248 -725614592 -607911936 -490209280 389283840 506986496 624951296 742653952 860356608 978059264 1096024064 1213726720 1331429376 1449394176 1567096832 1684799488 1802502144 1920466944 2038169600 -2139095040 -2021130240 -1903427584 -1785724928 -1667760128 -1550057472 
-237764608 -108003328 22020096 152043520 281804800 411828224 541851648 671875072 801636352 931659776 1458307072 1588330496 1718091776 1848115200 1978138624 2107899904 -2057043968 -1927020544 -1797259264 -1667235840 -1537212416 -1407451136 -1277427712 -1147404288 -1017380864 -887619584 -757596160 -627572736 -497811456 -367788032 
932446208 1074528256 1216610304 1358692352 1500774400 1642856448 1784938496 1927020544 2069102592 -2083782656 -1941700608 -1767636992 -1625554944 -1483472896 -1341390848 -1199308800 -1057226752 -915144704 -773062656 -630718464 -488636416 -346554368 -204472320 -62390272 79691776 221773824 363855872 505937920 648019968 790102016 
2078277632 -2062548992 -1908146176 -1754005504 -1599602688 -1445462016 -1291059200 -1136918528 -982777856 -828375040 -674234368 -519831552 -698613760 -544473088 -390070272 -235929600 -81526784 72613888 227016704 381157376 535560192 689700864 844103680 998244352 1152647168 1306787840 1461190656 1615331328 1769734144 1923874816 
-1095237632 -928776192 -762314752 -596115456 -429654016 -263192576 -96731136 69730304 236191744 402653184 569114624 735576064 901775360 370409472 536870912 703070208 869531648 1035993088 1202454528 1368915968 1535377408 1701838848 1868300288 2034761728 -2094006272 -1927544832 -1761083392 -1594621952 -1428160512 -1261699072 
1835008 180617216 359137280 537657344 716177408 894959616 1073479680 1251999744 1430781952 1609302016 1787822080 1966342144 2145124352 -1971322880 1439432704 1617952768 1796472832 1974992896 -2141192192 -1962672128 -1784152064 -1605369856 -1426849792 -1248329728 -1069809664 -891027456 -712507392 -533987328 -355205120 -176685056 
1074790400 1265631232 1456209920 1647050752 1837891584 2028470272 -2075656192 -1884815360 -1694236672 -1503395840 -1312555008 -1121976320 -931135488 -740294656 -549453824 -1786773504 -1595932672 -1405091840 -1214251008 -1023672320 -832831488 -641990656 -451411968 -260571136 -69730304 120848384 311689216 502530048 693108736 883949568 
2123366400 -1968701440 -1765801984 -1562902528 -1360003072 -1157103616 -954204160 -751304704 -548405248 -345505792 -142344192 60555264 263454720 466354176 669253632 872153088 -717750272 -514850816 -311689216 -108789760 94109696 297009152 499908608 702808064 905707520 1108606976 1311506432 1514405888 1717305344 1920466944 
-1147404288 -932446208 -717225984 -502267904 -287047680 -72089600 143130624 358088704 573308928 788267008 1003487232 1218445312 1433665536 1648623616 1863843840 2078801920 -2000945152 351272960 566493184 781451264 996671488 1211629568 1426849792 1641807872 1857028096 2071986176 -2007760896 -1792802816 -1577582592 -1362624512 
-147587072 79691776 306970624 534249472 761266176 988545024 1215823872 1443102720 1670381568 1897660416 2124939264 -1942749184 -1715470336 -1488191488 -1261174784 -1033895936 -806617088 -579338240 1420296192 1647575040 1874853888 2102132736 -1965555712 -1738276864 -1510998016 -1283981312 -1056702464 -829423616 -602144768 -374865920 
827850752 1067450368 1306787840 1546125312 1785724928 2025062400 -2030567424 -1791229952 -1551630336 -1312292864 -1072955392 -833355776 -594018304 -354680832 -115343360 124256256 363593728 602931200 842530816 -1805647872 -1566310400 -1326710784 -1087373312 -848035840 -608436224 -369098752 -129761280 109576192 349175808 588513280 
1779171328 2030829568 -2012741632 -1761083392 -1509425152 -1258029056 -1006370816 -754712576 -503054336 -251658240 0 251658240 503054336 754712576 1006370816 1257766912 1509425152 1761083392 2012479488 -2030829568 -736624640 -484966400 -233570304 18087936 269746176 521404416 772800512 1024458752 1276116992 1527513088 
-1588854784 -1325137920 -1061421056 -797704192 -533987328 -270270464 -6553600 257163264 521142272 784859136 1048576000 1312292864 1576009728 1839726592 2103443456 -1927806976 -1664090112 -1400373248 -1136656384 -872677376 -608960512 332398592 596115456 859832320 1123549184 1387266048 1650982912 1914961920 -2116288512 -1852571648 
-686292992 -410517504 -134479872 141295616 417333248 693108736 969146368 1244921856 1520959488 1796734976 2072772608 -1946419200 -1670381568 -1394606080 -1118568448 -842792960 -566755328 -290979840 -14942208 260833280 536870912 812646400 1401421824 1677197312 1953234944 -2065956864 -1789919232 -1514143744 -1238106112 -962330624 
191889408 479985664 768081920 1056178176 1344274432 1632370688 1920204800 -2086666240 -1798569984 -1510473728 -1222377472 -934281216 -646184960 -358088704 -69992448 217841664 505937920 794034176 1082130432 1370226688 1658322944 1946419200 -2060451840 -1824522240 -1536425984 -1248329728 -960495616 -672399360 -384303104 -96206848 
1045692416 1346109440 1646264320 1946419200 -2048131072 -1747976192 -1447821312 -1147404288 -847249408 -547094528 -246939648 53477376 353632256 653787136 954204160 1254359040 1554513920 1854668800 -2139881472 -1839726592 -1539571712 -1239154688 -938999808 -638844928 -755499008 -455344128 -155189248 145227776 445382656 745537536 
1875378176 -2107113472 -1794899968 -1482424320 -1169948672 -857473024 -545259520 -232783872 79691776 391905280 704380928 1016856576 1329070080 1641545728 1954021376 -2028732416 -1716256768 -1403781120 -1091305472 -779091968 -466616320 -154140672 158072832 470548480 783024128 313524224 625737728 938213376 1250689024 1562902528 
-1614282752 -1289748480 -965214208 -640679936 -316145664 8388608 332922880 657719296 982253568 1306787840 1631322112 1955856384 -2014576640 -1690042368 -1365508096 -1040973824 -716439552 -391905280 -67108864 257425408 581959680 906493952 1231028224 1555562496 1880096768 -2090336256 1382547456 1707081728 2031616000 -1938817024 
-833355776 -496762880 -159907840 176685056 513540096 850132992 1186988032 1523580928 1860435968 -2097938432 -1761083392 -1424490496 -1087635456 -751042560 -414187520 -77594624 259260416 595853312 932708352 1269301248 1606156288 1942749184 -2015363072 -1678770176 -1341915136 -1005322240 -668467200 -1843658752 -1506803712 -1170210816 
-76808192 272105472 621019136 969932800 1318846464 1667760128 2016673792 -1929641984 -1580728320 -1231814656 -882900992 -533987328 -185073664 163840000 512753664 861667328 1210318848 1559232512 1908146176 -2037907456 -1688993792 -1340080128 -991166464 -642252800 -293339136 55312384 404226048 753139712 -774635520 -425721856 
655622144 1016594432 1377566720 1738539008 2099773440 -1834221568 -1473249280 -1112014848 -751042560 -390070272 -28835840 332136448 693108736 1054081024 1415315456 1776287744 2137260032 -1796472832 -1435500544 -1074528256 -713555968 -352321536 8650752 369623040 730857472 1091829760 1452802048 1813774336 -2119958528 294387712 
RESULT of P G * G of Matrix with size 30 X 30


0 0 0 0 0 0 0 0 0 0 0 0 0 0 0 0 0 0 0 262144 262144 262144 262144 262144 262144 262144 262144 262144 262144 262144 
1048576 0 0 0 0 0 0 262144 262144 262144 262144 262144 262144 262144 524288 524288 524288 524288 524288 524288 786432 786432 786432 786432 786432 786432 786432 1048576 1048576 1048576 
1835008 1835008 0 0 0 0 262144 262144 262144 262144 524288 524288 524288 524288 786432 786432 786432 1048576 1048576 1048576 1048576 1310720 1310720 1310720 1310720 1572864 1572864 1572864 1572864 1835008 
2359296 2621440 2621440 0 0 0 262144 262144 524288 524288 524288 786432 786432 786432 1048576 1048576 1048576 1310720 1310720 1310720 1572864 1572864 1835008 1835008 1835008 2097152 2097152 2097152 2359296 2359296 
3145728 3145728 3407872 3407872 0 0 262144 262144 524288 524288 786432 786432 786432 1048576 1048576 1310720 1310720 1572864 1572864 1835008 1835008 2097152 2097152 2359296 2359296 2621440 2621440 2621440 2883584 2883584 
3670016 3932160 3932160 4194304 4194304 0 0 262144 524288 524288 786432 786432 1048576 1048576 1310720 1310720 1572864 1835008 1835008 2097152 2097152 2359296 2359296 2621440 2883584 2883584 3145728 3145728 3407872 3407872 
4194304 4456448 4456448 4718592 4980736 4980736 0 262144 262144 524288 786432 786432 1048576 1310720 1310720 1572864 1835008 1835008 2097152 2359296 2359296 2621440 2883584 2883584 3145728 3407872 3407872 3670016 3932160 3932160 
4718592 4718592 4980736 5242880 5505024 5767168 5767168 0 262144 262144 524288 786432 1048576 1310720 1310720 1572864 1835008 2097152 2097152 2359296 2621440 2883584 3145728 3145728 3407872 3670016 3932160 3932160 4194304 4456448 
4980736 5242880 5505024 5767168 6029312 6291456 6553600 6553600 0 262144 524288 786432 786432 1048576 1310720 1572864 1835008 2097152 2359296 2621440 2621440 2883584 3145728 3407872 3670016 3932160 4194304 4456448 4718592 4718592 
5505024 5767168 6029312 6291456 6553600 6553600 6815744 7077888 7340032 0 262144 524288 786432 1048576 1310720 1572864 1835008 2097152 2359296 2621440 2883584 3145728 3407872 3670016 3932160 4194304 4456448 4718592 4980736 5242880 
5767168 6029312 6291456 6553600 6815744 7077888 7340032 7602176 7864320 8126464 0 262144 524288 786432 1048576 1310720 1835008 2097152 2359296 2621440 2883584 3145728 3407872 3670016 3932160 4194304 4456448 4718592 5242880 5505024 
6029312 6291456 6553600 6815744 7077888 7602176 7864320 8126464 8388608 8650752 9175040 0 262144 524288 1048576 1310720 1572864 1835008 2097152 2621440 2883584 3145728 3407872 3670016 4194304 4456448 4718592 4980736 5242880 5505024 
6029312 6553600 6815744 7077888 7602176 7864320 8126464 8388608 8912896 9175040 9437184 9961472 0 262144 786432 1048576 1310720 1835008 2097152 2359296 2621440 3145728 3407872 3670016 4194304 4456448 4718592 5242880 5505024 5767168 
6291456 6553600 7077888 7340032 7602176 8126464 8388608 8912896 9175040 9437184 9961472 10223616 10747904 0 524288 786432 1048576 1572864 1835008 2359296 2621440 2883584 3407872 3670016 4194304 4456448 4718592 5242880 5505024 6029312 
6291456 6815744 7077888 7602176 7864320 8388608 8650752 9175040 9437184 9961472 10223616 10747904 11010048 11534336 0 524288 786432 1310720 1572864 2097152 2359296 2883584 3145728 3670016 3932160 4456448 4718592 5242880 5505024 6029312 
6291456 6815744 7340032 7602176 8126464 8388608 8912896 9175040 9699328 10223616 10485760 11010048 11272192 11796480 12320768 0 524288 1048576 1310720 1835008 2097152 2621440 3145728 3407872 3932160 4194304 4718592 5242880 5505024 6029312 
6291456 6815744 7340032 7602176 8126464 8650752 8912896 9437184 9961472 10485760 10747904 11272192 11796480 12058624 12582912 13107200 0 524288 1048576 1310720 1835008 2359296 2883584 3145728 3670016 4194304 4456448 4980736 5505024 6029312 
6291456 6815744 7340032 7602176 8126464 8650752 9175040 9699328 9961472 10485760 11010048 11534336 12058624 12320768 12845056 13369344 13893632 0 524288 1048576 1572864 2097152 2359296 2883584 3407872 3932160 4456448 4718592 5242880 5767168 
6029312 6553600 7077888 7602176 8126464 8650752 9175040 9699328 10223616 10747904 11010048 11534336 12058624 12582912 13107200 13631488 14155776 14680064 0 524288 1048576 1572864 2097152 2621440 3145728 3670016 4194304 4718592 5242880 5505024 
6029312 6553600 7077888 7602176 8126464 8650752 9175040 9699328 10223616 10747904 11272192 11796480 12320768 12845056 13369344 13893632 14417920 14942208 15466496 262144 786432 1310720 1835008 2359296 2883584 3407872 3932160 4456448 4980736 5505024 
5767168 6291456 6815744 7340032 7864320 8388608 8912896 9699328 10223616 10747904 11272192 11796480 12320768 12845056 13369344 13893632 14680064 15204352 15728640 16252928 262144 786432 1310720 1835008 2359296 2883584 3407872 3932160 4718592 5242880 
5505024 6029312 6553600 7077888 7602176 8388608 8912896 9437184 9961472 10747904 11272192 11796480 12320768 12845056 13631488 14155776 14680064 15204352 15728640 16515072 17039360 262144 786432 1310720 1835008 2621440 3145728 3670016 4194304 4718592 
4980736 5767168 6291456 6815744 7602176 8126464 8650752 9175040 9961472 10485760 11010048 11796480 12320768 12845056 13631488 14155776 14680064 15466496 15990784 16515072 17301504 17825792 262144 786432 1310720 2097152 2621440 3145728 3932160 4456448 
4718592 5242880 6029312 6553600 7077888 7864320 8388608 9175040 9699328 10485760 11010048 11534336 12320768 12845056 13631488 14155776 14680064 15466496 15990784 16777216 17301504 18087936 18612224 262144 786432 1572864 2097152 2621440 3407872 3932160 
4194304 4718592 5505024 6291456 6815744 7602176 8126464 8912896 9437184 10223616 10747904 11534336 12058624 12845056 13369344 14155776 14680064 15466496 15990784 16777216 17301504 18087936 18874368 19398656 262144 786432 1572864 2097152 2883584 3407872 
3670016 4456448 4980736 5767168 6553600 7077888 7864320 8388608 9175040 9961472 10485760 11272192 12058624 12582912 13369344 13893632 14680064 15466496 15990784 16777216 17563648 18087936 18874368 19398656 20185088 262144 786432 1572864 2359296 2883584 
3145728 3932160 4456448 5242880 6029312 6553600 7340032 8126464 8912896 9437184 10223616 11010048 11796480 12320768 13107200 13893632 14680064 15204352 15990784 16777216 17301504 18087936 18874368 19660800 20185088 20971520 262144 1048576 1572864 2359296 
2359296 3145728 3932160 4718592 5505024 6291456 6815744 7602176 8388608 9175040 9961472 10747904 11272192 12058624 12845056 13631488 14417920 15204352 15728640 16515072 17301504 18087936 18874368 19660800 20185088 20971520 21757952 262144 1048576 1835008 
1835008 2621440 3407872 4194304 4980736 5767168 6553600 7077888 7864320 8650752 9437184 10223616 11010048 11796480 12582912 13369344 14155776 14942208 15728640 16515072 17301504 18087936 18874368 19398656 20185088 20971520 21757952 22544384 262144 1048576 
1048576 1835008 2621440 3407872 4194304 4980736 5767168 6553600 7340032 8126464 9175040 9961472 10747904 11534336 12320768 13107200 13893632 14680064 15466496 16252928 17039360 17825792 18612224 19398656 20185088 20971520 21757952 22544384 23330816 262144 
RESULT of P * Gt of Matrix with size 30 X 30


129761280 320339968 510918656 701235200 891813888 1082392576 1272971264 1463549952 1654128640 1844707328 2035286016 -2069102592 -1878523904 -1687945216 -1497366528 -1307049984 -1116471296 -925892608 -735313920 -544735232 -354156544 -163577856 27000832 217579520 408158208 598736896 789315584 979632128 1170210816 1360789504 
-692584448 378798080 934281216 1489764352 2045247488 -1694236672 -1138753536 -583270400 -27787264 527695872 1083179008 1638662144 -2101084160 -1545601024 -990117888 -434634752 120848384 676331520 1231814656 1787297792 -1952186368 -1396703232 -841220096 -285736960 269746176 824967168 1380450304 1935933440 -1803550720 -1248067584 
628621312 1549008896 628097024 1548484608 -1826095104 -905707520 14680064 935067648 1855455232 -1519386624 -598999040 321388544 1241776128 -2132803584 -1212416000 -292028416 628359168 1548746752 -1825832960 -905445376 14942208 935329792 1855455232 -1519124480 -598736896 321650688 1242038272 -2132541440 -1212153856 -291766272 
1220018176 -1789657088 -504365056 877395968 -2132279296 -846987264 438304768 1723334656 -1286340608 -1048576 1284243456 -1725431808 -440139776 845152256 2130444288 -879230976 406061056 1691353088 -1318322176 -33030144 1251999744 -1757675520 -472383488 812908544 2098200576 -911474688 373817344 1659109376 -1350565888 -65273856 
1081344000 -1563426816 86769664 1736966144 1126432768 -1518338048 131858432 1782054912 -862715904 787480576 -1857290240 -207093760 1443102720 -1201668096 448528384 2098724864 -546045952 1103888384 -1540882432 109314048 1759510528 -885260288 764936192 -1879834624 -229638144 1420558336 -1224212480 425984000 2076180480 -568590336 
213123072 -2066743296 -51642368 1963458560 -316407808 1375731712 -904134656 1110966272 -1168900096 846200832 -1433665536 581435392 -1698430976 316669952 -1963458560 51642368 2066743296 -213123072 1801977856 -477888512 1537212416 -742653952 1272446976 -1007419392 1007681536 -1272184832 742916096 -1536950272 477888512 -1801977856 
-1384906752 995098624 -919863296 1460142080 -454819840 1925185536 1625030656 -289931264 2090074112 175112192 -1739849728 639893504 -1275068416 1104936960 -810024960 1569980416 -344981504 2035023872 120061952 -1794899968 585105408 -1329856512 1050148864 -864813056 1515192320 -400031744 1979973632 65011712 -1849950208 530055168 
582221824 -967835648 1777074176 227016704 -1323040768 1421869056 -128188416 1874067456 324009984 -1226047488 1518862336 -31195136 -1581252608 1163657216 -386400256 -1936457728 808452096 -741605376 2003304448 453246976 -1096810496 1648099328 97779712 -1452277760 1292632064 -257425408 -1807482880 937426944 -612630528 2132279296 
1819541504 634388480 -550764544 -1735917568 1373634560 188481536 -996671488 2113142784 2123366400 938213376 -246939648 -1432092672 1677721600 492568576 -692584448 -1877737472 1232076800 46923776 -1138229248 1971322880 786169856 -398983168 -1584136192 1525678080 340525056 -844627968 -2029780992 1080033280 -105119744 -1290272768 
-1967915008 1506541568 686292992 -133955584 -954204160 -1774452736 1700265984 880017408 59768832 -1922301952 1552416768 732168192 -88080384 -908328960 -1728577536 1745879040 925630464 105381888 -714866688 -1535115264 1939603456 1119354880 299106304 -521142272 -1341390848 2133327872 1313079296 492830720 -327417856 -1147666432 
2104492032 1649147904 1193803776 738459648 283115520 -172228608 -627572736 -1082916864 -1538260992 -1993605120 -1673003008 -2128609280 1711013888 1255669760 800325632 344981504 -110362624 -565706752 -1021050880 -1476395008 -1931739136 1907884032 1452539904 997195776 541851648 86507520 -368836608 -824442880 -1279787008 -1735131136 
1152385024 1061945344 971505664 881065984 790626304 700186624 609746944 519307264 428867584 338427904 247726080 -1423966208 -1514405888 -1604845568 -1695285248 -1785724928 -1876164608 -1966604288 -2057043968 -2147483648 2057043968 1966604288 1876164608 1785724928 1695023104 1604583424 1514143744 1423704064 1333264384 1242824704 
-529530880 -255066112 19398656 293863424 568328192 842792960 1117257728 1391460352 1665925120 1940389888 -2080112640 -1805647872 -1174667264 -900202496 -625737728 -351272960 -76808192 197656576 472121344 746586112 1020788736 1295253504 1569718272 1844183040 2118647808 -1901854720 -1627389952 -1352925184 -1078460416 -803995648 
1353711616 1993080832 -1662517248 -1023410176 -384040960 255328256 894697472 1534066688 -2121531392 -1482162176 -842792960 -203423744 435945472 -925368320 -285999104 353107968 992477184 1631846400 -2023751680 -1384382464 -745013248 -105644032 533725184 1173094400 1812463616 -1843134464 -1203765248 -564396032 74973184 714342400 
-1788084224 -783810560 220463104 1224736768 -2065956864 -1061683200 -57409536 946864128 1951137792 -1339555840 -335282176 668991488 1673265152 -1617428480 -676331520 327942144 1332215808 -1958477824 -954204160 50069504 1054343168 2058616832 -1232076800 -227803136 776470528 1780744192 -1509949440 -505675776 498597888 1502609408 
-1364459520 4718592 1373896704 -1551892480 -182714368 1186463744 -1739325440 -370147328 999030784 -1926758400 -557580288 811597824 -2114191360 -745013248 623902720 -427032576 942145536 -1983643648 -614465536 754712576 2123890688 -801898496 567279616 1936457728 -989331456 379584512 1748762624 -1177026560 192151552 1561329664 
-1670643712 63438848 1797521408 -763363328 970719232 -1590165504 143917056 1877999616 -682885120 1051197440 -1509949440 224133120 1958215680 -602669056 1131413504 -1429471232 -177733632 1556348928 -1004535808 729546752 -1831600128 -97517568 1636564992 -924319744 809762816 -1751121920 -17039360 1717043200 -843841536 890241024 
1588330496 -607649792 1491337216 -704643072 1394343936 -801898496 1297088512 -898891776 1200095232 -995885056 1103101952 -1092878336 1006108672 -1189871616 909115392 -1286864896 812122112 71303168 -2124677120 -25690112 2073296896 -122683392 1976303616 -219676672 1879310336 -316669952 1782317056 -413663232 1685323776 -510656512 
-177733632 -2008809472 455081984 -1375993856 1087897600 -743178240 1720713216 -110362624 -1941438464 522452992 -1308622848 1155268608 -675807232 1788084224 -42991616 -1874067456 589824000 -1241251840 320602112 -1510473728 953417728 -877658112 1586233344 -244842496 -2075918336 387973120 -1443102720 1020788736 -810287104 1653604352 
1621622784 155451392 -1310720000 1518075904 51904512 -1414266880 1414529024 -51642368 -1517813760 1310982144 -155189248 -1621360640 1207435264 -258736128 -1724907520 1103888384 -362283008 -1828454400 1000079360 569901056 -896270336 1932525568 466354176 -999817216 1828978688 362545152 -1103626240 1725169664 258998272 -1207173120 
-1603796992 1589903360 488636416 -612630528 -1713897472 1479802880 378535936 -722731008 -1823997952 1369702400 268435456 -832831488 -1934098432 1259339776 158072832 -943194112 -2044461056 1149239296 47972352 -1053294592 818937856 -282329088 -1383596032 1810104320 708837376 -392429568 -1493696512 1700003840 598736896 -502530048 
-1264058368 -2000420864 1558183936 821821440 85458944 -650903552 -1387266048 -2123890688 1434714112 698351616 -38010880 -774373376 -1510735872 2047868928 1311506432 575143936 -161218560 -897581056 -1633943552 1924661248 1188298752 1068236800 331874304 -404488192 -1140850688 -1877213184 1681391616 945029120 208666624 -527695872 
-1654390784 -2025848832 1897660416 1526202368 1154744320 783286272 411828224 40370176 -331087872 -702545920 -1074003968 -1445462016 -1816920064 2106589184 1735131136 1363673088 992215040 620756992 249298944 -122159104 -493617152 -865075200 1317535744 946077696 574619648 203161600 -168296448 -539754496 -911212544 -1282670592 
1520697344 1514143744 1507590144 1501036544 1494482944 1487929344 1481375744 1474822144 1468268544 1461714944 1455161344 1448607744 1442054144 1435500544 1428946944 1422393344 1415839744 1409286144 1402732544 1396178944 1389625344 1383071744 1376256000 1566572544 1560018944 1553465344 1546911744 1540358144 1533804544 1527250944 
-328990720 29360128 387710976 746061824 1104412672 1462763520 1821114368 -2115502080 -1757151232 -1398800384 -1040449536 -682098688 -323747840 34603008 392953856 751042560 1109393408 1467744256 1826095104 -2110521344 -1752170496 -1393819648 -1035468800 -677117952 1815871488 -2120744960 -1762394112 -1404043264 -1045692416 -687341568 
1386479616 2109734912 -1461977088 -738721792 -15466496 707788800 1431044096 -2140930048 -1417674752 -694419456 28835840 752091136 1475346432 -2096365568 -1373110272 -649854976 73400320 796655616 1519910912 -2051801088 -1328545792 -605290496 117964800 841220096 1564475392 2065170432 -1506541568 -783286272 -60030976 663224320 
-1923088384 -834928640 253231104 1341390848 -1865416704 -777256960 310902784 1399062528 -1807745024 -719585280 368574464 1456734208 -1750073344 -661913600 426246144 1514405888 -1692401664 -604241920 483917824 1572077568 -1634729984 -546570240 541589504 1629749248 -1577058304 -488898560 -1980497920 -892600320 195559424 1283719168 
-1667235840 -214171648 1238892544 -1603010560 -149946368 1303117824 -1538785280 -85721088 1367343104 -1474560000 -21495808 1431568384 -1410334720 42729472 1495793664 -1346109440 106954752 1560018944 -1281884160 171180032 1624244224 -1217658880 235405312 1688469504 -1153433600 299368448 1752432640 -1731461120 -278396928 1174667264 
-2141192192 -323223552 1494745088 -982253568 835715072 -1641283584 176685056 1994653696 -482344960 1335623680 -1141374976 676593664 -1800404992 17563648 1835532288 -641728512 1176240128 -1300758528 517210112 -1959788544 -141819904 1676148736 -800849920 1017118720 -1459879936 358088704 -2118909952 -300941312 -1482162176 335806464 
950009856 -1162084352 1020788736 -1091567616 1091305472 -1020788736 1162084352 -950009856 1232863232 -879230976 1303642112 -808452096 1374420992 -737673216 1445199872 -666894336 1515978752 -596115456 1586757632 -525336576 1657536512 -454557696 1728315392 -383778816 1799094272 -312999936 1869873152 -242221056 1940652032 -1232863232 
RESULT of PG * Gt of Matrix with size 30 X 30


7602176 7602176 7602176 7602176 7602176 7602176 7602176 7602176 7602176 7602176 7602176 7864320 7864320 7864320 7864320 7864320 7864320 7864320 7864320 7864320 7864320 7864320 7864320 7864320 7864320 7864320 7864320 7864320 7864320 7864320 
7864320 7602176 7602176 7602176 7602176 7602176 7602176 7602176 7602176 7602176 7602176 7864320 7864320 7864320 7864320 7864320 7864320 7864320 7864320 7864320 7864320 7864320 7864320 7864320 7864320 7864320 7864320 7864320 7864320 7864320 
7864320 8126464 7602176 7602176 7602176 7602176 7602176 7602176 7602176 7602176 7602176 7864320 7864320 7864320 7864320 7864320 7864320 7864320 7864320 7864320 7864320 7864320 7864320 7864320 7864320 7864320 7864320 7864320 7864320 7864320 
7864320 8126464 8126464 7602176 7602176 7602176 7602176 7602176 7602176 7602176 7602176 7864320 7864320 7864320 7864320 7864320 7864320 7864320 7864320 7864320 7864320 7864320 7864320 7864320 7864320 7864320 7864320 7864320 7864320 7864320 
7864320 8126464 8126464 8126464 7602176 7602176 7602176 7602176 7602176 7602176 7602176 7864320 7864320 7864320 7864320 7864320 7864320 7864320 7864320 7864320 7864320 7864320 7864320 7864320 7864320 7864320 7864320 7864320 7864320 7864320 
7864320 8126464 8126464 8126464 8126464 7602176 7602176 7602176 7602176 7602176 7602176 7864320 7864320 7864320 7864320 7864320 7864320 7864320 7864320 7864320 7864320 7864320 7864320 7864320 7864320 7864320 7864320 7864320 7864320 7864320 
7864320 8126464 8126464 8126464 8126464 8126464 7602176 7602176 7602176 7602176 7602176 7864320 7864320 7864320 7864320 7864320 7864320 7864320 7864320 7864320 7864320 7864320 7864320 7864320 7864320 7864320 7864320 7864320 7864320 7864320 
7864320 8126464 8126464 8126464 8126464 8126464 8126464 7602176 7602176 7602176 7602176 7864320 7864320 7864320 7864320 7864320 7864320 7864320 7864320 7864320 7864320 7864320 7864320 7864320 7864320 7864320 7864320 7864320 7864320 7864320 
7864320 8126464 8126464 8126464 8126464 8126464 8126464 8126464 7602176 7602176 7602176 7864320 7864320 7864320 7864320 7864320 7864320 7864320 7864320 7864320 7864320 7864320 7864320 7864320 7864320 7864320 7864320 7864320 7864320 7864320 
7864320 8126464 8126464 8126464 8126464 8126464 8126464 8126464 8126464 7602176 7602176 7864320 7864320 7864320 7864320 7864320 7864320 7864320 7864320 7864320 7864320 7864320 7864320 7864320 7864320 7864320 7864320 7864320 7864320 7864320 
7864320 8126464 8126464 8126464 8126464 8126464 8126464 8126464 8126464 8126464 7602176 7864320 7864320 7864320 7864320 7864320 7864320 7864320 7864320 7864320 7864320 7864320 7864320 7864320 7864320 7864320 7864320 7864320 7864320 7864320 
7864320 8126464 8126464 8126464 8126464 8126464 8126464 8126464 8126464 8126464 8126464 7864320 7864320 7864320 7864320 7864320 7864320 7864320 7864320 7864320 7864320 7864320 7864320 7864320 7864320 7864320 7864320 7864320 7864320 7864320 
7864320 8126464 8126464 8126464 8126464 8126464 8126464 8126464 8126464 8126464 8126464 8126464 7864320 7864320 7864320 7864320 7864320 7864320 7864320 7864320 7864320 7864320 7864320 7864320 7864320 7864320 7864320 7864320 7864320 7864320 
7864320 8126464 8126464 8126464 8126464 8126464 8126464 8126464 8126464 8126464 8126464 8126464 8126464 7864320 7864320 7864320 7864320 7864320 7864320 7864320 7864320 7864320 7864320 7864320 7864320 7864320 7864320 7864320 7864320 7864320 
7864320 8126464 8126464 8126464 8126464 8126464 8126464 8126464 8126464 8126464 8126464 8126464 8126464 8126464 7864320 7864320 7864320 7864320 7864320 7864320 7864320 7864320 7864320 7864320 7864320 7864320 7864320 7864320 7864320 7864320 
7864320 8126464 8126464 8126464 8126464 8126464 8126464 8126464 8126464 8126464 8126464 8126464 8126464 8126464 8126464 7864320 7864320 7864320 7864320 7864320 7864320 7864320 7864320 7864320 7864320 7864320 7864320 7864320 7864320 7864320 
7864320 8126464 8126464 8126464 8126464 8126464 8126464 8126464 8126464 8126464 8126464 8126464 8126464 8126464 8126464 8126464 7864320 7864320 7864320 7864320 7864320 7864320 7864320 7864320 7864320 7864320 7864320 7864320 7864320 7864320 
7864320 8126464 8126464 8126464 8126464 8126464 8126464 8126464 8126464 8126464 8126464 8126464 8126464 8126464 8126464 8126464 8126464 7864320 7864320 7864320 7864320 7864320 7864320 7864320 7864320 7864320 7864320 7864320 7864320 7864320 
7864320 8126464 8126464 8126464 8126464 8126464 8126464 8126464 8126464 8126464 8126464 8126464 8126464 8126464 8126464 8126464 8126464 8126464 7864320 7864320 7864320 7864320 7864320 7864320 7864320 7864320 7864320 7864320 7864320 7864320 
7864320 8126464 8126464 8126464 8126464 8126464 8126464 8126464 8126464 8126464 8126464 8126464 8126464 8126464 8126464 8126464 8126464 8126464 8126464 7864320 7864320 7864320 7864320 7864320 7864320 7864320 7864320 7864320 7864320 7864320 
7864320 8126464 8126464 8126464 8126464 8126464 8126464 8126464 8126464 8126464 8126464 8126464 8126464 8126464 8126464 8126464 8126464 8126464 8126464 8126464 7864320 7864320 7864320 7864320 7864320 7864320 7864320 7864320 7864320 7864320 
7864320 8126464 8126464 8126464 8126464 8126464 8126464 8126464 8126464 8126464 8126464 8126464 8126464 8126464 8126464 8126464 8126464 8126464 8126464 8126464 8388608 7864320 7864320 7864320 7864320 7864320 7864320 7864320 7864320 7864320 
7864320 8126464 8126464 8126464 8126464 8126464 8126464 8126464 8126464 8126464 8126464 8126464 8126464 8126464 8126464 8126464 8126464 8126464 8126464 8126464 8388608 8388608 7864320 7864320 7864320 7864320 7864320 7864320 7864320 7864320 
7864320 8126464 8126464 8126464 8126464 8126464 8126464 8126464 8126464 8126464 8126464 8126464 8126464 8126464 8126464 8126464 8126464 8126464 8126464 8126464 8388608 8388608 8388608 7864320 7864320 7864320 7864320 7864320 7864320 7864320 
7864320 8126464 8126464 8126464 8126464 8126464 8126464 8126464 8126464 8126464 8126464 8126464 8126464 8126464 8126464 8126464 8126464 8126464 8126464 8126464 8388608 8388608 8388608 8388608 7864320 7864320 7864320 7864320 7864320 7864320 
7864320 8126464 8126464 8126464 8126464 8126464 8126464 8126464 8126464 8126464 8126464 8126464 8126464 8126464 8126464 8126464 8126464 8126464 8126464 8126464 8388608 8388608 8388608 8388608 8388608 7864320 7864320 7864320 7864320 7864320 
7864320 8126464 8126464 8126464 8126464 8126464 8126464 8126464 8126464 8126464 8126464 8126464 8126464 8126464 8126464 8126464 8126464 8126464 8126464 8126464 8388608 8388608 8388608 8388608 8388608 8388608 7864320 7864320 7864320 7864320 
7864320 8126464 8126464 8126464 8126464 8126464 8126464 8126464 8126464 8126464 8126464 8126464 8126464 8126464 8126464 8126464 8126464 8126464 8126464 8126464 8388608 8388608 8388608 8388608 8388608 8388608 8388608 7864320 7864320 7864320 
7864320 8126464 8126464 8126464 8126464 8126464 8126464 8126464 8126464 8126464 8126464 8126464 8126464 8126464 8126464 8126464 8126464 8126464 8126464 8126464 8388608 8388608 8388608 8388608 8388608 8388608 8388608 8388608 7864320 7864320 
7864320 8126464 8126464 8126464 8126464 8126464 8126464 8126464 8126464 8126464 8126464 8126464 8126464 8126464 8126464 8126464 8126464 8126464 8126464 8126464 8388608 8388608 8388608 8388608 8388608 8388608 8388608 8388608 8388608 7864320 
RESULT of Pt * G of Matrix with size 30 X 30


1334575104 1572077568 1809580032 2046820352 -2010644480 -1773142016 -1535639552 -1298137088 -1060634624 -823394304 -585891840 -348389376 -110886912 126615552 364118016 601358336 838860800 1076363264 1313865728 1551368192 1788870656 2026110976 -2031353856 -1793851392 -1556348928 -1318846464 -1081344000 -844103680 -606601216 -369098752 
-178520064 1513357312 1751121920 1989148672 -2068054016 -1830027264 -1592262656 -1354498048 -1116471296 -878706688 -640942080 -402915328 -165150720 72876032 310640640 548405248 786432000 1024196608 1261961216 1499987968 1737752576 1975779328 -2081423360 -1843658752 -1605632000 -1367867392 -1129840640 -892076032 -654311424 -416284672 
-226230272 12058624 1692139520 1930428416 -2126249984 -1887961088 -1649672192 -1411383296 -1173094400 -934805504 -696516608 -458489856 -220200960 18087936 256376832 494665728 732954624 971243520 1209532416 1447821312 1686110208 1924399104 -2132279296 -1893990400 -1655963648 -1417674752 -1179385856 -941096960 -702808064 -464519168 
-274726912 -36175872 202637312 1870921728 2109734912 -1946681344 -1707868160 -1469317120 -1230503936 -991952896 -753401856 -514588672 -276037632 -37224448 201326592 440139776 678690816 917504000 1156055040 1394868224 1633419264 1872232448 2110783488 -1945370624 -1706819584 -1468006400 -1229455360 -990642176 -752091136 -513540096 
-324009984 -84934656 154140672 393216000 2049703936 -2006188032 -1767112704 -1528037376 -1288962048 -1049886720 -810811392 -571736064 -332660736 -93585408 145489920 384565248 623640576 862715904 1101791232 1341128704 1580204032 1819279360 2058354688 -1997537280 -1758461952 -1519386624 -1280311296 -1041235968 -802160640 -563085312 
-374341632 -134742016 104857600 344195072 583794688 -2066481152 -1826881536 -1587544064 -1347944448 -1108344832 -869007360 -629407744 -390070272 -150470656 88866816 328466432 568066048 807403520 1047003136 1286340608 1525940224 1765277696 2004877312 -2050752512 -1811152896 -1571553280 -1332215808 -1092616192 -853278720 -613679104 
-425197568 -185335808 54525952 294387712 534511616 774373376 -1887698944 -1647837184 -1407713280 -1167851520 -927989760 -688128000 -448266240 -208404480 31457280 271319040 511180800 751304704 991166464 1231028224 1470889984 1710751744 1950613504 -2104492032 -1864630272 -1624768512 -1384644608 -1144782848 -904921088 -665059328 
-476839936 -236716032 3670016 244056064 484179968 724566016 964952064 -1708916736 -1468530688 -1228144640 -988020736 -747634688 -507248640 -267124736 -26738688 213647360 453771264 694157312 934543360 1174667264 1415053312 1655439360 1895563264 2135949312 -1918631936 -1678508032 -1438121984 -1197735936 -957612032 -717225984 
-529530880 -288882688 -48234496 192675840 433324032 673972224 914620416 1155268608 -1530134528 -1289224192 -1048576000 -807927808 -567279616 -326369280 -85721088 154927104 395575296 636223488 877133824 1117782016 1358430208 1599078400 1839726592 2080636928 -1973682176 -1733033984 -1492385792 -1251737600 -1010827264 -770179072 
-583008256 -341835776 -100663296 140509184 381419520 622592000 863764480 1104936960 1345847296 -1351090176 -1110179840 -869007360 -627834880 -386662400 -145752064 95420416 336592896 577765376 818675712 1059848192 1301020672 1542193152 1783103488 2024275968 -2029518848 -1788346368 -1547436032 -1306263552 -1065091072 -823918592 
-637009920 -395575296 -154140672 87293952 328990720 570425344 811859968 1053556736 1294991360 1536425984 -1172307968 -930873344 -689438720 -447741952 -206307328 35127296 276561920 518258688 759693312 1001127936 1242824704 1484259328 1725693952 1967390720 -2086141952 -1844707328 -1603272704 -1361575936 -1120141312 -878706688 
-692060160 -450101248 -208404480 33554432 275513344 517472256 759431168 1001390080 1243348992 1485045760 1727004672 -993525760 -751566848 -509870080 -267911168 -25952256 216006656 457965568 699924480 941621248 1183580160 1425539072 1667497984 1909456896 -2143551488 -1901592576 -1659895808 -1417936896 -1175977984 -934019072 
-747896832 -505675776 -263192576 -20971520 221249536 463732736 705953792 948436992 1190658048 1432879104 1675362304 1917583360 -814743552 -572522496 -330039296 -87818240 154402816 396886016 639107072 881328128 1123811328 1366032384 1608515584 1850736640 2092957696 -1959526400 -1717305344 -1474822144 -1232601088 -990380032 
-804519936 -561774592 -319029248 -76283904 166461440 408944640 651689984 894435328 1137180672 1379926016 1622671360 1865416704 2108162048 -635961344 -393216000 -150470656 92274688 335020032 577503232 820248576 1062993920 1305739264 1548484608 1791229952 2033975296 -2018246656 -1775501312 -1532755968 -1290010624 -1047265280 
-861929472 -618921984 -375652352 -132644864 110624768 353632256 596901888 839909376 1083179008 1326186496 1569456128 1812463616 2055471104 -1996226560 -457179136 -214171648 29097984 272105472 515375104 758382592 1001652224 1244659712 1487929344 1730936832 1974206464 -2077753344 -1834483712 -1591476224 -1348206592 -1105199104 
-920387584 -676855808 -433324032 -189530112 54001664 297533440 541065216 784596992 1028128768 1271660544 1515192320 1758724096 2002255872 -2049179648 -1805647872 -278396928 -34865152 208666624 452198400 695730176 939261952 1182793728 1426325504 1669857280 1913389056 -2138046464 -1894514688 -1650982912 -1407451136 -1163919360 
-979369984 -735313920 -491520000 -247463936 -3670016 240386048 484442112 728236032 972292096 1216086016 1460142080 1703936000 1947992064 -2102919168 -1859125248 -1615069184 -99614720 144441344 388235264 632291328 876085248 1120141312 1363935232 1607991296 1852047360 2095841280 -1955069952 -1711276032 -1467219968 -1223163904 
-1039138816 -794820608 -550502400 -306184192 -61865984 182452224 426770432 671350784 915668992 1159987200 1404305408 1648623616 1892941824 2137260032 -1913389056 -1668808704 -1424490496 79167488 323485696 567803904 812122112 1056702464 1301020672 1545338880 1789657088 2033975296 -2016673792 -1772355584 -1528037376 -1283457024 
-1099956224 -855113728 -610271232 -365690880 -120848384 123994112 368574464 613416960 858259456 1102839808 1347682304 1592524800 1837105152 2081947648 -1968177152 -1723596800 -1478754304 -1233911808 257949696 502792192 747372544 992215040 1237057536 1481637888 1726480384 1971322880 -2079064064 -1834221568 -1589379072 -1344536576 
-1161297920 -916193280 -671088640 -425984000 -180879360 64487424 309592064 554696704 799801344 1045168128 1290272768 1535377408 1780482048 2025586688 -2024013824 -1778909184 -1533804544 -1288699904 -1043333120 436731904 681836544 927203328 1172307968 1417412608 1662517248 1907621888 -2141978624 -1896873984 -1651769344 -1406664704 
-1223688192 -978059264 -732692480 -487063552 -241434624 4194304 249823232 495190016 740818944 986447872 1232076800 1477443584 1723072512 1968701440 -2080636928 -1835270144 -1589641216 -1344012288 -1098383360 -853016576 615514112 861143040 1106771968 1352400896 1597767680 1843396608 2089025536 -1960312832 -1714946048 -1469317120 
-1286864896 -1040973824 -794820608 -548929536 -303038464 -56885248 189005824 434896896 681050112 926941184 1172832256 1418985472 1664876544 1910767616 -2138046464 -1892155392 -1646264320 -1400373248 -1154220032 -908328960 -662437888 794296320 1040449536 1286340608 1532231680 1778384896 2024275968 -2024800256 -1778909184 -1532755968 
-1350828032 -1104412672 -857997312 -611581952 -365166592 -118751232 127401984 373817344 620232704 866648064 1113063424 1359478784 1605894144 1852047360 2098462720 -1950089216 -1703673856 -1457258496 -1210843136 -964427776 -718274560 -471859200 973078528 1219493888 1465909248 1712324608 1958739968 -2089811968 -1843396608 -1597243392 
-1415577600 -1168637952 -921960448 -675282944 -428343296 -181665792 65273856 311951360 558891008 805568512 1052246016 1299185664 1545863168 1792802816 2039480320 -2008809472 -1761869824 -1515192320 -1268252672 -1021575168 -774897664 -527958016 -281280512 1151860736 1398800384 1645477888 1892417536 2139095040 -1909194752 -1662255104 
-1481113600 -1233911808 -986710016 -739508224 -492306432 -245104640 2097152 249298944 496500736 743702528 990904320 1238106112 1485307904 1732509696 1979711488 -2068054016 -1821114368 -1573912576 -1326710784 -1079508992 -832307200 -585105408 -337903616 -90701824 1330642944 1577844736 1825046528 2072248320 -1975517184 -1728315392 
-1547436032 -1299709952 -1052246016 -804519936 -557056000 -309329920 -61865984 185860096 433324032 681050112 928514048 1176240128 1423704064 1671430144 1918894080 -2128347136 -1880883200 -1633157120 -1385693184 -1137967104 -890503168 -642777088 -395313152 -147587072 99876864 1509687296 1757151232 2004877312 -2042626048 -1794899968 
-1614544896 -1366556672 -1118568448 -870580224 -622592000 -374603776 -126615552 121372672 369360896 617349120 865337344 1113325568 1361313792 1609302016 1857290240 2105540608 -1941438464 -1693450240 -1445462016 -1197473792 -949485568 -701497344 -453509120 -205520896 42467328 290455552 1688469504 1936457728 -2110521344 -1862533120 
-1682702336 -1434189824 -1185677312 -937426944 -688914432 -440664064 -192151552 56360960 304611328 553123840 801374208 1049886720 1298399232 1546649600 1795162112 2043412480 -2003042304 -1754529792 -1506279424 -1257766912 -1009516544 -761004032 -512491520 -264241152 -15728640 232521728 481034240 1867251712 2115502080 -1930952704 
-1751384064 -1502609408 -1253834752 -1005060096 -756023296 -507248640 -258473984 -9699328 239075328 487849984 736624640 985661440 1234436096 1483210752 1731985408 1980760064 -2065432576 -1816657920 -1567621120 -1318846464 -1070071808 -821297152 -572522496 -323747840 -74973184 174063616 422838272 671612928 2046033920 -2000158720 
-1820852224 -1571815424 -1322516480 -1073217536 -824180736 -574881792 -325582848 -76546048 172752896 422051840 671088640 920387584 1169686528 1418723328 1668022272 1917321216 -2128609280 -1879310336 -1630011392 -1380712448 -1131675648 -882376704 -633077760 -384040960 -134742016 114556928 363593728 612892672 862191616 -2070151168 
RESULT of [PG]t * G of Matrix with size 30 X 30


262144 524288 1048576 1310720 1835008 2097152 2621440 2883584 3407872 3670016 3932160 4456448 4718592 5242880 5505024 6029312 6291456 6815744 7077888 7602176 7864320 8388608 8650752 9175040 9437184 9961472 10223616 10747904 11010048 11534336 
11534336 262144 524288 1048576 1310720 1835008 2097152 2621440 2883584 3407872 3670016 4194304 4456448 4980736 5242880 5767168 6029312 6553600 6815744 7340032 7602176 8126464 8388608 8912896 9175040 9699328 9961472 10485760 10747904 11272192 
11272192 11534336 262144 524288 1048576 1310720 1835008 2097152 2621440 2883584 3407872 3670016 4194304 4456448 4980736 5242880 5767168 6029312 6553600 6815744 7340032 7602176 8126464 8388608 8912896 9175040 9699328 9961472 10485760 10747904 
10747904 11272192 11534336 262144 524288 1048576 1310720 1835008 2097152 2621440 2883584 3407872 3670016 4194304 4456448 4980736 5242880 5767168 6029312 6553600 6815744 7340032 7602176 8126464 8388608 8912896 9175040 9699328 9961472 10485760 
10485760 10747904 11272192 11534336 262144 524288 1048576 1310720 1835008 2097152 2621440 2883584 3407872 3670016 4194304 4456448 4980736 5242880 5767168 6029312 6553600 6815744 7340032 7602176 8126464 8388608 8912896 9175040 9699328 9961472 
9961472 10485760 10747904 11272192 11534336 262144 524288 1048576 1310720 1835008 2097152 2621440 2883584 3407872 3670016 4194304 4456448 4980736 5242880 5767168 6029312 6553600 6815744 7340032 7602176 8126464 8388608 8912896 9175040 9699328 
9699328 9961472 10485760 11010048 11272192 11796480 262144 524288 1048576 1310720 1835008 2097152 2621440 2883584 3407872 3670016 4194304 4456448 4980736 5242880 5767168 6029312 6553600 6815744 7340032 7602176 8126464 8388608 8912896 9175040 
9437184 9699328 10223616 10485760 11010048 11272192 11796480 262144 524288 1048576 1310720 1835008 2097152 2621440 2883584 3407872 3670016 4194304 4456448 4980736 5242880 5767168 6029312 6553600 6815744 7340032 7602176 8126464 8388608 8912896 
8912896 9437184 9699328 10223616 10485760 11010048 11272192 11796480 262144 524288 1048576 1310720 1835008 2097152 2621440 2883584 3407872 3670016 4194304 4456448 4980736 5242880 5767168 6029312 6553600 6815744 7340032 7864320 8126464 8650752 
8650752 8912896 9437184 9699328 10223616 10485760 11010048 11272192 11796480 262144 524288 1048576 1310720 1835008 2097152 2621440 2883584 3407872 3670016 4194304 4456448 4980736 5242880 5767168 6029312 6553600 7077888 7340032 7864320 8126464 
8126464 8650752 8912896 9437184 9699328 10223616 10485760 11010048 11272192 11796480 262144 524288 1048576 1310720 1835008 2097152 2621440 2883584 3407872 3670016 4194304 4456448 4980736 5242880 5767168 6291456 6553600 7077888 7340032 7864320 
7864320 8126464 8650752 8912896 9437184 9699328 10223616 10485760 11010048 11534336 11796480 262144 524288 1048576 1310720 1835008 2097152 2621440 2883584 3407872 3670016 4194304 4456448 4980736 5505024 5767168 6291456 6553600 7077888 7340032 
7340032 7864320 8126464 8650752 8912896 9437184 9699328 10223616 10747904 11010048 11534336 11796480 262144 524288 1048576 1310720 1835008 2097152 2621440 2883584 3407872 3670016 4194304 4456448 4980736 5505024 5767168 6291456 6553600 7077888 
7077888 7340032 7864320 8126464 8650752 8912896 9437184 9961472 10223616 10747904 11010048 11534336 11796480 262144 524288 1048576 1310720 1835008 2097152 2621440 2883584 3407872 3670016 4194304 4718592 4980736 5505024 5767168 6291456 6553600 
6553600 7077888 7340032 7864320 8126464 8650752 9175040 9437184 9961472 10223616 10747904 11010048 11534336 11796480 262144 524288 1048576 1310720 1835008 2097152 2621440 2883584 3407872 3670016 4194304 4718592 4980736 5505024 5767168 6291456 
6291456 6553600 7077888 7340032 7864320 8388608 8650752 9175040 9437184 9961472 10223616 10747904 11010048 11534336 11796480 262144 524288 1048576 1310720 1835008 2097152 2621440 2883584 3407872 3670016 4194304 4718592 4980736 5505024 5767168 
5767168 6291456 6553600 7077888 7340032 7864320 8388608 8650752 9175040 9437184 9961472 10223616 10747904 11010048 11534336 12058624 262144 524288 1048576 1310720 1835008 2097152 2621440 2883584 3407872 3932160 4194304 4718592 4980736 5505024 
5505024 5767168 6291456 6553600 7077888 7602176 7864320 8388608 8650752 9175040 9437184 9961472 10223616 10747904 11272192 11534336 12058624 262144 524288 1048576 1310720 1835008 2097152 2621440 2883584 3407872 3932160 4194304 4718592 4980736 
4980736 5505024 5767168 6291456 6815744 7077888 7602176 7864320 8388608 8650752 9175040 9437184 9961472 10485760 10747904 11272192 11534336 12058624 262144 524288 1048576 1310720 1835008 2097152 2621440 2883584 3407872 3932160 4194304 4718592 
4718592 4980736 5505024 5767168 6291456 6815744 7077888 7602176 7864320 8388608 8650752 9175040 9437184 9961472 10485760 10747904 11272192 11534336 12058624 262144 524288 1048576 1310720 1835008 2097152 2621440 2883584 3407872 3932160 4194304 
4194304 4718592 4980736 5505024 5767168 6291456 6815744 7077888 7602176 7864320 8388608 8650752 9175040 9699328 9961472 10485760 10747904 11272192 11534336 12058624 262144 524288 1048576 1310720 1835008 2097152 2621440 3145728 3407872 3932160 
3932160 4194304 4718592 4980736 5505024 6029312 6291456 6815744 7077888 7602176 7864320 8388608 8912896 9175040 9699328 9961472 10485760 10747904 11272192 11534336 12058624 262144 524288 1048576 1310720 1835008 2097152 2621440 3145728 3407872 
3407872 3932160 4194304 4718592 4980736 5505024 6029312 6291456 6815744 7077888 7602176 7864320 8388608 8912896 9175040 9699328 9961472 10485760 10747904 11272192 11796480 12058624 262144 524288 1048576 1310720 1835008 2097152 2621440 3145728 
3145728 3407872 3932160 4194304 4718592 4980736 5505024 6029312 6291456 6815744 7077888 7602176 8126464 8388608 8912896 9175040 9699328 9961472 10485760 11010048 11272192 11796480 12058624 262144 524288 1048576 1310720 1835008 2097152 2621440 
2621440 3145728 3407872 3932160 4194304 4718592 5242880 5505024 6029312 6291456 6815744 7077888 7602176 8126464 8388608 8912896 9175040 9699328 9961472 10485760 11010048 11272192 11796480 12058624 262144 524288 1048576 1310720 1835008 2097152 
2097152 2621440 3145728 3407872 3932160 4194304 4718592 5242880 5505024 6029312 6291456 6815744 7077888 7602176 8126464 8388608 8912896 9175040 9699328 10223616 10485760 11010048 11272192 11796480 12058624 262144 524288 1048576 1310720 1835008 
1835008 2359296 2621440 3145728 3407872 3932160 4194304 4718592 5242880 5505024 6029312 6291456 6815744 7340032 7602176 8126464 8388608 8912896 9175040 9699328 10223616 10485760 11010048 11272192 11796480 12320768 262144 524288 1048576 1310720 
1310720 1835008 2359296 2621440 3145728 3407872 3932160 4194304 4718592 5242880 5505024 6029312 6291456 6815744 7340032 7602176 8126464 8388608 8912896 9437184 9699328 10223616 10485760 11010048 11272192 11796480 12320768 262144 524288 1048576 
1048576 1310720 1835008 2359296 2621440 3145728 3407872 3932160 4456448 4718592 5242880 5505024 6029312 6291456 6815744 7340032 7602176 8126464 8388608 8912896 9437184 9699328 10223616 10485760 11010048 11534336 11796480 12320768 262144 524288 
524288 1048576 1310720 1835008 2359296 2621440 3145728 3407872 3932160 4456448 4718592 5242880 5505024 6029312 6553600 6815744 7340032 7602176 8126464 8650752 8912896 9437184 9699328 10223616 10485760 11010048 11534336 11796480 12320768 262144 
RESULT of Pt * Gt of Matrix with size 30 X 30


129761280 378798080 628097024 877395968 1126432768 1375731712 1625030656 1874067456 2123366400 -1922301952 -1673003008 -1423966208 -1174667264 -925368320 -676331520 -427032576 -177733632 71303168 320602112 569901056 818937856 1068236800 1317535744 1566572544 1815871488 2065170432 -1980497920 -1731461120 -1482162176 -1232863232 
950009856 320339968 934281216 1548484608 -2132279296 -1518338048 -904134656 -289931264 324009984 938213376 1552416768 -2128609280 -1514405888 -900202496 -285999104 327942144 942145536 1556348928 -2124677120 -1510473728 -896270336 -282329088 331874304 946077696 1560018944 -2120744960 -1506541568 -892600320 -278396928 335806464 
-2141192192 -1162084352 510918656 1489764352 -1826095104 -846987264 131858432 1110966272 2090074112 -1226047488 -246939648 732168192 1711013888 -1604845568 -625737728 353107968 1332215808 -1983643648 -1004535808 -25690112 953417728 1932525568 -1383596032 -404488192 574619648 1553465344 -1762394112 -783286272 195559424 1174667264 
-1667235840 -323223552 1020788736 701235200 2045247488 -905707520 438304768 1782054912 -1168900096 175112192 1518862336 -1432092672 -88080384 1255669760 -1695285248 -351272960 992477184 -1958477824 -614465536 729546752 2073296896 -877658112 466354176 1810104320 -1140850688 203161600 1546911744 -1404043264 -60030976 1283719168 
-1923088384 -214171648 1494745088 -1091567616 891813888 -1694236672 14680064 1723334656 -862715904 846200832 -1739849728 -31195136 1677721600 -908328960 800325632 -1785724928 -76808192 1631846400 -954204160 754712576 -1831600128 -122683392 1586233344 -999817216 708837376 -1877213184 -168296448 1540358144 -1045692416 663224320 
1386479616 -834928640 1238892544 -982253568 1091305472 1082392576 -1138753536 935067648 -1286340608 787480576 -1433665536 639893504 -1581252608 492568576 -1728577536 344981504 -1876164608 197656576 -2023751680 50069504 2123890688 -97517568 1976303616 -244842496 1828978688 -392429568 1681391616 -539754496 1533804544 -687341568 
-328990720 2109734912 253231104 -1603010560 835715072 -1020788736 1272971264 -583270400 1855455232 -1048576 -1857290240 581435392 -1275068416 1163657216 -692584448 1745879040 -110362624 -1966604288 472121344 -1384382464 1054343168 -801898496 1636564992 -219676672 -2075918336 362545152 -1493696512 945029120 -911212544 1527250944 
1520697344 29360128 -1461977088 1341390848 -149946368 -1641283584 1162084352 1463549952 -27787264 -1519386624 1284243456 -207093760 -1698430976 1104936960 -386400256 -1877737472 925630464 -565706752 -2057043968 746586112 -745013248 2058616832 567279616 -924319744 1879310336 387973120 -1103626240 1700003840 208666624 -1282670592 
-1654390784 1514143744 387710976 -738721792 -1865416704 1303117824 176685056 -950009856 1654128640 527695872 -598999040 -1725431808 1443102720 316669952 -810024960 -1936457728 1232076800 105381888 -1021050880 -2147483648 1020788736 -105644032 -1232076800 1936457728 809762816 -316669952 -1443102720 1725169664 598736896 -527695872 
-1264058368 -2025848832 1507590144 746061824 -15466496 -777256960 -1538785280 1994653696 1232863232 1844707328 1083179008 321388544 -440139776 -1201668096 -1963458560 1569980416 808452096 46923776 -714866688 -1476395008 2057043968 1295253504 533725184 -227803136 -989331456 -1751121920 1782317056 1020788736 258998272 -502530048 
-1603796992 -2000420864 1897660416 1501036544 1104412672 707788800 310902784 -85721088 -482344960 -879230976 2035286016 1638662144 1241776128 845152256 448528384 51642368 -344981504 -741605376 -1138229248 -1535115264 -1931739136 1966604288 1569718272 1173094400 776470528 379584512 -17039360 -413663232 -810287104 -1207173120 
1621622784 1589903360 1558183936 1526202368 1494482944 1462763520 1431044096 1399062528 1367343104 1335623680 1303642112 -2069102592 -2101084160 -2132803584 2130444288 2098724864 2066743296 2035023872 2003304448 1971322880 1939603456 1907884032 1876164608 1844183040 1812463616 1780744192 1748762624 1717043200 1685323776 1653604352 
-177733632 155451392 488636416 821821440 1154744320 1487929344 1821114368 -2140930048 -1807745024 -1474560000 -1141374976 -808452096 -1878523904 -1545601024 -1212416000 -879230976 -546045952 -213123072 120061952 453246976 786169856 1119354880 1452539904 1785724928 2118647808 -1843134464 -1509949440 -1177026560 -843841536 -510656512 
1588330496 -2008809472 -1310720000 -612630528 85458944 783286272 1481375744 -2115502080 -1417674752 -719585280 -21495808 676593664 1374420992 -1687945216 -990117888 -292028416 406061056 1103888384 1801977856 -1794899968 -1096810496 -398983168 299106304 997195776 1695023104 -1901854720 -1203765248 -505675776 192151552 890241024 
-1670643712 -607649792 455081984 1518075904 -1713897472 -650903552 411828224 1474822144 -1757151232 -694419456 368574464 1431568384 -1800404992 -737673216 -1497366528 -434634752 628359168 1691353088 -1540882432 -477888512 585105408 1648099328 -1584136192 -521142272 541851648 1604583424 -1627389952 -564396032 498597888 1561329664 
-1364459520 63438848 1491337216 -1375993856 51904512 1479802880 -1387266048 40370176 1468268544 -1398800384 28835840 1456734208 -1410334720 17563648 1445199872 -1307049984 120848384 1548746752 -1318322176 109314048 1537212416 -1329856512 97779712 1525678080 -1341390848 86507520 1514143744 -1352925184 74973184 1502609408 
-1788084224 4718592 1797521408 -704643072 1087897600 -1414266880 378535936 -2123890688 -331087872 1461714944 -1040449536 752091136 -1750073344 42729472 1835532288 -666894336 -1116471296 676331520 -1825832960 -33030144 1759510528 -742653952 1050148864 -1452277760 340525056 2133327872 -368836608 1423704064 -1078460416 714342400 
1353711616 -783810560 1373896704 -763363328 1394343936 -743178240 1414529024 -722731008 1434714112 -702545920 1455161344 -682098688 1475346432 -661913600 1495793664 -641728512 1515978752 -925892608 1231814656 -905445376 1251999744 -885260288 1272446976 -864813056 1292632064 -844627968 1313079296 -824442880 1333264384 -803995648 
-529530880 1993080832 220463104 -1551892480 970719232 -801898496 1720713216 -51642368 -1823997952 698351616 -1074003968 1448607744 -323747840 -2096365568 426246144 -1346109440 1176240128 -596115456 -735313920 1787297792 14942208 -1757675520 764936192 -1007419392 1515192320 -257425408 -2029780992 492830720 -1279787008 1242824704 
1152385024 -255066112 -1662517248 1224736768 -182714368 -1590165504 1297088512 -110362624 -1517813760 1369702400 -38010880 -1445462016 1442054144 34603008 -1373110272 1514405888 106954752 -1300758528 1586757632 -544735232 -1952186368 935329792 -472383488 -1879834624 1007681536 -400031744 -1807482880 1080033280 -327417856 -1735131136 
2104492032 1061945344 19398656 -1023410176 -2065956864 1186463744 143917056 -898891776 -1941438464 1310982144 268435456 -774373376 -1816920064 1435500544 392953856 -649854976 -1692401664 1560018944 517210112 -525336576 -354156544 -1396703232 1855455232 812908544 -229638144 -1272184832 1979973632 937426944 -105119744 -1147666432 
-1967915008 1649147904 971505664 293863424 -384040960 -1061683200 -1739325440 1877999616 1200095232 522452992 -155189248 -832831488 -1510735872 2106589184 1428946944 751042560 73400320 -604241920 -1281884160 -1959788544 1657536512 -163577856 -841220096 -1519124480 2098200576 1420558336 742916096 65011712 -612630528 -1290272768 
1819541504 1506541568 1193803776 881065984 568328192 255328256 -57409536 -370147328 -682885120 -995885056 -1308622848 -1621360640 -1934098432 2047868928 1735131136 1422393344 1109393408 796655616 483917824 171180032 -141819904 -454557696 27000832 -285736960 -598736896 -911474688 -1224212480 -1536950272 -1849950208 2132279296 
582221824 634388480 686292992 738459648 790626304 842792960 894697472 946864128 999030784 1051197440 1103101952 1155268608 1207435264 1259339776 1311506432 1363673088 1415839744 1467744256 1519910912 1572077568 1624244224 1676148736 1728315392 217579520 269746176 321650688 373817344 425984000 477888512 530055168 
-1384906752 -967835648 -550764544 -133955584 283115520 700186624 1117257728 1534066688 1951137792 -1926758400 -1509949440 -1092878336 -675807232 -258736128 158072832 575143936 992215040 1409286144 1826095104 -2051801088 -1634729984 -1217658880 -800849920 -383778816 408158208 824967168 1242038272 1659109376 2076180480 -1801977856 
213123072 995098624 1777074176 -1735917568 -954204160 -172228608 609746944 1391460352 -2121531392 -1339555840 -557580288 224133120 1006108672 1788084224 -1724907520 -943194112 -161218560 620756992 1402732544 -2110521344 -1328545792 -546570240 235405312 1017118720 1799094272 598736896 1380450304 -2132541440 -1350565888 -568590336 
1081344000 -2066743296 -919863296 227016704 1373634560 -1774452736 -627572736 519307264 1665925120 -1482162176 -335282176 811597824 1958215680 -1189871616 -42991616 1103888384 -2044461056 -897581056 249298944 1396178944 -1752170496 -605290496 541589504 1688469504 -1459879936 -312999936 789315584 1935933440 -1212153856 -65273856 
1220018176 -1563426816 -51642368 1460142080 -1323040768 188481536 1700265984 -1082916864 428867584 1940389888 -842792960 668991488 -2114191360 -602669056 909115392 -1874067456 -362283008 1149239296 -1633943552 -122159104 1389625344 -1393819648 117964800 1629749248 -1153433600 358088704 1869873152 979632128 -1803550720 -291766272 
628621312 -1789657088 86769664 1963458560 -454819840 1421869056 -996671488 880017408 -1538260992 338427904 -2080112640 -203423744 1673265152 -745013248 1131413504 -1286864896 589824000 -1828454400 47972352 1924661248 -493617152 1383071744 -1035468800 841220096 -1577058304 299368448 -2118909952 -242221056 1170210816 -1248067584 
-692584448 1549008896 -504365056 1736966144 -316407808 1925185536 -128188416 2113142784 59768832 -1993605120 247726080 -1805647872 435945472 -1617428480 623902720 -1429471232 812122112 -1241251840 1000079360 -1053294592 1188298752 -865075200 1376256000 -677117952 1564475392 -488898560 1752432640 -300941312 1940652032 1360789504 
RESULT of [PG]t * Gt of Matrix with size 30 X 30


