0 0 0 0 0 0 0 0 0 0 0 0 0 0 0 0 0 0 0 0 0 0 0 0 0 0 0 0 0 0 0 
0 0 0 0 0 0 0 0 0 0 0 0 0 0 0 0 0 0 0 0 0 0 0 0 0 0 0 0 0 0 0 
0 0 0 0 0 0 0 0 0 0 0 0 0 0 0 0 0 0 0 0 0 0 0 0 0 0 0 0 0 0 0 
0 0 0 0 0 0 0 0 0 0 0 0 0 0 0 0 0 0 0 0 0 0 0 0 0 0 0 0 0 0 0 
0 0 0 0 0 0 0 0 0 0 0 0 0 0 0 0 0 0 0 0 0 0 0 0 0 0 0 0 0 0 0 
0 0 0 0 0 0 0 0 0 0 0 0 0 0 0 0 0 0 0 0 0 0 0 0 0 0 0 0 0 0 0 
0 0 0 0 0 0 0 0 0 0 0 0 0 0 0 0 0 0 0 0 0 0 0 0 0 0 0 0 0 0 0 
0 0 0 0 0 0 0 0 0 0 0 0 0 0 0 0 0 0 0 0 0 0 0 0 0 0 0 0 0 0 0 
0 0 0 0 0 0 0 0 0 0 0 0 0 0 0 0 0 0 0 0 0 0 0 0 0 0 0 0 0 0 0 
0 0 0 0 0 0 0 0 0 0 0 0 0 0 0 0 0 0 0 0 0 0 0 0 0 0 0 0 0 0 0 
0 0 0 0 0 0 0 0 0 0 0 0 0 0 0 0 0 0 0 0 0 0 0 0 0 0 0 0 0 0 0 
0 0 0 0 0 0 0 0 0 0 0 0 0 0 0 0 0 0 0 0 0 0 0 0 0 0 0 0 0 0 0 
0 0 0 0 0 0 0 0 0 0 0 0 0 0 0 0 0 0 0 0 0 0 0 0 0 0 0 0 0 0 0 
0 0 0 0 0 0 0 0 0 0 0 0 0 0 0 0 0 0 0 0 0 0 0 0 0 0 0 0 0 0 0 
0 0 0 0 0 0 0 0 0 0 0 0 0 0 0 0 0 0 0 0 0 0 0 0 0 0 0 0 0 0 0 
0 0 0 0 0 0 0 0 0 0 0 0 0 0 0 0 0 0 0 0 0 0 0 0 0 0 0 0 0 0 0 
0 0 0 0 0 0 0 0 0 0 0 0 0 0 0 0 0 0 0 0 0 0 0 0 0 0 0 0 0 0 0 
0 0 0 0 0 0 0 0 0 0 0 0 0 0 0 0 0 0 0 0 0 0 0 0 0 0 0 0 0 0 0 
0 0 0 0 0 0 0 0 0 0 0 0 0 0 0 0 0 0 0 0 0 0 0 0 0 0 0 0 0 0 0 
0 0 0 0 0 0 0 0 0 0 0 0 0 0 0 0 0 0 0 0 0 0 0 0 0 0 0 0 0 0 0 
0 0 0 0 0 0 0 0 0 0 0 0 0 0 0 0 0 0 0 0 0 0 0 0 0 0 0 0 0 0 0 
0 0 0 0 0 0 0 0 0 0 0 0 0 0 0 0 0 0 0 0 0 0 0 0 0 0 0 0 0 0 0 
0 0 0 0 0 0 0 0 0 0 0 0 0 0 0 0 0 0 0 0 0 0 0 0 0 0 0 0 0 0 0 
0 0 0 0 0 0 0 0 0 0 0 0 0 0 0 0 0 0 0 0 0 0 0 0 0 0 0 0 0 0 0 
0 0 0 0 0 0 0 0 0 0 0 0 0 0 0 0 0 0 0 0 0 0 0 0 0 0 0 0 0 0 0 
0 0 0 0 0 0 0 0 0 0 0 0 0 0 0 0 0 0 0 0 0 0 0 0 0 0 0 0 0 0 0 
0 0 0 0 0 0 0 0 0 0 0 0 0 0 0 0 0 0 0 0 0 0 0 0 0 0 0 0 0 0 0 
0 0 0 0 0 0 0 0 0 0 0 0 0 0 0 0 0 0 0 0 0 0 0 0 0 0 0 0 0 0 0 
0 0 0 0 0 0 0 0 0 0 0 0 0 0 0 0 0 0 0 0 0 0 0 0 0 0 0 0 0 0 0 
0 0 0 0 0 0 0 0 0 0 0 0 0 0 0 0 0 0 0 0 0 0 0 0 0 0 0 0 0 0 0 
0 0 0 0 0 0 0 0 0 0 0 0 0 0 0 0 0 0 0 0 0 0 0 0 0 0 0 0 0 0 0 
INITIAL DATA of Matrix with size 31 X 31


262144 262144 262144 262144 262144 262144 262144 262144 262144 262144 262144 262144 262144 262144 262144 262144 262144 262144 262144 262144 262144 262144 262144 262144 262144 262144 262144 262144 262144 262144 262144 
786432 524288 524288 524288 524288 524288 524288 524288 524288 524288 524288 524288 524288 524288 524288 524288 524288 524288 524288 524288 524288 524288 786432 786432 786432 786432 786432 786432 786432 786432 786432 
1048576 1048576 1048576 1048576 1048576 1048576 1048576 1048576 1048576 1048576 1048576 1048576 1048576 1048576 1048576 1048576 1048576 1048576 1048576 1048576 1048576 1048576 1048576 1048576 1048576 1048576 1048576 1048576 1048576 1048576 1048576 
1572864 1572864 1572864 1572864 1572864 1572864 1572864 1572864 1572864 1572864 1572864 1572864 1572864 1572864 1572864 1572864 1572864 1572864 1572864 1572864 1572864 1572864 1572864 1572864 1572864 1572864 1572864 1572864 1572864 1572864 1572864 
2097152 2097152 2097152 2097152 2097152 2097152 2097152 2097152 2097152 2097152 2097152 2097152 2097152 2097152 2097152 2097152 2097152 2097152 2097152 2097152 2097152 2097152 2097152 2097152 2097152 2097152 2097152 2097152 2097152 2097152 2097152 
2621440 2621440 2621440 2621440 2621440 2359296 2359296 2359296 2359296 2359296 2359296 2359296 2359296 2359296 2359296 2359296 2359296 2359296 2359296 2359296 2621440 2621440 2621440 2621440 2621440 2621440 2621440 2621440 2621440 2621440 2621440 
3145728 3145728 3145728 3145728 3145728 3145728 2883584 2883584 2883584 2883584 2883584 2883584 2883584 2883584 2883584 2883584 2883584 2883584 2883584 2883584 2883584 2883584 2883584 2883584 2883584 2883584 2883584 2883584 2883584 2883584 2883584 
3407872 3407872 3407872 3407872 3407872 3407872 3407872 3407872 3407872 3407872 3407872 3407872 3407872 3407872 3407872 3407872 3407872 3407872 3407872 3407872 3407872 3407872 3407872 3407872 3407872 3407872 3407872 3407872 3407872 3407872 3407872 
3932160 3932160 3932160 3932160 3932160 3932160 3932160 3932160 3670016 3670016 3670016 3670016 3670016 3670016 3932160 3932160 3932160 3932160 3932160 3932160 3932160 3932160 3932160 3932160 3932160 3932160 3932160 3932160 3932160 3932160 3932160 
4456448 4456448 4456448 4456448 4456448 4456448 4456448 4456448 4456448 4194304 4194304 4194304 4194304 4194304 4194304 4194304 4194304 4194304 4194304 4194304 4194304 4194304 4456448 4456448 4456448 4456448 4456448 4456448 4456448 4456448 4456448 
4980736 4980736 4980736 4980736 4980736 4980736 4980736 4980736 4980736 4980736 4718592 4718592 4718592 4718592 4718592 4718592 4718592 4718592 4718592 4718592 4718592 4718592 4718592 4718592 4718592 4718592 4718592 4718592 4718592 4718592 4980736 
5242880 5242880 5242880 5242880 5242880 5505024 5505024 5505024 5505024 5505024 5505024 4980736 5242880 5242880 5242880 5242880 5242880 5242880 5242880 5242880 5242880 5242880 5242880 5242880 5242880 5242880 5242880 5242880 5242880 5242880 5242880 
5767168 5767168 5767168 5767168 5767168 5767168 5767168 5767168 5767168 5767168 6029312 6029312 5505024 5505024 5505024 5505024 5505024 5505024 5505024 5505024 5767168 5767168 5767168 5767168 5767168 5767168 5767168 5767168 5767168 5767168 5767168 
6291456 6291456 6291456 6291456 6291456 6291456 6291456 6291456 6291456 6291456 6291456 6291456 6291456 6029312 6029312 6029312 6029312 6029312 6029312 6029312 6029312 6029312 6029312 6029312 6029312 6029312 6291456 6291456 6291456 6291456 6291456 
6553600 6815744 6815744 6815744 6815744 6815744 6815744 6815744 6815744 6815744 6815744 6815744 6815744 6815744 6553600 6553600 6553600 6553600 6553600 6553600 6553600 6553600 6553600 6553600 6553600 6553600 6553600 6553600 6553600 6553600 6553600 
7077888 7077888 7077888 7077888 7077888 7077888 7340032 7340032 7340032 7340032 7340032 7340032 7340032 7340032 7340032 6815744 6815744 6815744 6815744 7077888 7077888 7077888 7077888 7077888 7077888 7077888 7077888 7077888 7077888 7077888 7077888 
7602176 7602176 7602176 7602176 7602176 7602176 7602176 7602176 7602176 7602176 7864320 7864320 7864320 7864320 7864320 7864320 7340032 7340032 7340032 7340032 7340032 7340032 7340032 7340032 7340032 7602176 7602176 7602176 7602176 7602176 7602176 
8126464 8126464 8126464 8126464 8126464 8126464 8126464 8126464 8126464 8126464 8126464 8126464 8126464 8126464 8388608 8388608 8388608 7864320 7864320 7864320 7864320 7864320 7864320 7864320 7864320 7864320 7864320 7864320 7864320 7864320 8126464 
8388608 8388608 8388608 8650752 8650752 8650752 8650752 8650752 8650752 8650752 8650752 8650752 8650752 8650752 8650752 8650752 8650752 8650752 8126464 8126464 8388608 8388608 8388608 8388608 8388608 8388608 8388608 8388608 8388608 8388608 8388608 
8912896 8912896 8912896 8912896 8912896 8912896 8912896 8912896 9175040 9175040 9175040 9175040 9175040 9175040 9175040 9175040 9175040 9175040 9175040 8650752 8650752 8650752 8650752 8650752 8650752 8912896 8912896 8912896 8912896 8912896 8912896 
9437184 9437184 9437184 9437184 9437184 9437184 9437184 9437184 9437184 9437184 9437184 9437184 9699328 9699328 9699328 9699328 9699328 9699328 9699328 9699328 9175040 9175040 9175040 9175040 9175040 9175040 9175040 9175040 9175040 9437184 9437184 
9699328 9699328 9699328 9961472 9961472 9961472 9961472 9961472 9961472 9961472 9961472 9961472 9961472 9961472 9961472 10223616 10223616 10223616 10223616 10223616 10223616 9699328 9699328 9699328 9699328 9699328 9699328 9699328 9699328 9699328 9699328 
10223616 10223616 10223616 10223616 10223616 10223616 10223616 10485760 10485760 10485760 10485760 10485760 10485760 10485760 10485760 10485760 10485760 10485760 10485760 10747904 10747904 10747904 9961472 9961472 9961472 10223616 10223616 10223616 10223616 10223616 10223616 
10747904 10747904 10747904 10747904 10747904 10747904 10747904 10747904 10747904 10747904 11010048 11010048 11010048 11010048 11010048 11010048 11010048 11010048 11010048 11010048 11010048 11010048 11272192 10485760 10485760 10485760 10485760 10485760 10485760 10485760 10747904 
11010048 11010048 11010048 11272192 11272192 11272192 11272192 11272192 11272192 11272192 11272192 11272192 11272192 11272192 11534336 11534336 11534336 11534336 11534336 11534336 11534336 11534336 11534336 11534336 11010048 11010048 11010048 11010048 11010048 11010048 11010048 
11534336 11534336 11534336 11534336 11534336 11534336 11796480 11796480 11796480 11796480 11796480 11796480 11796480 11796480 11796480 11796480 11796480 12058624 12058624 12058624 12058624 12058624 12058624 12058624 12058624 11272192 11272192 11534336 11534336 11534336 11534336 
12058624 12058624 12058624 12058624 12058624 12058624 12058624 12058624 12058624 12058624 12320768 12320768 12320768 12320768 12320768 12320768 12320768 12320768 12320768 12320768 12582912 12582912 12582912 12582912 12582912 12582912 11796480 11796480 11796480 11796480 11796480 
12320768 12320768 12320768 12582912 12582912 12582912 12582912 12582912 12582912 12582912 12582912 12582912 12582912 12845056 12845056 12845056 12845056 12845056 12845056 12845056 12845056 12845056 12845056 13107200 13107200 13107200 13107200 12320768 12320768 12320768 12320768 
12845056 12845056 12845056 12845056 12845056 12845056 12845056 13107200 13107200 13107200 13107200 13107200 13107200 13107200 13107200 13107200 13107200 13369344 13369344 13369344 13369344 13369344 13369344 13369344 13369344 13369344 13631488 13631488 12845056 12845056 12845056 
13107200 13369344 13369344 13369344 13369344 13369344 13369344 13369344 13369344 13369344 13631488 13631488 13631488 13631488 13631488 13631488 13631488 13631488 13631488 13631488 13893632 13893632 13893632 13893632 13893632 13893632 13893632 13893632 13893632 13107200 13107200 
13631488 13631488 13631488 13631488 13631488 13893632 13893632 13893632 13893632 13893632 13893632 13893632 13893632 13893632 14155776 14155776 14155776 14155776 14155776 14155776 14155776 14155776 14155776 14417920 14417920 14417920 14417920 14417920 14417920 14417920 13631488 
RESULT of P * G of Matrix with size 31 X 31


300154880 309854208 319553536 329515008 339214336 348913664 358875136 368574464 378273792 388235264 397934592 407633920 417333248 427294720 436994048 446693376 456654848 466354176 476053504 486014976 495714304 505413632 515375104 525074432 534773760 544473088 554434560 564133888 573833216 583794688 593494016 
-815267840 -1538523136 -1514405888 -1490288640 -1466171392 -1442054144 -1417936896 -1393819648 -1369702400 -1345585152 -1321467904 -1297350656 -1273233408 -1249116160 -1224998912 -1200881664 -1176764416 -1152647168 -1128529920 -1104412672 -1080295424 -1056178176 -1032060928 -1007943680 -983826432 -959709184 -935591936 -911474688 -887357440 -863240192 -839385088 
2032664576 2071199744 918028288 956563456 994836480 1033371648 1071906816 1110179840 1148715008 1186988032 1225523200 1264058368 1302331392 1340866560 1379401728 1417674752 1456209920 1494482944 1533018112 1571553280 1609826304 1648361472 1686896640 1725169664 1763704832 1802240000 1840513024 1879048192 1917321216 1955856384 1994391552 
557056000 609746944 662437888 -920387584 -867696640 -815005696 -762052608 -709361664 -656670720 -603979776 -551026688 -498335744 -445644800 -392691712 -340000768 -287309824 -234618880 -181665792 -128974848 -76283904 -23330816 29360128 82051072 134742016 187695104 240386048 293076992 346030080 398721024 451411968 504365056 
-947388416 -880279552 -813170688 -746061824 1535901696 1603010560 1670119424 1737228288 1804337152 1871446016 1938554880 2005663744 2072772608 2139881472 -2087976960 -2020868096 -1953759232 -1886650368 -1819541504 -1752432640 -1685323776 -1618477056 -1551368192 -1484259328 -1417150464 -1350041600 -1282932736 -1215823872 -1148715008 -1081606144 -1014497280 
1814560768 1896087552 1977352192 2058878976 2140143616 -302514176 -221249536 -139722752 -58195968 23068672 104595456 186122240 267386880 348913664 430178304 511705088 593231872 674496512 756023296 837550080 918814720 1000341504 1081606144 1163132928 1244659712 1325924352 1407451136 1488715776 1570242560 1651769344 1733033984 
252706816 348651520 444334080 540016640 635961344 731643904 -2141192192 -2045247488 -1949564928 -1853882368 -1757937664 -1662255104 -1566572544 -1470889984 -1374945280 -1279262720 -1183580160 -1087635456 -991952896 -896270336 -800587776 -704643072 -608960512 -513277952 -417333248 -321650688 -225968128 -130285568 -34340864 61341696 157024256 
-1337458688 -1227358208 -1117257728 -1007157248 -897318912 -787218432 -677117952 315359232 425459712 535560192 645660672 755761152 865861632 975962112 1086062592 1196163072 1306263552 1416101888 1526202368 1636302848 1746403328 1856503808 1966604288 2076704768 -2108162048 -1998061568 -1887961088 -1777860608 -1667760128 -1557659648 -1447559168 
1338507264 1462763520 1587281920 1711538176 1836056576 1960574976 2084831232 -2085617664 -1523056640 -1398800384 -1274281984 -1150025728 -1025507328 -900988928 -776732672 -652214272 -527695872 -403439616 -278921216 -154664960 -30146560 94371840 218628096 343146496 467402752 591921152 716439552 840695808 965214208 1089470464 1213988864 
-309329920 -170655744 -31719424 106954752 245628928 384565248 523239424 661913600 800587776 933232640 1072168960 1210843136 1349517312 1488191488 1627127808 1765801984 1904476160 2043150336 -2112880640 -1974206464 -1835532288 -1696858112 -1557921792 -1419247616 -1280573440 -1141637120 -1002962944 -864288768 -725614592 -586678272 -448004096 
-1985740800 -1832648704 -1679556608 -1526464512 -1373372416 -1220280320 -1067188224 -914096128 -761004032 -607911936 -905183232 -752091136 -598999040 -445906944 -292814848 -139722752 13107200 166199296 319291392 472383488 625475584 778567680 931659776 1084751872 1237843968 1390936064 1544028160 1697120256 1850212352 2003304448 -2138832896 
604241920 771751936 939261952 1106509824 1274019840 1441267712 1608777728 1776025600 1943535616 2111045632 -2016673792 1551106048 1718616064 1886126080 2053373952 -2074083328 -1906835456 -1739325440 -1571815424 -1404567552 -1237057536 -1069809664 -902299648 -734789632 -567541760 -400031744 -232783872 -65273856 102236160 269484032 436994048 
-1129316352 -947650560 -765984768 -584056832 -402391040 -220725248 -39059456 142868480 324534272 506200064 688128000 869793792 -287309824 -105644032 76283904 257949696 439615488 621281280 803209216 984875008 1166540800 1348206592 1530134528 1711800320 1893466112 2075131904 -2037907456 -1856241664 -1674575872 -1492910080 -1310982144 
1403256832 1599340544 1795424256 1991507968 -2107375616 -1911291904 -1715208192 -1519124480 -1323040768 -1127219200 -931135488 -735051776 -538968064 -2125725696 -1929641984 -1733558272 -1537736704 -1341652992 -1145569280 -949485568 -753401856 -557318144 -361234432 -165150720 30932992 227016704 423100416 619184128 815005696 1011089408 1207173120 
-387710976 -177209344 33030144 243531776 453771264 664272896 874774528 1085014016 1295515648 1505755136 1716256768 1926758400 2136997888 -1947467776 330563584 541065216 751304704 961806336 1172307968 1382547456 1593049088 1803288576 2013790208 -2070675456 -1860435968 -1649934336 -1439694848 -1229193216 -1018953728 -808452096 -597950464 
2087714816 -1982595072 -1757937664 -1533018112 -1308360704 -1083703296 -859045888 -634126336 -409468928 -184811520 39845888 264503296 489422848 714080256 938737664 -1507852288 -1283194880 -1058537472 -833617920 -608960512 -384303104 -159645696 65273856 289931264 514588672 739246080 964165632 1188823040 1413480448 1638137856 1863057408 
239337472 478412800 717488128 956563456 1195638784 1434714112 1673789440 1912602624 -2143289344 -1904214016 -1665138688 -1426063360 -1186988032 -947912704 -708837376 -469762048 948699136 1187512320 1426587648 1665662976 1904738304 2143813632 -1912078336 -1673003008 -1433927680 -1194852352 -955777024 -716963840 -477888512 -238813184 262144 
-1637613568 -1384120320 -1130889216 -877395968 -624164864 -370671616 -117440512 136052736 389545984 642777088 896270336 1149501440 1402994688 1656225792 1909719040 -2131755008 -1878523904 -889978880 -636485632 -383254528 -129761280 123469824 376963072 630456320 883687424 1137180672 1390411776 1643905024 1897136128 -2144337920 -1890844672 
751828992 1019478016 1287127040 1554776064 1822687232 2090336256 -1936982016 -1669332992 -1401421824 -1133772800 -866123776 -598474752 -330563584 -62914560 204734464 472383488 740032512 1007943680 1566572544 1834221568 2101870592 -1925447680 -1657536512 -1389887488 -1122238464 -854589440 -586678272 -319029248 -51380224 216268800 483917824 
-1182531584 -900464640 -618397696 -336330752 -54263808 227803136 509607936 791674880 1073741824 1355808768 1637875712 1919942656 -2092957696 -1810890752 -1528823808 -1247019008 -964952064 -682885120 -400818176 -272105472 9961472 292028416 574095360 856162304 1138229248 1420296192 1702363136 1984167936 -2028732416 -1746665472 -1464598528 
1149501440 1445986304 1742209024 2038693888 -1960050688 -1663565824 -1367343104 -1070858240 -774373376 -478150656 -181665792 114556928 411041792 707264512 1003749376 1299972096 1596456960 1892941824 -2105802752 -1809317888 -2110521344 -1814298624 -1517813760 -1221328896 -925106176 -628621312 -332398592 -35913728 260308992 556793856 853016576 
-842006528 -531365888 -220725248 89915392 400818176 711458816 1022099456 1332740096 1643380736 1954283520 -2030043136 -1719402496 -1408761856 -1097859072 -787218432 -476577792 -165937152 144703488 455606272 766246912 1076887552 346030080 656670720 967311360 1277952000 1588592640 1899495424 -2084831232 -1774190592 -1463549952 -1152647168 
1432616960 1757675520 2082734080 -1887174656 -1562116096 -1237319680 -912261120 -587202560 -262144000 62914560 387973120 713031680 1038090240 1363148800 1687945216 2013003776 -1956904960 -1631846400 -1306787840 -981729280 -656670720 -331612160 -1492647936 -1167589376 -842530816 -517472256 -192413696 132644864 457441280 782499840 1107558400 
-616300544 -276824064 62390272 401866752 741081088 1080557568 1419771904 1759248384 2098462720 -1857028096 -1517551616 -1178337280 -838860800 -499646464 -160169984 179044352 518520832 857735168 1197211648 1536425984 1875902464 -2079588352 -1740374016 963903488 1303117824 1642594304 1981808640 -1973682176 -1634467840 -1294991360 -955514880 
1601175552 1954807808 -1986527232 -1632894976 -1279000576 -925368320 -571736064 -218103808 135528448 489422848 843055104 1196687360 1550319616 1903951872 -2037121024 -1683488768 -1329856512 -976224256 -622329856 -268697600 84934656 438566912 792199168 1146093568 -874774528 -520880128 -167247872 186384384 540016640 893648896 1247543296 
-505151488 -137101312 230948864 598999040 967049216 1335099392 1702887424 2070937600 -1855979520 -1487929344 -1119879168 -751828992 -383778816 -15990784 352059392 720109568 1088159744 1456209920 1824260096 -2102657024 -1734606848 -1366818816 -998768640 -630718464 -262668288 1581776896 1949827072 -1977090048 -1609039872 -1241251840 -873201664 
1654915072 2037383168 -1875378176 -1492910080 -1110704128 -728236032 -346030080 36438016 418643968 801112064 1183580160 1565786112 1948254208 -1964507136 -1582039040 -1199833088 -817364992 -435159040 -52690944 329515008 711983104 1094189056 1476657152 1858863104 -2053636096 -1671168000 -256638976 125566976 508035072 890241024 1272709120 
-508559360 -111935488 284688384 681574400 1078198272 1474822144 1871446016 -2026897408 -1630011392 -1233387520 -836763648 -440139776 -43515904 353107968 749993984 1146617856 1543241728 1939865600 -1958477824 -1561591808 -1164967936 -768344064 -371720192 24903680 421789696 818413568 1215037440 -2095316992 -1698693120 -1301807104 -905183232 
1594097664 2005139456 -1878786048 -1467744256 -1056702464 -645660672 -234881024 176160768 587202560 998244352 1409286144 1820327936 -2063597568 -1652817920 -1241776128 -830734336 -419692544 -8650752 402391040 813432832 1224212480 1635254272 2046296064 -1837629440 -1426587648 -1015545856 -604504064 -193724416 361234432 772276224 1183055872 
-626786304 -201326592 223870976 649330688 1074528256 1499987968 1925447680 -1944322048 -1518862336 -1093664768 -668205056 -243007488 182452224 607649792 1033109504 1458307072 1883766784 -1986002944 -1560543232 -1135345664 -709885952 -284688384 140771328 565968896 991428608 1416626176 1842085888 -2027683840 -1602224128 -1477443584 -1051983872 
1418723328 1858338816 -1996750848 -1557135360 -1117519872 -677904384 -238288896 201326592 641204224 1080819712 1520435200 1960050688 -1895301120 -1455423488 -1015808000 -576192512 -136577024 303038464 742653952 1182531584 1622147072 2061762560 -1793589248 -1353973760 -914096128 -474480640 -34865152 404750336 844365824 1283981312 979107840 
RESULT of P G * G of Matrix with size 31 X 31


0 0 0 0 0 0 0 0 0 0 0 0 0 0 0 0 0 262144 262144 262144 262144 262144 262144 262144 262144 262144 262144 262144 262144 262144 262144 
1310720 0 0 0 0 0 0 262144 262144 262144 262144 262144 262144 524288 524288 524288 524288 524288 786432 786432 786432 786432 786432 786432 1048576 1048576 1048576 1048576 1048576 1048576 1310720 
2097152 2097152 0 0 0 262144 262144 262144 262144 524288 524288 524288 786432 786432 786432 786432 1048576 1048576 1048576 1310720 1310720 1310720 1310720 1572864 1572864 1572864 1835008 1835008 1835008 1835008 2097152 
2883584 2883584 3145728 0 0 262144 262144 262144 524288 524288 786432 786432 786432 1048576 1048576 1310720 1310720 1310720 1572864 1572864 1835008 1835008 1835008 2097152 2097152 2359296 2359296 2359296 2621440 2621440 2883584 
3670016 3670016 3932160 3932160 0 0 262144 262144 524288 524288 786432 786432 1048576 1048576 1310720 1310720 1572864 1572864 1835008 1835008 2097152 2097152 2359296 2621440 2621440 2883584 2883584 3145728 3145728 3407872 3407872 
4194304 4456448 4456448 4718592 4980736 0 0 262144 524288 524288 786432 1048576 1048576 1310720 1310720 1572864 1835008 1835008 2097152 2359296 2359296 2621440 2621440 2883584 3145728 3145728 3407872 3670016 3670016 3932160 4194304 
4718592 4980736 5242880 5505024 5505024 5767168 0 262144 262144 524288 786432 1048576 1048576 1310720 1572864 1835008 1835008 2097152 2359296 2621440 2621440 2883584 3145728 3145728 3407872 3670016 3932160 3932160 4194304 4456448 4718592 
5242880 5505024 5767168 6029312 6291456 6553600 6815744 0 262144 524288 786432 786432 1048576 1310720 1572864 1835008 2097152 2097152 2359296 2621440 2883584 3145728 3407872 3670016 3670016 3932160 4194304 4456448 4718592 4980736 5242880 
5767168 6029312 6291456 6553600 6815744 7077888 7340032 7602176 0 262144 524288 786432 1048576 1310720 1572864 1835008 2097152 2359296 2621440 2883584 3145728 3407872 3670016 3932160 3932160 4194304 4456448 4718592 4980736 5242880 5505024 
6291456 6553600 6815744 7077888 7340032 7602176 7864320 8126464 8650752 0 262144 524288 786432 1048576 1310720 1835008 2097152 2359296 2621440 2883584 3145728 3407872 3670016 3932160 4194304 4456448 4718592 5242880 5505024 5767168 6029312 
6553600 6815744 7340032 7602176 7864320 8126464 8388608 8912896 9175040 9437184 0 262144 786432 1048576 1310720 1572864 1835008 2097152 2621440 2883584 3145728 3407872 3670016 4194304 4456448 4718592 4980736 5242880 5767168 6029312 6291456 
6815744 7340032 7602176 7864320 8388608 8650752 8912896 9437184 9699328 9961472 10223616 0 262144 786432 1048576 1310720 1835008 2097152 2359296 2883584 3145728 3407872 3932160 4194304 4456448 4980736 5242880 5505024 5767168 6291456 6553600 
7077888 7602176 7864320 8388608 8650752 8912896 9437184 9699328 10223616 10485760 10747904 11272192 0 524288 786432 1310720 1572864 1835008 2359296 2621440 3145728 3407872 3670016 4194304 4456448 4980736 5242880 5767168 6029312 6291456 6815744 
7340032 7602176 8126464 8650752 8912896 9437184 9699328 10223616 10485760 11010048 11272192 11796480 12058624 0 524288 786432 1310720 1572864 2097152 2621440 2883584 3407872 3670016 4194304 4456448 4980736 5242880 5767168 6029312 6553600 6815744 
7340032 7864320 8388608 8650752 9175040 9699328 9961472 10485760 11010048 11272192 11796480 12320768 12582912 13107200 0 524288 1048576 1310720 1835008 2359296 2621440 3145728 3670016 3932160 4456448 4980736 5242880 5767168 6029312 6553600 7077888 
7602176 7864320 8388608 8912896 9437184 9699328 10223616 10747904 11272192 11796480 12058624 12582912 13107200 13631488 13893632 0 524288 1048576 1572864 1835008 2359296 2883584 3407872 3932160 4194304 4718592 5242880 5767168 6029312 6553600 7077888 
7602176 8126464 8388608 8912896 9437184 9961472 10485760 11010048 11534336 12058624 12320768 12845056 13369344 13893632 14417920 14942208 0 524288 1048576 1572864 2097152 2621440 3145728 3670016 3932160 4456448 4980736 5505024 6029312 6553600 7077888 
7340032 7864320 8388608 8912896 9437184 9961472 10485760 11010048 11534336 12058624 12582912 13107200 13631488 14155776 14680064 15204352 15728640 262144 786432 1310720 1835008 2097152 2621440 3145728 3670016 4194304 4718592 5242880 5767168 6291456 6815744 
7340032 7864320 8388608 8912896 9437184 9961472 10747904 11272192 11796480 12320768 12845056 13369344 13893632 14417920 14942208 15728640 16252928 16777216 262144 786432 1310720 1835008 2359296 2883584 3407872 3932160 4456448 5242880 5767168 6291456 6815744 
7077888 7602176 8388608 8912896 9437184 9961472 10747904 11272192 11796480 12320768 12845056 13631488 14155776 14680064 15204352 15990784 16515072 17039360 17563648 262144 786432 1310720 1835008 2621440 3145728 3670016 4194304 4718592 5505024 6029312 6553600 
6815744 7602176 8126464 8650752 9437184 9961472 10485760 11272192 11796480 12320768 13107200 13631488 14155776 14942208 15466496 15990784 16777216 17301504 17825792 18612224 262144 786432 1310720 2097152 2621440 3145728 3932160 4456448 4980736 5767168 6291456 
6553600 7340032 7864320 8650752 9175040 9699328 10485760 11010048 11796480 12320768 13107200 13631488 14417920 14942208 15466496 16252928 16777216 17563648 18087936 18874368 19398656 262144 786432 1572864 2097152 2883584 3407872 3932160 4718592 5242880 6029312 
6291456 6815744 7602176 8388608 8912896 9699328 10223616 11010048 11534336 12320768 12845056 13631488 14417920 14942208 15728640 16252928 17039360 17563648 18350080 18874368 19660800 20447232 262144 786432 1572864 2359296 2883584 3670016 4194304 4980736 5505024 
5767168 6553600 7340032 7864320 8650752 9437184 9961472 10747904 11534336 12058624 12845056 13631488 14155776 14942208 15728640 16252928 17039360 17825792 18350080 19136512 19922944 20447232 21233664 262144 1048576 1572864 2359296 3145728 3670016 4456448 5242880 
5242880 6029312 6815744 7602176 8388608 8912896 9699328 10485760 11272192 12058624 12582912 13369344 14155776 14942208 15466496 16252928 17039360 17825792 18612224 19136512 19922944 20709376 21495808 22282240 262144 1048576 1835008 2359296 3145728 3932160 4718592 
4718592 5505024 6291456 7077888 7864320 8650752 9437184 10223616 11010048 11796480 12320768 13107200 13893632 14680064 15466496 16252928 17039360 17825792 18612224 19136512 19922944 20709376 21495808 22282240 23068672 262144 1048576 1835008 2621440 3407872 4194304 
4194304 4980736 5767168 6553600 7340032 8126464 8912896 9699328 10485760 11272192 12058624 12845056 13631488 14417920 15204352 15990784 16777216 17563648 18350080 19136512 19922944 20709376 21495808 22282240 23068672 23855104 262144 1048576 1835008 2621440 3407872 
3670016 4456448 5242880 6029312 6815744 7602176 8388608 9437184 10223616 11010048 11796480 12582912 13369344 14155776 14942208 15990784 16777216 17563648 18350080 19136512 19922944 20709376 21495808 22544384 23330816 24117248 24903680 262144 1048576 1835008 2883584 
2883584 3670016 4456448 5505024 6291456 7077888 7864320 8912896 9699328 10485760 11272192 12320768 13107200 13893632 14680064 15728640 16515072 17301504 18087936 18874368 19922944 20709376 21495808 22282240 23330816 24117248 24903680 25690112 262144 1048576 2097152 
2097152 2883584 3932160 4718592 5505024 6553600 7340032 8126464 9175040 9961472 10747904 11796480 12582912 13631488 14417920 15204352 16252928 17039360 17825792 18874368 19660800 20447232 21495808 22282240 23068672 24117248 24903680 25952256 26738688 262144 1310720 
1310720 2097152 3145728 3932160 4980736 5767168 6815744 7602176 8650752 9437184 10223616 11272192 12058624 13107200 13893632 14942208 15728640 16777216 17563648 18612224 19398656 20447232 21233664 22282240 23068672 23855104 24903680 25690112 26738688 27525120 262144 
RESULT of P * Gt of Matrix with size 31 X 31


157548544 389283840 620756992 852492288 1084227584 1315962880 1547436032 1779171328 2010906624 -2052587520 -1820852224 -1589116928 -1357643776 -1125908480 -894173184 -662700032 -430964736 -199229440 32505856 263979008 495714304 727449600 958922752 1190658048 1422393344 1653866496 1885601792 2117337088 -1946157056 -1714421760 -1482686464 
-737935360 460849152 1136656384 1812463616 -1806696448 -1130889216 -454819840 220987392 896794624 1572601856 -2046296064 -1370488832 -694681600 -18874368 657195008 1333002240 2008809472 -1610350592 -934543360 -258473984 417333248 1093140480 1768947712 -1849950208 -1174142976 -498335744 177471488 853540864 1529348096 -2089811968 -1414004736 
-1113587712 6553600 763887616 1884028928 -1291059200 -170917888 949223424 2069364736 -1105461248 14417920 1134559232 -2040266752 -920125440 199753728 1319895040 -1854930944 -734789632 385351680 1505230848 -1669595136 -549453824 570687488 1690566656 -1484259328 -364118016 756023296 1876164608 -1298923520 -178782208 941359104 2061500416 
1917583360 -813170688 751304704 1066926080 -1663565824 -99352576 1464860672 -1265631232 298582016 1862795264 -867696640 696516608 -2034237440 -469762048 1094451200 -1636302848 -72089600 1492385792 -1238368256 325844992 1890320384 -840433664 723779584 -2006712320 -442499072 1121714176 -1608777728 -44564480 1519648768 -1210843136 353370112 
-234618880 1773928448 -512491520 1495793664 1370226688 -916193280 1092354048 -1194328064 814219264 -1472200704 536346624 -1750073344 258473984 -2027945984 -19660800 1988886528 -297533440 1711013888 -575406080 1433141248 -853540864 1155006464 -1131413504 877133824 -1409286144 599261184 -1687158784 321126400 -1965293568 43253760 2051801088 
1019740160 -822607872 1630011392 -212074496 -2054422528 1673265152 -168820736 -2011168768 441450496 -1400635392 1051983872 -790102016 1662517248 -179830784 -2021916672 430702592 -1411383296 1041235968 -801112064 1651769344 -190578688 -2032664576 419954688 -1422393344 1030488064 -811859968 1641021440 -201326592 -2043674624 409206784 -1433141248 
1385431040 -12582912 -1410596864 1486356480 88342528 -1309671424 1976565760 578551808 -819462144 2077229056 679215104 -718798848 -2116812800 780140544 -617873408 -2015887360 881065984 -516947968 -1914961920 981991424 -416022528 -1814036480 1082916864 -315097088 -1713111040 1183580160 -214433792 -1612447744 1284505600 -113508352 -1511522304 
862978048 -90963968 -1044905984 -1998585856 1342439424 388759552 -565182464 -2015363072 1325924352 371982336 -581697536 -1535639552 1805647872 851705856 -102236160 -1055916032 -2009858048 1331429376 377487360 -576192512 -1530134528 1811152896 857210880 -96468992 -1050411008 -2004090880 1336934400 383254528 -570687488 -1524367360 1816657920 
-548143104 -1057751040 -1567358976 -2076966912 1708392448 1198784512 689176576 179568640 -1712062464 2073296896 1563688960 1054081024 544473088 34865152 -474742784 -984350720 -1493958656 -2003566592 1781792768 1272184832 762576896 252968960 -256638976 -766246912 -1275854848 -1785462784 1999896576 1490288640 980680704 471072768 -38535168 
1447297024 1382023168 1316487168 1251213312 1185677312 1120403456 1055129600 989593600 924319744 -1409024000 -1474297856 -1539833856 -1605107712 -1670643712 -1735917568 -1801453568 -1866727424 -1932263424 -1997537280 -2062811136 -2128347136 2101346304 2035810304 1970536448 1905000448 1839726592 1774190592 1708916736 1643642880 1578106880 1512833024 
-1740636160 -1361575936 -982777856 -603979776 -225181696 153616384 532414464 911212544 1290010624 1668808704 -1105985536 -726925312 -348127232 30670848 409468928 788267008 1167065088 1545863168 1924661248 -1991507968 -1612709888 -1233649664 -854851584 -476053504 -97255424 281542656 660340736 1039138816 1417936896 1796734976 -2119434240 
-1521745920 -698875904 124256256 947388416 1770258432 -1701576704 -878706688 -55574528 767557632 1590427648 -1881407488 -802684928 20447232 843317248 1666449408 -1805647872 -982515712 -159383552 663486464 1486618624 -1985216512 -1162346496 -339214336 483917824 1306787840 2129920000 -1342177280 -519045120 304087040 1126957056 1950089216 
2103443456 -924319744 342884352 1610088448 -1417674752 -150208512 1116995584 -1910767616 -643563520 623640576 1890844672 -1136656384 -499646464 767557632 2035023872 -992739328 274464768 1541668864 -1486094336 -218628096 1048576000 -1979187200 -711983104 555220992 1822425088 -1205075968 62128128 1329332224 -1698430976 -431226880 836239360 
545259520 -2038431744 -326893568 1384644608 -1198784512 512491520 -2070937600 -359399424 1351876608 -1231552512 479985664 -2103443456 -392167424 -196345856 1514930176 -1068498944 643039232 -1940389888 -229113856 1482424320 -1101004800 610533376 -1973157888 -261619712 1449918464 -1133772800 577765376 -2005663744 -294125568 1417150464 -1166278656 
-1901330432 254279680 -1885077504 270532608 -1868562432 287047680 -1852309504 303300608 -1835794432 319815680 -1819541504 336068608 -1803026432 352583680 106692608 -2032664576 123207680 -2016149504 139460608 -1999896576 155975680 -1983381504 172228608 -1966866432 188743680 -1950613504 204996608 -1934098432 221511680 -1917845504 237764608 
-941621248 1658322944 -36700160 -1731723264 868220928 -827064320 1772879872 77856768 -1617166336 982777856 -712507392 1887436800 192413696 -1502609408 1097334784 409993216 -1285292032 1314652160 -380370944 -2075394048 524550144 -1170735104 1429209088 -265814016 -1960837120 639107072 -1056178176 1543766016 -151257088 -1846280192 753664000 
-870055936 -2120744960 923271168 -327680000 -1578369024 1465647104 214695936 -1035993088 2008023040 757071872 -493617152 -1744568320 1299447808 48758784 -1202192384 1841823744 713031680 -537919488 -1788608512 1255407616 4456448 -1246232576 1797783552 546832384 -703856640 -1954807808 1089208320 -161480704 -1412431872 1631584256 380895232 
-1686896640 1801453568 994836480 187957248 -618659840 -1425276928 2063073280 1256456192 449839104 -356777984 -1163395072 -1970012160 1518075904 711458816 -95158272 -901775360 -1708392448 1016332288 209453056 -597164032 -1403781120 2084569088 1277952000 471334912 -335282176 -1141899264 -1948778496 1539571712 732954624 -73662464 -880279552 
902561792 540278784 177733632 -184549376 -547094528 -909377536 -1271922688 -1634467840 -1996750848 1935671296 1573388288 1210843136 848297984 486014976 123469824 -238813184 -601358336 -963641344 1319370752 956825600 594542592 231997440 -130285568 -492830720 -855375872 -1217658880 -1580204032 -1942487040 1989935104 1627652096 1265106944 
-1691090944 -1609302016 -1527513088 -1445724160 -1363935232 -1282146304 -1200357376 -1118568448 -1036779520 -954990592 -873201664 -791674880 -709885952 -628097024 -546308096 -464519168 -382730240 -300941312 -219152384 1622409216 1704198144 1785987072 1867776000 1949564928 2031353856 2113142784 -2100035584 -2018246656 -1936457728 -1854668800 -1772879872 
-878444544 -352321536 173539328 699662336 1225523200 1751646208 -2017460224 -1491337216 -965476352 -439353344 86507520 612630528 1138491392 1664614400 -2104492032 -1578369024 -1052508160 -526385152 -524288 525598720 1925709824 -1843396608 -1317273600 -791412736 -265289728 260571136 786694144 1312555008 1838678016 -1930428416 -1404305408 
-953942016 16252928 986447872 1956642816 -1368129536 -397934592 572260352 1542455296 -1782317056 -812122112 158072832 1128267776 2098462720 -1226309632 -256114688 714080256 1684275200 -1640497152 -670302208 299892736 1270349824 -2066219008 -1096024064 -125829120 844365824 1814560768 -1510211584 -539754496 430440448 1400635392 -1924136960 
-1918107648 -503578624 910688256 -1969750016 -555483136 859045888 -2021654528 -607125504 807403520 -2073296896 -658767872 755499008 -2124939264 -710672384 703856640 2118385664 -762314752 652214272 2066481152 -813957120 600571904 2014838784 -1762918400 -348651520 1065877504 -1814822912 -400293888 1014235136 -1866465280 -451936256 962330624 
524288000 -1912078336 -53477376 1805123584 -630980608 1227620352 -1208745984 649854976 -1786511360 72089600 1930690560 -505675776 1353187328 -1083179008 775421952 -1660944384 197656576 2056257536 -380108800 1478492160 -957612032 900988928 -1535377408 -1459879936 398721024 -2037645312 -179044352 1679818752 -756547584 1102053376 -1334312960 
2078277632 86245376 -1905786880 396886016 -1595146240 707788800 -1284505600 1018429440 -973602816 1329070080 -662962176 1639710720 -352321536 1950613504 -41680896 -2033713152 269221888 -1723072512 579862528 -1412169728 890503168 -1101529088 1201405952 -790888448 -1156579328 1146093568 -845938688 1456996352 -535298048 1767636992 -224395264 
-1551106048 1195900928 -351797248 -1899757568 847249408 -700710912 2046296064 498597888 -1049362432 1697644544 149684224 -1398276096 1348993024 -198967296 -1746927616 1000079360 -547880960 -2095579136 651427840 -896532480 1850474496 302514176 -1245184000 1501822976 -46137344 -853540864 1893466112 345505792 -1202192384 1544814592 -3145728 
-1773928448 1417412608 313786368 -790102016 -1893728256 1297612800 193986560 -909901824 -2013528064 1177812992 74186752 -1029701632 -2133327872 1058013184 -45613056 -1149501440 2041839616 938213376 -165412864 -1269301248 1922039808 818413568 -285212672 -1389101056 1802240000 698613760 -550502400 -1654128640 1537212416 433586176 -670302208 
1409810432 750256128 90963968 -568590336 -1228144640 -1887698944 1747976192 1088421888 428867584 -230424576 -889978880 -1549533184 2085879808 1426587648 767033344 107479040 -551813120 -1211367424 -1870921728 1764491264 1105199104 445644800 -213909504 -873201664 -1532755968 2102657024 1443102720 -247201792 -906756096 -1566310400 2069364736 
-589824000 -805044224 -1020526592 -1235746816 -1450967040 -1666187264 -1881407488 -2096627712 1982857216 1767636992 1552416768 1337196544 1121976320 906756096 691273728 476053504 260833280 45613056 -169607168 -385089536 -600309760 -815529984 -1030750208 -1245970432 -1461190656 -1676673024 -1891893248 -2107113472 55836672 -159383552 -374603776 
816840704 1045954560 1274806272 1503920128 1732771840 1961623552 -2104229888 -1875378176 -1646526464 -1417412608 -1188560896 -959447040 -730595328 -501743616 -272629760 -43778048 185073664 414187520 643039232 871890944 1101004800 1329856512 1558970368 1787822080 2016673792 -2049179648 -1820327936 -1591476224 -1362362368 359137280 587988992 
1335361536 2008547328 -1613234176 -940048384 -266862592 406323200 1079508992 1752432640 -1869348864 -1196163072 -522977280 150208512 823394304 1496580096 -2125201408 -1452015616 -778829824 -105906176 567279616 1240465408 1913651200 -1708130304 -1034944512 -361758720 311427072 984612864 1657798656 -1963982848 -1291059200 -617873408 662175744 
RESULT of PG * Gt of Matrix with size 31 X 31


8912896 8912896 8912896 8912896 8912896 9175040 9175040 9175040 9175040 9175040 9175040 9175040 9175040 9175040 9175040 9175040 9175040 9175040 9175040 9175040 9175040 9175040 9175040 9437184 9437184 9437184 9437184 9437184 9437184 9437184 9437184 
9437184 8912896 8912896 8912896 8912896 9175040 9175040 9175040 9175040 9175040 9175040 9175040 9175040 9175040 9175040 9175040 9175040 9175040 9175040 9175040 9175040 9175040 9175040 9437184 9437184 9437184 9437184 9437184 9437184 9437184 9437184 
9437184 9437184 8912896 8912896 8912896 9175040 9175040 9175040 9175040 9175040 9175040 9175040 9175040 9175040 9175040 9175040 9175040 9175040 9175040 9175040 9175040 9175040 9175040 9437184 9437184 9437184 9437184 9437184 9437184 9437184 9437184 
9437184 9437184 9437184 8912896 8912896 9175040 9175040 9175040 9175040 9175040 9175040 9175040 9175040 9175040 9175040 9175040 9175040 9175040 9175040 9175040 9175040 9175040 9175040 9437184 9437184 9437184 9437184 9437184 9437184 9437184 9437184 
9437184 9437184 9437184 9437184 8912896 9175040 9175040 9175040 9175040 9175040 9175040 9175040 9175040 9175040 9175040 9175040 9175040 9175040 9175040 9175040 9175040 9175040 9175040 9437184 9437184 9437184 9437184 9437184 9437184 9437184 9437184 
9437184 9437184 9437184 9437184 9437184 9175040 9175040 9175040 9175040 9175040 9175040 9175040 9175040 9175040 9175040 9175040 9175040 9175040 9175040 9175040 9175040 9175040 9175040 9437184 9437184 9437184 9437184 9437184 9437184 9437184 9437184 
9437184 9437184 9437184 9437184 9437184 9437184 9175040 9175040 9175040 9175040 9175040 9175040 9175040 9175040 9175040 9175040 9175040 9175040 9175040 9175040 9175040 9175040 9175040 9437184 9437184 9437184 9437184 9437184 9437184 9437184 9437184 
9437184 9437184 9437184 9437184 9437184 9437184 9437184 9175040 9175040 9175040 9175040 9175040 9175040 9175040 9175040 9175040 9175040 9175040 9175040 9175040 9175040 9175040 9175040 9437184 9437184 9437184 9437184 9437184 9437184 9437184 9437184 
9437184 9437184 9437184 9437184 9437184 9437184 9437184 9437184 9175040 9175040 9175040 9175040 9175040 9175040 9175040 9175040 9175040 9175040 9175040 9175040 9175040 9175040 9175040 9437184 9437184 9437184 9437184 9437184 9437184 9437184 9437184 
9437184 9437184 9437184 9437184 9437184 9437184 9437184 9437184 9437184 9175040 9175040 9175040 9175040 9175040 9175040 9175040 9175040 9175040 9175040 9175040 9175040 9175040 9175040 9437184 9437184 9437184 9437184 9437184 9437184 9437184 9437184 
9437184 9437184 9437184 9437184 9437184 9437184 9437184 9437184 9437184 9699328 9175040 9175040 9175040 9175040 9175040 9175040 9175040 9175040 9175040 9175040 9175040 9175040 9175040 9437184 9437184 9437184 9437184 9437184 9437184 9437184 9437184 
9437184 9437184 9437184 9437184 9437184 9437184 9437184 9437184 9437184 9699328 9699328 9175040 9175040 9175040 9175040 9175040 9175040 9175040 9175040 9175040 9175040 9175040 9175040 9437184 9437184 9437184 9437184 9437184 9437184 9437184 9437184 
9437184 9437184 9437184 9437184 9437184 9437184 9437184 9437184 9437184 9699328 9699328 9699328 9175040 9175040 9175040 9175040 9175040 9175040 9175040 9175040 9175040 9175040 9175040 9437184 9437184 9437184 9437184 9437184 9437184 9437184 9437184 
9437184 9437184 9437184 9437184 9437184 9437184 9437184 9437184 9437184 9699328 9699328 9699328 9699328 9175040 9175040 9175040 9175040 9175040 9175040 9175040 9175040 9175040 9175040 9437184 9437184 9437184 9437184 9437184 9437184 9437184 9437184 
9437184 9437184 9437184 9437184 9437184 9437184 9437184 9437184 9437184 9699328 9699328 9699328 9699328 9699328 9175040 9175040 9175040 9175040 9175040 9175040 9175040 9175040 9175040 9437184 9437184 9437184 9437184 9437184 9437184 9437184 9437184 
9437184 9437184 9437184 9437184 9437184 9437184 9437184 9437184 9437184 9699328 9699328 9699328 9699328 9699328 9699328 9175040 9175040 9175040 9175040 9175040 9175040 9175040 9175040 9437184 9437184 9437184 9437184 9437184 9437184 9437184 9437184 
9437184 9437184 9437184 9437184 9437184 9437184 9437184 9437184 9437184 9699328 9699328 9699328 9699328 9699328 9699328 9699328 9175040 9175040 9175040 9175040 9175040 9175040 9175040 9437184 9437184 9437184 9437184 9437184 9437184 9437184 9437184 
9437184 9437184 9437184 9437184 9437184 9437184 9437184 9437184 9437184 9699328 9699328 9699328 9699328 9699328 9699328 9699328 9699328 9175040 9175040 9175040 9175040 9175040 9175040 9437184 9437184 9437184 9437184 9437184 9437184 9437184 9437184 
9437184 9437184 9437184 9437184 9437184 9437184 9437184 9437184 9437184 9699328 9699328 9699328 9699328 9699328 9699328 9699328 9699328 9699328 9175040 9175040 9175040 9175040 9175040 9437184 9437184 9437184 9437184 9437184 9437184 9437184 9437184 
9437184 9437184 9437184 9437184 9437184 9437184 9437184 9437184 9437184 9699328 9699328 9699328 9699328 9699328 9699328 9699328 9699328 9699328 9699328 9175040 9175040 9175040 9175040 9437184 9437184 9437184 9437184 9437184 9437184 9437184 9437184 
9437184 9437184 9437184 9437184 9437184 9437184 9437184 9437184 9437184 9699328 9699328 9699328 9699328 9699328 9699328 9699328 9699328 9699328 9699328 9699328 9175040 9175040 9175040 9437184 9437184 9437184 9437184 9437184 9437184 9437184 9437184 
9437184 9437184 9437184 9437184 9437184 9437184 9437184 9437184 9437184 9699328 9699328 9699328 9699328 9699328 9699328 9699328 9699328 9699328 9699328 9699328 9699328 9175040 9175040 9437184 9437184 9437184 9437184 9437184 9437184 9437184 9437184 
9437184 9437184 9437184 9437184 9437184 9437184 9437184 9437184 9437184 9699328 9699328 9699328 9699328 9699328 9699328 9699328 9699328 9699328 9699328 9699328 9699328 9699328 9175040 9437184 9437184 9437184 9437184 9437184 9437184 9437184 9437184 
9437184 9437184 9437184 9437184 9437184 9437184 9437184 9437184 9437184 9699328 9699328 9699328 9699328 9699328 9699328 9699328 9699328 9699328 9699328 9699328 9699328 9699328 9699328 9437184 9437184 9437184 9437184 9437184 9437184 9437184 9437184 
9437184 9437184 9437184 9437184 9437184 9437184 9437184 9437184 9437184 9699328 9699328 9699328 9699328 9699328 9699328 9699328 9699328 9699328 9699328 9699328 9699328 9699328 9699328 9699328 9437184 9437184 9437184 9437184 9437184 9437184 9437184 
9437184 9437184 9437184 9437184 9437184 9437184 9437184 9437184 9437184 9699328 9699328 9699328 9699328 9699328 9699328 9699328 9699328 9699328 9699328 9699328 9699328 9699328 9699328 9699328 9699328 9437184 9437184 9437184 9437184 9437184 9437184 
9437184 9437184 9437184 9437184 9437184 9437184 9437184 9437184 9437184 9699328 9699328 9699328 9699328 9699328 9699328 9699328 9699328 9699328 9699328 9699328 9699328 9699328 9699328 9699328 9699328 9699328 9437184 9437184 9437184 9437184 9437184 
9437184 9437184 9437184 9437184 9437184 9437184 9437184 9437184 9437184 9699328 9699328 9699328 9699328 9699328 9699328 9699328 9699328 9699328 9699328 9699328 9699328 9699328 9699328 9699328 9699328 9699328 9961472 9437184 9437184 9437184 9437184 
9437184 9437184 9437184 9437184 9437184 9437184 9437184 9437184 9437184 9699328 9699328 9699328 9699328 9699328 9699328 9699328 9699328 9699328 9699328 9699328 9699328 9699328 9699328 9699328 9699328 9699328 9961472 9961472 9437184 9437184 9437184 
9437184 9437184 9437184 9437184 9437184 9437184 9437184 9437184 9437184 9699328 9699328 9699328 9699328 9699328 9699328 9699328 9699328 9699328 9699328 9699328 9699328 9699328 9699328 9699328 9699328 9699328 9961472 9961472 9961472 9437184 9437184 
9437184 9437184 9437184 9437184 9437184 9437184 9437184 9437184 9437184 9699328 9699328 9699328 9699328 9699328 9699328 9699328 9699328 9699328 9699328 9699328 9699328 9699328 9699328 9699328 9699328 9699328 9961472 9961472 9961472 9961472 9437184 
RESULT of Pt * G of Matrix with size 31 X 31


-1521221632 -1231814656 -942669824 -653262848 -364118016 -74711040 214433792 503840768 792985600 1082392576 1371537408 1660944384 1950351360 -2055471104 -1766064128 -1476919296 -1187512320 -898367488 -608960512 -319815680 -30408704 258736128 548143104 837287936 1126694912 1416101888 1705246720 1994653696 -2011168768 -1721761792 -1432616960 
-1200881664 -1303379968 -1013710848 -724041728 -434110464 -144441344 145227776 435159040 724828160 1014497280 1304428544 1594097664 1883766784 -2121531392 -1831600128 -1541931008 -1252261888 -962330624 -672661504 -382992384 -93061120 196608000 486277120 775946240 1065877504 1355546624 1645215744 1935147008 -2070151168 -1780482048 -1490550784 
-1259339776 -969146368 -1085538304 -795344896 -505151488 -214958080 75235328 365428736 655622144 945815552 1236008960 1526202368 1816395776 2106589184 -1898184704 -1607991296 -1317535744 -1027342336 -737148928 -446955520 -156762112 133431296 423624704 713818112 1004011520 1294204928 1584398336 1874591744 -2130182144 -1839988736 -1549795328 
-1318846464 -1028390912 -737673216 -867958784 -577241088 -286523392 4194304 294912000 585629696 876085248 1166802944 1457520640 1748238336 2038956032 -1965293568 -1674838016 -1384120320 -1093402624 -802684928 -511967232 -221249536 69206016 359923712 650641408 941359104 1232076800 1522532352 1813250048 2103967744 -1900281856 -1609564160 
-1379401728 -1088159744 -797179904 -505937920 -650117120 -358875136 -67895296 223346688 514588672 805568512 1096810496 1387790336 1679032320 1970274304 -2033713152 -1742471168 -1451491328 -1160249344 -869007360 -578027520 -286785536 4194304 295436288 586416128 877658112 1168900096 1459879936 1751121920 2042101760 -1961623552 -1670381568 
-1440743424 -1148977152 -857473024 -565968896 -274202624 -432275456 -140771328 150994944 442499072 734003200 1025769472 1317273600 1609039872 1900544000 -2102919168 -1811152896 -1519648768 -1228144640 -936378368 -644874240 -353370112 -61603840 229900288 521404416 813170688 1104674816 1396178944 1687945216 1979449344 -2023751680 -1732247552 
-1502871552 -1210843136 -918814720 -626786304 -334757888 -42729472 -214433792 77594624 369623040 661651456 953679872 1245708288 1537998848 1830027264 2122055680 -1880883200 -1588854784 -1296826368 -1004797952 -712769536 -420741120 -128450560 163577856 455606272 747634688 1039663104 1331691520 1623719936 1915748352 -2086928384 -1794899968 
-1566048256 -1273495552 -980942848 -688652288 -396099584 -103546880 189005824 3407872 295698432 588251136 880803840 1173356544 1465909248 1758461952 2051014656 -1951399936 -1658847232 -1366556672 -1074003968 -781451264 -488898560 -196345856 96206848 388759552 681312256 973602816 1266155520 1558708224 1851260928 2143813632 -1858600960 
-1630273536 -1337196544 -1044119552 -751304704 -458227712 -165412864 127664128 420741120 220987392 514064384 807141376 1099956224 1393033216 1686110208 1978925056 -2022965248 -1729888256 -1437073408 -1143996416 -850919424 -558104576 -265027584 27787264 320864256 613941248 906756096 1199833088 1492910080 1785724928 2078801920 -1923088384 
-1695285248 -1401683968 -1108344832 -815005696 -521404416 -228065280 65536000 358875136 652214272 438829056 732430336 1025769472 1319108608 1612709888 1906049024 -2095316992 -1801977856 -1508638720 -1215037440 -921698304 -628097024 -334757888 -41156608 252182528 545521664 839122944 1132462080 1426063360 1719402496 2012741632 -1988624384 
-1761083392 -1467219968 -1173356544 -879493120 -585629696 -291766272 2359296 296222720 590086144 883949568 656670720 950534144 1244397568 1538523136 1832386560 2126249984 -1874853888 -1580990464 -1287127040 -993001472 -699138048 -405274624 -111411200 182452224 476315648 770441216 1064304640 1358168064 1652031488 1945894912 -2055208960 
-1828192256 -1533804544 -1239416832 -945029120 -650641408 -356253696 -61865984 232521728 526909440 821297152 1115684864 874512384 1168900096 1463287808 1757675520 2052063232 -1948778496 -1654390784 -1360003072 -1065615360 -771227648 -476839936 -182452224 111935488 406323200 700710912 995098624 1289486336 1583874048 1878261760 -2122317824 
-1895825408 -1600913408 -1306263552 -1011351552 -716439552 -421789696 -126877696 168034304 462684160 757596160 1052508160 1347420160 1092354048 1387003904 1681915904 1976827904 -2023489536 -1728577536 -1433665536 -1139015680 -844103680 -549191680 -254279680 40370176 335282176 630194176 924844032 1219756032 1514668032 1809317888 2104229888 
-1964507136 -1669332992 -1373896704 -1078722560 -783286272 -488112128 -192937984 102498304 397672448 693108736 988282880 1283719168 1578893312 1309933568 1605369856 1900544000 -2098987008 -1803812864 -1508376576 -1213202432 -917766144 -622592000 -327155712 -31981568 263192576 558628864 853803008 1149239296 1444413440 1739849728 2035023872 
-2034237440 -1738539008 -1442840576 -1146880000 -851181568 -555483136 -259784704 36175872 331874304 627572736 923271168 1218969600 1514930176 1810628608 1527775232 1823473664 2119434240 -1879834624 -1584136192 -1288437760 -992477184 -696778752 -401080320 -105381888 190316544 486277120 781975552 1077673984 1373372416 1669332992 1965031424 
-2104754176 -1808531456 -1512308736 -1216086016 -919863296 -623640576 -327417856 -31195136 265027584 561250304 857473024 1153695744 1449918464 1746141184 2042363904 1745616896 2041839616 -1956904960 -1660682240 -1364459520 -1068236800 -772014080 -475791360 -179568640 116654080 412876800 709099520 1005322240 1301544960 1597767680 1893990400 
2118647808 -1879572480 -1582825472 -1286340608 -989593600 -692846592 -396099584 -99614720 197132288 493879296 790626304 1087111168 1383858176 1680605184 1977352192 -2021130240 1963458560 -2034761728 -1738276864 -1441529856 -1144782848 -848035840 -551550976 -254803968 41943040 338690048 635174912 931921920 1228668928 1525415936 1821900800 
2046296064 -1951662080 -1654390784 -1357381632 -1060110336 -763101184 -465829888 -168820736 128450560 425459712 722731008 1019740160 1317011456 1614020608 1911291904 -2086666240 -1789394944 -2113667072 -1816657920 -1519386624 -1222377472 -925106176 -628097024 -330825728 -33816576 263454720 560463872 857735168 1154744320 1452015616 1749024768 
1972895744 -2024538112 -1726742528 -1429209088 -1131675648 -834142208 -536346624 -238813184 58720256 356253696 654049280 951582720 1249116160 1546911744 1844445184 2141978624 -1855455232 -1557659648 -1896087552 -1598291968 -1300758528 -1003225088 -705691648 -407896064 -110362624 187170816 484966400 782499840 1080033280 1377566720 1675362304 
1898708992 -2098200576 -1800142848 -1502085120 -1204027392 -905969664 -607911936 -309854208 -11796480 286261248 584318976 882376704 1180434432 1478492160 1776549888 2074607616 -1922301952 -1624244224 -1326186496 -1678245888 -1380188160 -1082130432 -784072704 -486014976 -187957248 110100480 408158208 706215936 1004535808 1302593536 1600651264 
1823473664 2122055680 -1874591744 -1576009728 -1277427712 -978845696 -680263680 -381943808 -83361792 215220224 513802240 812384256 1110704128 1409286144 1707868160 2006450176 -1989935104 -1691615232 -1393033216 -1094451200 -1460404224 -1161822208 -863240192 -564920320 -266338304 32243712 330825728 629407744 927727616 1226309632 1524891648 
1747189760 2046296064 -1949564928 -1650720768 -1351614464 -1052770304 -753664000 -454819840 -155713536 143392768 442236928 741343232 1040187392 1339293696 1638137856 1937244160 -2058878976 -1759772672 -1460666368 -1161822208 -862715904 -1242562560 -943718400 -644612096 -345767936 -46661632 252444672 551288832 850395136 1149239296 1448345600 
1670381568 1969750016 -2025848832 -1726480384 -1426849792 -1127481344 -828112896 -528482304 -229113856 70254592 369885184 669253632 968622080 1268252672 1567621120 1866989568 -2128347136 -1828978688 -1529610240 -1229979648 -930611200 -631242752 -1024720896 -725352448 -425984000 -126353408 173015040 472383488 772014080 1071382528 1370750976 
1592262656 1892155392 -2102919168 -1803026432 -1503133696 -1202978816 -903086080 -603193344 -303300608 -3407872 296484864 596377600 896270336 1196163072 1496055808 1795948544 2096103424 -1898971136 -1599078400 -1299185664 -999292928 -699400192 -399507456 -807141376 -507248640 -207093760 92798976 392691712 692584448 992477184 1292369920 
1513357312 1813774336 2114191360 -1880358912 -1579941888 -1279787008 -979369984 -678952960 -378535936 -78118912 222298112 522715136 822870016 1123287040 1423704064 1724121088 2024538112 -1970012160 -1669595136 -1369440256 -1069023232 -768606208 -468189184 -167772160 -589299712 -288882688 11534336 311951360 612368384 912523264 1212940288 
1433665536 1734344704 2035286016 -1959002112 -1658060800 -1357119488 -1056440320 -755499008 -454557696 -153878528 147062784 447741952 748683264 1049624576 1350303744 1651245056 1952186368 -2042101760 -1741160448 -1440481280 -1139539968 -838598656 -537919488 -236978176 63963136 -371458048 -70516736 230162432 531103744 831782912 1132724224 
1352925184 1654128640 1955332096 -2038169600 -1736966144 -1435500544 -1134297088 -833093632 -531628032 -230424576 70778880 372244480 673447936 974913536 1276116992 1577320448 1878786048 -2114977792 -1813512192 -1512308736 -1211105280 -909639680 -608436224 -307232768 -5767168 295436288 -153616384 147587072 448790528 750256128 1051459584 
1271136256 1572864000 1874591744 -2118385664 -1816657920 -1514930176 -1213202432 -911474688 -609746944 -308019200 -6029312 295698432 597426176 899153920 1200881664 1502609408 1804337152 2106327040 -1886912512 -1585184768 -1283457024 -981729280 -680001536 -378273792 -76283904 225443840 527171584 63963136 365953024 667680768 969408512 
1188560896 1490812928 1793064960 2095316992 -1897398272 -1595146240 -1293156352 -990904320 -688652288 -386400256 -84148224 218103808 520355840 822607872 1124859904 1427111936 1729363968 2031616000 -1961361408 -1659109376 -1356857344 -1054605312 -752353280 -450101248 -147849216 154402816 456654848 758906880 281804800 584056832 886308864 
1104936960 1407713280 1710489600 2013003776 -1979187200 -1676410880 -1373896704 -1071120384 -768344064 -465829888 -163053568 139722752 442499072 745013248 1047789568 1350565888 1653080064 1955856384 -2036334592 -1733820416 -1431044096 -1128267776 -825753600 -522977280 -220200960 82313216 385089536 687865856 990380032 499646464 802422784 
1020526592 1323827200 1626865664 1930166272 -2061762560 -1758724096 -1455423488 -1152385024 -849084416 -546045952 -242745344 60293120 363593728 666632192 969670656 1272971264 1576009728 1879310336 -2112618496 -1809317888 -1506279424 -1203240960 -899940352 -596901888 -293601280 9437184 312737792 615776256 919076864 1222115328 717488128 
RESULT of [PG]t * G of Matrix with size 31 X 31


262144 524288 1048576 1572864 2097152 2359296 2883584 3407872 3670016 4194304 4718592 4980736 5505024 6029312 6553600 6815744 7340032 7864320 8126464 8650752 9175040 9699328 9961472 10485760 11010048 11272192 11796480 12320768 12845056 13107200 13631488 
13631488 262144 524288 1048576 1572864 2097152 2359296 2883584 3407872 3670016 4194304 4718592 5242880 5505024 6029312 6553600 6815744 7340032 7864320 8126464 8650752 9175040 9699328 9961472 10485760 11010048 11272192 11796480 12320768 12845056 13107200 
13107200 13631488 262144 524288 1048576 1572864 2097152 2359296 2883584 3407872 3670016 4194304 4718592 5242880 5505024 6029312 6553600 6815744 7340032 7864320 8388608 8650752 9175040 9699328 9961472 10485760 11010048 11534336 11796480 12320768 12845056 
12845056 13369344 13631488 262144 524288 1048576 1572864 2097152 2359296 2883584 3407872 3670016 4194304 4718592 5242880 5505024 6029312 6553600 6815744 7340032 7864320 8388608 8650752 9175040 9699328 10223616 10485760 11010048 11534336 11796480 12320768 
12320768 12845056 13369344 13631488 262144 524288 1048576 1572864 2097152 2359296 2883584 3407872 3670016 4194304 4718592 5242880 5505024 6029312 6553600 7077888 7340032 7864320 8388608 8650752 9175040 9699328 10223616 10485760 11010048 11534336 11796480 
12058624 12320768 12845056 13369344 13631488 262144 524288 1048576 1572864 2097152 2359296 2883584 3407872 3670016 4194304 4718592 5242880 5505024 6029312 6553600 7077888 7340032 7864320 8388608 8650752 9175040 9699328 10223616 10485760 11010048 11534336 
11534336 12058624 12320768 12845056 13369344 13893632 262144 524288 1048576 1572864 2097152 2359296 2883584 3407872 3932160 4194304 4718592 5242880 5505024 6029312 6553600 7077888 7340032 7864320 8388608 8912896 9175040 9699328 10223616 10485760 11010048 
11010048 11534336 12058624 12582912 12845056 13369344 13893632 262144 524288 1048576 1572864 2097152 2359296 2883584 3407872 3932160 4194304 4718592 5242880 5505024 6029312 6553600 7077888 7340032 7864320 8388608 8912896 9175040 9699328 10223616 10747904 
10747904 11010048 11534336 12058624 12582912 12845056 13369344 13893632 262144 524288 1048576 1572864 2097152 2359296 2883584 3407872 3932160 4194304 4718592 5242880 5767168 6029312 6553600 7077888 7340032 7864320 8388608 8912896 9175040 9699328 10223616 
10223616 10747904 11010048 11534336 12058624 12582912 12845056 13369344 13893632 262144 524288 1048576 1572864 2097152 2359296 2883584 3407872 3932160 4194304 4718592 5242880 5767168 6029312 6553600 7077888 7602176 7864320 8388608 8912896 9437184 9699328 
9699328 10223616 10747904 11272192 11534336 12058624 12582912 13107200 13369344 13893632 262144 524288 1048576 1572864 2097152 2359296 2883584 3407872 3932160 4194304 4718592 5242880 5767168 6029312 6553600 7077888 7602176 7864320 8388608 8912896 9437184 
9437184 9699328 10223616 10747904 11272192 11534336 12058624 12582912 13107200 13369344 13893632 262144 524288 1048576 1572864 2097152 2359296 2883584 3407872 3932160 4194304 4718592 5242880 5767168 6029312 6553600 7077888 7602176 7864320 8388608 8912896 
8912896 9437184 9699328 10223616 10747904 11272192 11796480 12058624 12582912 13107200 13631488 13893632 262144 524288 1048576 1572864 2097152 2359296 2883584 3407872 3932160 4194304 4718592 5242880 5767168 6029312 6553600 7077888 7602176 7864320 8388608 
8388608 8912896 9437184 9961472 10223616 10747904 11272192 11796480 12058624 12582912 13107200 13631488 13893632 262144 524288 1048576 1572864 2097152 2359296 2883584 3407872 3932160 4456448 4718592 5242880 5767168 6291456 6553600 7077888 7602176 8126464 
8126464 8388608 8912896 9437184 9961472 10223616 10747904 11272192 11796480 12058624 12582912 13107200 13631488 13893632 262144 524288 1048576 1572864 2097152 2359296 2883584 3407872 3932160 4456448 4718592 5242880 5767168 6291456 6553600 7077888 7602176 
7602176 8126464 8388608 8912896 9437184 9961472 10223616 10747904 11272192 11796480 12320768 12582912 13107200 13631488 14155776 262144 524288 1048576 1572864 2097152 2621440 2883584 3407872 3932160 4456448 4718592 5242880 5767168 6291456 6553600 7077888 
7077888 7602176 8126464 8650752 8912896 9437184 9961472 10485760 10747904 11272192 11796480 12320768 12582912 13107200 13631488 14155776 262144 524288 1048576 1572864 2097152 2621440 2883584 3407872 3932160 4456448 4718592 5242880 5767168 6291456 6553600 
6553600 7077888 7602176 8126464 8650752 8912896 9437184 9961472 10485760 10747904 11272192 11796480 12320768 12845056 13107200 13631488 14155776 262144 524288 1048576 1572864 2097152 2621440 2883584 3407872 3932160 4456448 4718592 5242880 5767168 6291456 
6291456 6815744 7077888 7602176 8126464 8650752 8912896 9437184 9961472 10485760 11010048 11272192 11796480 12320768 12845056 13107200 13631488 14155776 262144 524288 1048576 1572864 2097152 2621440 2883584 3407872 3932160 4456448 4718592 5242880 5767168 
5767168 6291456 6815744 7077888 7602176 8126464 8650752 8912896 9437184 9961472 10485760 11010048 11272192 11796480 12320768 12845056 13107200 13631488 14155776 262144 524288 1048576 1572864 2097152 2621440 2883584 3407872 3932160 4456448 4718592 5242880 
5242880 5767168 6291456 6815744 7077888 7602176 8126464 8650752 9175040 9437184 9961472 10485760 11010048 11272192 11796480 12320768 12845056 13369344 13631488 14155776 262144 524288 1048576 1572864 2097152 2621440 2883584 3407872 3932160 4456448 4980736 
4980736 5242880 5767168 6291456 6815744 7077888 7602176 8126464 8650752 9175040 9437184 9961472 10485760 11010048 11534336 11796480 12320768 12845056 13369344 13631488 14155776 262144 786432 1048576 1572864 2097152 2621440 2883584 3407872 3932160 4456448 
4456448 4980736 5242880 5767168 6291456 6815744 7340032 7602176 8126464 8650752 9175040 9437184 9961472 10485760 11010048 11534336 11796480 12320768 12845056 13369344 13893632 14155776 262144 786432 1048576 1572864 2097152 2621440 2883584 3407872 3932160 
3932160 4456448 4980736 5242880 5767168 6291456 6815744 7340032 7602176 8126464 8650752 9175040 9699328 9961472 10485760 11010048 11534336 12058624 12320768 12845056 13369344 13893632 14155776 262144 786432 1048576 1572864 2097152 2621440 2883584 3407872 
3407872 3932160 4456448 4980736 5242880 5767168 6291456 6815744 7340032 7602176 8126464 8650752 9175040 9699328 9961472 10485760 11010048 11534336 12058624 12320768 12845056 13369344 13893632 14417920 262144 786432 1048576 1572864 2097152 2621440 2883584 
3145728 3407872 3932160 4456448 4980736 5505024 5767168 6291456 6815744 7340032 7864320 8126464 8650752 9175040 9699328 10223616 10485760 11010048 11534336 12058624 12582912 12845056 13369344 13893632 14417920 262144 786432 1048576 1572864 2097152 2621440 
2621440 3145728 3407872 3932160 4456448 4980736 5505024 5767168 6291456 6815744 7340032 7864320 8126464 8650752 9175040 9699328 10223616 10485760 11010048 11534336 12058624 12582912 12845056 13369344 13893632 14417920 262144 786432 1048576 1572864 2097152 
2097152 2621440 3145728 3407872 3932160 4456448 4980736 5505024 5767168 6291456 6815744 7340032 7864320 8126464 8650752 9175040 9699328 10223616 10485760 11010048 11534336 12058624 12582912 13107200 13369344 13893632 14417920 262144 786432 1048576 1572864 
1572864 2097152 2621440 3145728 3407872 3932160 4456448 4980736 5505024 5767168 6291456 6815744 7340032 7864320 8388608 8650752 9175040 9699328 10223616 10747904 11010048 11534336 12058624 12582912 13107200 13369344 13893632 14417920 262144 786432 1048576 
1048576 1572864 2097152 2621440 3145728 3407872 3932160 4456448 4980736 5505024 6029312 6291456 6815744 7340032 7864320 8388608 8650752 9175040 9699328 10223616 10747904 11010048 11534336 12058624 12582912 13107200 13631488 13893632 14417920 262144 786432 
786432 1048576 1572864 2097152 2621440 3145728 3407872 3932160 4456448 4980736 5505024 6029312 6291456 6815744 7340032 7864320 8388608 8650752 9175040 9699328 10223616 10747904 11272192 11534336 12058624 12582912 13107200 13631488 13893632 14417920 262144 
RESULT of Pt * Gt of Matrix with size 31 X 31


157548544 460849152 763887616 1066926080 1370226688 1673265152 1976565760 -2015363072 -1712062464 -1409024000 -1105985536 -802684928 -499646464 -196345856 106692608 409993216 713031680 1016332288 1319370752 1622409216 1925709824 -2066219008 -1762918400 -1459879936 -1156579328 -853540864 -550502400 -247201792 55836672 359137280 662175744 
1335361536 389283840 1136656384 1884028928 -1663565824 -916193280 -168820736 578551808 1325924352 2073296896 -1474297856 -726925312 20447232 767557632 1514930176 -2032664576 -1285292032 -537919488 209453056 956825600 1704198144 -1843396608 -1096024064 -348651520 398721024 1146093568 1893466112 -1654128640 -906756096 -159383552 587988992 
816840704 2008547328 620756992 1812463616 -1291059200 -99352576 1092354048 -2011168768 -819462144 371982336 1563688960 -1539833856 -348127232 843317248 2035023872 -1068498944 123207680 1314652160 -1788608512 -597164032 594542592 1785987072 -1317273600 -125829120 1065877504 -2037645312 -845938688 345505792 1537212416 -1566310400 -374603776 
-589824000 1045954560 -1613234176 852492288 -1806696448 -170917888 1464860672 -1194328064 441450496 2077229056 -581697536 1054081024 -1605107712 30670848 1666449408 -992739328 643039232 -2016149504 -380370944 1255407616 -1403781120 231997440 1867776000 -791412736 844365824 -1814822912 -179044352 1456996352 -1202192384 433586176 2069364736 
1409810432 -805044224 1274806272 -940048384 1084227584 -1130889216 949223424 -1265631232 814219264 -1400635392 679215104 -1535639552 544473088 -1670643712 409468928 -1805647872 274464768 -1940389888 139460608 -2075394048 4456448 2084569088 -130285568 1949564928 -265289728 1814560768 -400293888 1679818752 -535298048 1544814592 -670302208 
-1773928448 750256128 -1020526592 1503920128 -266862592 1315962880 -454819840 2069364736 298582016 -1472200704 1051983872 -718798848 1805647872 34865152 -1735917568 788267008 -982515712 1541668864 -229113856 -1999896576 524550144 -1246232576 1277952000 -492830720 2031353856 260571136 -1510211584 1014235136 -756547584 1767636992 -3145728 
-1551106048 1417412608 90963968 -1235746816 1732771840 406323200 1547436032 220987392 -1105461248 1862795264 536346624 -790102016 -2116812800 851705856 -474742784 -1801453568 1167065088 -159383552 -1486094336 1482424320 155975680 -1170735104 1797783552 471334912 -855375872 2113142784 786694144 -539754496 -1866465280 1102053376 -224395264 
2078277632 1195900928 313786368 -568590336 -1450967040 1961623552 1079508992 1779171328 896794624 14417920 -867696640 -1750073344 1662517248 780140544 -102236160 -984350720 -1866727424 1545863168 663486464 -218628096 -1101004800 -1983381504 1429209088 546832384 -335282176 -1217658880 -2100035584 1312555008 430440448 -451936256 -1334312960 
524288000 86245376 -351797248 -790102016 -1228144640 -1666187264 -2104229888 1752432640 2010906624 1572601856 1134559232 696516608 258473984 -179830784 -617873408 -1055916032 -1493958656 -1932263424 1924661248 1486618624 1048576000 610533376 172228608 -265814016 -703856640 -1141899264 -1580204032 -2018246656 1838678016 1400635392 962330624 
-1918107648 -1912078336 -1905786880 -1899757568 -1893728256 -1887698944 -1881407488 -1875378176 -1869348864 -2052587520 -2046296064 -2040266752 -2034237440 -2027945984 -2021916672 -2015887360 -2009858048 -2003566592 -1997537280 -1991507968 -1985216512 -1979187200 -1973157888 -1966866432 -1960837120 -1954807808 -1948778496 -1942487040 -1936457728 -1930428416 -1924136960 
-953942016 -503578624 -53477376 396886016 847249408 1297612800 1747976192 -2096627712 -1646526464 -1196163072 -1820852224 -1370488832 -920125440 -469762048 -19660800 430702592 881065984 1331429376 1781792768 -2062811136 -1612709888 -1162346496 -711983104 -261619712 188743680 639107072 1089208320 1539571712 1989935104 -1854668800 -1404305408 
-878444544 16252928 910688256 1805123584 -1595146240 -700710912 193986560 1088421888 1982857216 -1417412608 -522977280 -1589116928 -694681600 199753728 1094451200 1988886528 -1411383296 -516947968 377487360 1272184832 -2128347136 -1233649664 -339214336 555220992 1449918464 -1950613504 -1056178176 -161480704 732954624 1627652096 -1772879872 
-1691090944 -352321536 986447872 -1969750016 -630980608 707788800 2046296064 -909901824 428867584 1767636992 -1188560896 150208512 -1357643776 -18874368 1319895040 -1636302848 -297533440 1041235968 -1914961920 -576192512 762576896 2101346304 -854851584 483917824 1822425088 -1133772800 204996608 1543766016 -1412431872 -73662464 1265106944 
902561792 -1609302016 173539328 1956642816 -555483136 1227620352 -1284505600 498597888 -2013528064 -230424576 1552416768 -959447040 823394304 -1125908480 657195008 -1854930944 -72089600 1711013888 -801112064 981991424 -1530134528 252968960 2035810304 -476053504 1306787840 -1205075968 577765376 -1934098432 -151257088 1631584256 -880279552 
-1686896640 540278784 -1527513088 699662336 -1368129536 859045888 -1208745984 1018429440 -1049362432 1177812992 -889978880 1337196544 -730595328 1496580096 -894173184 1333002240 -734789632 1492385792 -575406080 1651769344 -416022528 1811152896 -256638976 1970536448 -97255424 2129920000 62128128 -2005663744 221511680 -1846280192 380895232 
-870055936 1801453568 177733632 -1445724160 1225523200 -397934592 -2021654528 649854976 -973602816 1697644544 74186752 -1549533184 1121976320 -501743616 -2125201408 -662700032 2008809472 385351680 -1238368256 1433141248 -190578688 -1814036480 857210880 -766246912 1905000448 281542656 -1342177280 1329332224 -294125568 -1917845504 753664000 
-941621248 -2120744960 994836480 -184549376 -1363935232 1751646208 572260352 -607125504 -1786511360 1329070080 149684224 -1029701632 2085879808 906756096 -272629760 -1452015616 -430964736 -1610350592 1505230848 325844992 -853540864 -2032664576 1082916864 -96468992 -1275854848 1839726592 660340736 -519045120 -1698430976 1417150464 237764608 
-1901330432 1658322944 923271168 187957248 -547094528 -1282146304 -2017460224 1542455296 807403520 72089600 -662962176 -1398276096 -2133327872 1426587648 691273728 -43778048 -778829824 -199229440 -934543360 -1669595136 1890320384 1155006464 419954688 -315097088 -1050411008 -1785462784 1774190592 1039138816 304087040 -431226880 -1166278656 
545259520 254279680 -36700160 -327680000 -618659840 -909377536 -1200357376 -1491337216 -1782317056 -2073296896 1930690560 1639710720 1348993024 1058013184 767033344 476053504 185073664 -105906176 32505856 -258473984 -549453824 -840433664 -1131413504 -1422393344 -1713111040 -2004090880 1999896576 1708916736 1417936896 1126957056 836239360 
2103443456 -2038431744 -1885077504 -1731723264 -1578369024 -1425276928 -1271922688 -1118568448 -965476352 -812122112 -658767872 -505675776 -352321536 -198967296 -45613056 107479040 260833280 414187520 567279616 263979008 417333248 570687488 723779584 877133824 1030488064 1183580160 1336934400 1490288640 1643642880 1796734976 1950089216 
-1521745920 -924319744 -326893568 270532608 868220928 1465647104 2063073280 -1634467840 -1036779520 -439353344 158072832 755499008 1353187328 1950613504 -1746927616 -1149501440 -551813120 45613056 643039232 1240465408 495714304 1093140480 1690566656 -2006712320 -1409286144 -811859968 -214433792 383254528 980680704 1578106880 -2119434240 
-1740636160 -698875904 342884352 1384644608 -1868562432 -827064320 214695936 1256456192 -1996750848 -954990592 86507520 1128267776 -2124939264 -1083179008 -41680896 1000079360 2041839616 -1211367424 -169607168 871890944 1913651200 727449600 1768947712 -1484259328 -442499072 599261184 1641021440 -1612447744 -570687488 471072768 1512833024 
1447297024 -1361575936 124256256 1610088448 -1198784512 287047680 1772879872 -1035993088 449839104 1935671296 -873201664 612630528 2098462720 -710672384 775421952 -2033713152 -547880960 938213376 -1870921728 -385089536 1101004800 -1708130304 958922752 -1849950208 -364118016 1121714176 -1687158784 -201326592 1284505600 -1524367360 -38535168 
-548143104 1382023168 -982777856 947388416 -1417674752 512491520 -1852309504 77856768 2008023040 -356777984 1573388288 -791674880 1138491392 -1226309632 703856640 -1660944384 269221888 -2095579136 -165412864 1764491264 -600309760 1329856512 -1034944512 1190658048 -1174142976 756023296 -1608777728 321126400 -2043674624 -113508352 1816657920 
862978048 -1057751040 1316487168 -603979776 1770258432 -150208512 -2070937600 303300608 -1617166336 757071872 -1163395072 1210843136 -709885952 1664614400 -256114688 2118385664 197656576 -1723072512 651427840 -1269301248 1105199104 -815529984 1558970368 -361758720 1422393344 -498335744 1876164608 -44564480 -1965293568 409206784 -1511522304 
1385431040 -90963968 -1567358976 1251213312 -225181696 -1701576704 1116995584 -359399424 -1835794432 982777856 -493617152 -1970012160 848297984 -628097024 -2104492032 714080256 -762314752 2056257536 579862528 -896532480 1922039808 445644800 -1030750208 1787822080 311427072 1653866496 177471488 -1298923520 1519648768 43253760 -1433141248 
1019740160 -12582912 -1044905984 -2076966912 1185677312 153616384 -878706688 -1910767616 1351876608 319815680 -712507392 -1744568320 1518075904 486014976 -546308096 -1578369024 1684275200 652214272 -380108800 -1412169728 1850474496 818413568 -213909504 -1245970432 2016673792 984612864 1885601792 853540864 -178782208 -1210843136 2051801088 
-234618880 -822607872 -1410596864 -1998585856 1708392448 1120403456 532414464 -55574528 -643563520 -1231552512 -1819541504 1887436800 1299447808 711458816 123469824 -464519168 -1052508160 -1640497152 2066481152 1478492160 890503168 302514176 -285212672 -873201664 -1461190656 -2049179648 1657798656 2117337088 1529348096 941359104 353370112 
1917583360 1773928448 1630011392 1486356480 1342439424 1198784512 1055129600 911212544 767557632 623640576 479985664 336068608 192413696 48758784 -95158272 -238813184 -382730240 -526385152 -670302208 -813957120 -957612032 -1101529088 -1245184000 -1389101056 -1532755968 -1676673024 -1820327936 -1963982848 -1946157056 -2089811968 2061500416 
-1113587712 -813170688 -512491520 -212074496 88342528 388759552 689176576 989593600 1290010624 1590427648 1890844672 -2103443456 -1803026432 -1502609408 -1202192384 -901775360 -601358336 -300941312 -524288 299892736 600571904 900988928 1201405952 1501822976 1802240000 2102657024 -1891893248 -1591476224 -1291059200 -1714421760 -1414004736 
-737935360 6553600 751304704 1495793664 -2054422528 -1309671424 -565182464 179568640 924319744 1668808704 -1881407488 -1136656384 -392167424 352583680 1097334784 1841823744 -1708392448 -963641344 -219152384 525598720 1270349824 2014838784 -1535377408 -790888448 -46137344 698613760 1443102720 -2107113472 -1362362368 -617873408 -1482686464 
RESULT of [PG]t * Gt of Matrix with size 31 X 31


