0 0 0 0 0 0 0 0 0 0 0 0 0 0 0 0 0 0 0 0 0 0 0 0 0 0 0 0 0 0 0 0 0 0 
0 0 0 0 0 0 0 0 0 0 0 0 0 0 0 0 0 0 0 0 0 0 0 0 0 0 0 0 0 0 0 0 0 0 
0 0 0 0 0 0 0 0 0 0 0 0 0 0 0 0 0 0 0 0 0 0 0 0 0 0 0 0 0 0 0 0 0 0 
0 0 0 0 0 0 0 0 0 0 0 0 0 0 0 0 0 0 0 0 0 0 0 0 0 0 0 0 0 0 0 0 0 0 
0 0 0 0 0 0 0 0 0 0 0 0 0 0 0 0 0 0 0 0 0 0 0 0 0 0 0 0 0 0 0 0 0 0 
0 0 0 0 0 0 0 0 0 0 0 0 0 0 0 0 0 0 0 0 0 0 0 0 0 0 0 0 0 0 0 0 0 0 
0 0 0 0 0 0 0 0 0 0 0 0 0 0 0 0 0 0 0 0 0 0 0 0 0 0 0 0 0 0 0 0 0 0 
0 0 0 0 0 0 0 0 0 0 0 0 0 0 0 0 0 0 0 0 0 0 0 0 0 0 0 0 0 0 0 0 0 0 
0 0 0 0 0 0 0 0 0 0 0 0 0 0 0 0 0 0 0 0 0 0 0 0 0 0 0 0 0 0 0 0 0 0 
0 0 0 0 0 0 0 0 0 0 0 0 0 0 0 0 0 0 0 0 0 0 0 0 0 0 0 0 0 0 0 0 0 0 
0 0 0 0 0 0 0 0 0 0 0 0 0 0 0 0 0 0 0 0 0 0 0 0 0 0 0 0 0 0 0 0 0 0 
0 0 0 0 0 0 0 0 0 0 0 0 0 0 0 0 0 0 0 0 0 0 0 0 0 0 0 0 0 0 0 0 0 0 
0 0 0 0 0 0 0 0 0 0 0 0 0 0 0 0 0 0 0 0 0 0 0 0 0 0 0 0 0 0 0 0 0 0 
0 0 0 0 0 0 0 0 0 0 0 0 0 0 0 0 0 0 0 0 0 0 0 0 0 0 0 0 0 0 0 0 0 0 
0 0 0 0 0 0 0 0 0 0 0 0 0 0 0 0 0 0 0 0 0 0 0 0 0 0 0 0 0 0 0 0 0 0 
0 0 0 0 0 0 0 0 0 0 0 0 0 0 0 0 0 0 0 0 0 0 0 0 0 0 0 0 0 0 0 0 0 0 
0 0 0 0 0 0 0 0 0 0 0 0 0 0 0 0 0 0 0 0 0 0 0 0 0 0 0 0 0 0 0 0 0 0 
0 0 0 0 0 0 0 0 0 0 0 0 0 0 0 0 0 0 0 0 0 0 0 0 0 0 0 0 0 0 0 0 0 0 
0 0 0 0 0 0 0 0 0 0 0 0 0 0 0 0 0 0 0 0 0 0 0 0 0 0 0 0 0 0 0 0 0 0 
0 0 0 0 0 0 0 0 0 0 0 0 0 0 0 0 0 0 0 0 0 0 0 0 0 0 0 0 0 0 0 0 0 0 
0 0 0 0 0 0 0 0 0 0 0 0 0 0 0 0 0 0 0 0 0 0 0 0 0 0 0 0 0 0 0 0 0 0 
0 0 0 0 0 0 0 0 0 0 0 0 0 0 0 0 0 0 0 0 0 0 0 0 0 0 0 0 0 0 0 0 0 0 
0 0 0 0 0 0 0 0 0 0 0 0 0 0 0 0 0 0 0 0 0 0 0 0 0 0 0 0 0 0 0 0 0 0 
0 0 0 0 0 0 0 0 0 0 0 0 0 0 0 0 0 0 0 0 0 0 0 0 0 0 0 0 0 0 0 0 0 0 
0 0 0 0 0 0 0 0 0 0 0 0 0 0 0 0 0 0 0 0 0 0 0 0 0 0 0 0 0 0 0 0 0 0 
0 0 0 0 0 0 0 0 0 0 0 0 0 0 0 0 0 0 0 0 0 0 0 0 0 0 0 0 0 0 0 0 0 0 
0 0 0 0 0 0 0 0 0 0 0 0 0 0 0 0 0 0 0 0 0 0 0 0 0 0 0 0 0 0 0 0 0 0 
0 0 0 0 0 0 0 0 0 0 0 0 0 0 0 0 0 0 0 0 0 0 0 0 0 0 0 0 0 0 0 0 0 0 
0 0 0 0 0 0 0 0 0 0 0 0 0 0 0 0 0 0 0 0 0 0 0 0 0 0 0 0 0 0 0 0 0 0 
0 0 0 0 0 0 0 0 0 0 0 0 0 0 0 0 0 0 0 0 0 0 0 0 0 0 0 0 0 0 0 0 0 0 
0 0 0 0 0 0 0 0 0 0 0 0 0 0 0 0 0 0 0 0 0 0 0 0 0 0 0 0 0 0 0 0 0 0 
0 0 0 0 0 0 0 0 0 0 0 0 0 0 0 0 0 0 0 0 0 0 0 0 0 0 0 0 0 0 0 0 0 0 
0 0 0 0 0 0 0 0 0 0 0 0 0 0 0 0 0 0 0 0 0 0 0 0 0 0 0 0 0 0 0 0 0 0 
0 0 0 0 0 0 0 0 0 0 0 0 0 0 0 0 0 0 0 0 0 0 0 0 0 0 0 0 0 0 0 0 0 0 
INITIAL DATA of Matrix with size 34 X 34


262144 262144 262144 262144 262144 262144 262144 262144 262144 262144 262144 262144 262144 262144 262144 262144 262144 262144 262144 262144 262144 262144 262144 262144 262144 262144 262144 262144 262144 262144 262144 262144 262144 262144 
1048576 1048576 1048576 1048576 1048576 1048576 1048576 1048576 1048576 1048576 1048576 1048576 1048576 1048576 1048576 1048576 1048576 1048576 1048576 1048576 1048576 1048576 1048576 1048576 1048576 1048576 1048576 1048576 1048576 1048576 1048576 1048576 1048576 1048576 
1835008 1835008 1572864 1572864 1572864 1572864 1572864 1572864 1572864 1572864 1572864 1572864 1572864 1572864 1572864 1572864 1572864 1572864 1572864 1572864 1572864 1572864 1572864 1572864 1572864 1572864 1572864 1572864 1572864 1572864 1572864 1572864 1572864 1835008 
2359296 2359296 2359296 2359296 2359296 2359296 2359296 2359296 2359296 2359296 2359296 2359296 2359296 2359296 2359296 2359296 2359296 2359296 2359296 2359296 2359296 2359296 2359296 2359296 2359296 2359296 2359296 2359296 2359296 2359296 2359296 2359296 2359296 2359296 
3145728 3145728 3145728 3145728 2883584 2883584 2883584 2883584 2883584 2883584 2883584 2883584 2883584 2883584 2883584 2883584 2883584 2883584 2883584 2883584 2883584 2883584 2883584 2883584 3145728 3145728 3145728 3145728 3145728 3145728 3145728 3145728 3145728 3145728 
3670016 3670016 3670016 3670016 3670016 3670016 3670016 3670016 3670016 3670016 3670016 3670016 3670016 3670016 3670016 3670016 3670016 3670016 3670016 3670016 3670016 3670016 3670016 3670016 3670016 3670016 3670016 3670016 3670016 3670016 3670016 3670016 3670016 3670016 
4456448 4456448 4456448 4456448 4456448 4456448 4194304 4194304 4194304 4194304 4194304 4194304 4194304 4194304 4194304 4194304 4194304 4194304 4194304 4194304 4194304 4456448 4456448 4456448 4456448 4456448 4456448 4456448 4456448 4456448 4456448 4456448 4456448 4456448 
4980736 4980736 5242880 5242880 5242880 5242880 5242880 4980736 4980736 4980736 4980736 4980736 4980736 4980736 4980736 4980736 4980736 4980736 4980736 4980736 4980736 4980736 4980736 4980736 4980736 4980736 4980736 4980736 4980736 4980736 4980736 4980736 4980736 4980736 
5767168 5767168 5767168 5767168 5767168 5767168 5767168 5767168 5505024 5505024 5505024 5505024 5505024 5505024 5505024 5505024 5505024 5505024 5505024 5505024 5505024 5767168 5767168 5767168 5767168 5767168 5767168 5767168 5767168 5767168 5767168 5767168 5767168 5767168 
6553600 6553600 6553600 6553600 6553600 6553600 6553600 6553600 6553600 6291456 6291456 6291456 6291456 6291456 6291456 6291456 6291456 6291456 6291456 6291456 6291456 6291456 6291456 6291456 6291456 6291456 6291456 6291456 6291456 6291456 6291456 6291456 6291456 6553600 
7077888 7077888 7077888 7077888 7077888 7077888 7077888 7077888 7077888 7340032 6815744 6815744 6815744 6815744 6815744 6815744 6815744 6815744 6815744 6815744 6815744 6815744 7077888 7077888 7077888 7077888 7077888 7077888 7077888 7077888 7077888 7077888 7077888 7077888 
7864320 7864320 7864320 7864320 7864320 7864320 7864320 7864320 7864320 7864320 7864320 7340032 7602176 7602176 7602176 7602176 7602176 7602176 7602176 7602176 7602176 7602176 7602176 7602176 7602176 7602176 7602176 7602176 7602176 7602176 7602176 7602176 7864320 7864320 
8388608 8388608 8388608 8388608 8388608 8388608 8388608 8650752 8650752 8650752 8650752 8650752 8126464 8126464 8126464 8126464 8126464 8126464 8126464 8126464 8126464 8126464 8126464 8388608 8388608 8388608 8388608 8388608 8388608 8388608 8388608 8388608 8388608 8388608 
9175040 9175040 9175040 9175040 9175040 9175040 9175040 9175040 9175040 9175040 9175040 9175040 9175040 8650752 8650752 8912896 8912896 8912896 8912896 8912896 8912896 8912896 8912896 8912896 8912896 8912896 8912896 8912896 8912896 8912896 8912896 8912896 9175040 9175040 
9699328 9699328 9699328 9699328 9699328 9699328 9961472 9961472 9961472 9961472 9961472 9961472 9961472 9961472 9437184 9437184 9437184 9437184 9437184 9437184 9437184 9437184 9437184 9437184 9699328 9699328 9699328 9699328 9699328 9699328 9699328 9699328 9699328 9699328 
10485760 10485760 10485760 10485760 10485760 10485760 10485760 10485760 10485760 10485760 10485760 10485760 10485760 10747904 10747904 9961472 9961472 10223616 10223616 10223616 10223616 10223616 10223616 10223616 10223616 10223616 10223616 10223616 10223616 10223616 10223616 10223616 10485760 10485760 
11010048 11010048 11010048 11010048 11010048 11272192 11272192 11272192 11272192 11272192 11272192 11272192 11272192 11272192 11272192 11272192 10747904 10747904 10747904 10747904 10747904 10747904 10747904 10747904 10747904 11010048 11010048 11010048 11010048 11010048 11010048 11010048 11010048 11010048 
11796480 11796480 11796480 11796480 11796480 11796480 11796480 11796480 11796480 11796480 11796480 11796480 12058624 12058624 12058624 12058624 12058624 11272192 11272192 11272192 11534336 11534336 11534336 11534336 11534336 11534336 11534336 11534336 11534336 11534336 11534336 11534336 11534336 11796480 
12320768 12320768 12320768 12320768 12320768 12582912 12582912 12582912 12582912 12582912 12582912 12582912 12582912 12582912 12582912 12582912 12582912 12845056 12058624 12058624 12058624 12058624 12058624 12058624 12058624 12058624 12058624 12320768 12320768 12320768 12320768 12320768 12320768 12320768 
13107200 13107200 13107200 13107200 13107200 13107200 13107200 13107200 13107200 13107200 13107200 13369344 13369344 13369344 13369344 13369344 13369344 13369344 13369344 12582912 12582912 12582912 12845056 12845056 12845056 12845056 12845056 12845056 12845056 12845056 12845056 12845056 12845056 12845056 
13631488 13631488 13631488 13631488 13631488 13631488 13893632 13893632 13893632 13893632 13893632 13893632 13893632 13893632 13893632 13893632 13893632 14155776 14155776 14155776 13369344 13369344 13369344 13369344 13369344 13369344 13369344 13369344 13369344 13631488 13631488 13631488 13631488 13631488 
14155776 14417920 14417920 14417920 14417920 14417920 14417920 14417920 14417920 14417920 14417920 14680064 14680064 14680064 14680064 14680064 14680064 14680064 14680064 14680064 14680064 13893632 13893632 13893632 14155776 14155776 14155776 14155776 14155776 14155776 14155776 14155776 14155776 14155776 
14942208 14942208 14942208 14942208 14942208 14942208 15204352 15204352 15204352 15204352 15204352 15204352 15204352 15204352 15204352 15204352 15466496 15466496 15466496 15466496 15466496 15466496 14680064 14680064 14680064 14680064 14680064 14680064 14680064 14680064 14942208 14942208 14942208 14942208 
15466496 15466496 15728640 15728640 15728640 15728640 15728640 15728640 15728640 15728640 15728640 15728640 15990784 15990784 15990784 15990784 15990784 15990784 15990784 15990784 15990784 16252928 16252928 15204352 15204352 15204352 15466496 15466496 15466496 15466496 15466496 15466496 15466496 15466496 
16252928 16252928 16252928 16252928 16252928 16252928 16252928 16515072 16515072 16515072 16515072 16515072 16515072 16515072 16515072 16515072 16515072 16777216 16777216 16777216 16777216 16777216 16777216 16777216 15990784 15990784 15990784 15990784 15990784 15990784 15990784 15990784 16252928 16252928 
16777216 16777216 16777216 17039360 17039360 17039360 17039360 17039360 17039360 17039360 17039360 17039360 17301504 17301504 17301504 17301504 17301504 17301504 17301504 17301504 17301504 17563648 17563648 17563648 17563648 16515072 16515072 16515072 16515072 16777216 16777216 16777216 16777216 16777216 
17563648 17563648 17563648 17563648 17563648 17563648 17563648 17563648 17825792 17825792 17825792 17825792 17825792 17825792 17825792 17825792 17825792 18087936 18087936 18087936 18087936 18087936 18087936 18087936 18087936 18087936 17301504 17301504 17301504 17301504 17301504 17301504 17301504 17301504 
18087936 18087936 18087936 18087936 18087936 18350080 18350080 18350080 18350080 18350080 18350080 18350080 18350080 18612224 18612224 18612224 18612224 18612224 18612224 18612224 18612224 18874368 18874368 18874368 18874368 18874368 18874368 17825792 17825792 17825792 17825792 18087936 18087936 18087936 
18612224 18612224 18874368 18874368 18874368 18874368 18874368 18874368 18874368 18874368 19136512 19136512 19136512 19136512 19136512 19136512 19136512 19136512 19398656 19398656 19398656 19398656 19398656 19398656 19398656 19398656 19660800 19660800 18612224 18612224 18612224 18612224 18612224 18612224 
19398656 19398656 19398656 19398656 19398656 19398656 19660800 19660800 19660800 19660800 19660800 19660800 19660800 19660800 19922944 19922944 19922944 19922944 19922944 19922944 19922944 19922944 20185088 20185088 20185088 20185088 20185088 20185088 20185088 19136512 19136512 19136512 19136512 19398656 
19922944 19922944 19922944 19922944 20185088 20185088 20185088 20185088 20185088 20185088 20185088 20447232 20447232 20447232 20447232 20447232 20447232 20447232 20709376 20709376 20709376 20709376 20709376 20709376 20709376 20709376 20971520 20971520 20971520 20971520 19922944 19922944 19922944 19922944 
20447232 20709376 20709376 20709376 20709376 20709376 20709376 20709376 20971520 20971520 20971520 20971520 20971520 20971520 20971520 21233664 21233664 21233664 21233664 21233664 21233664 21233664 21495808 21495808 21495808 21495808 21495808 21495808 21495808 21495808 21757952 20447232 20447232 20447232 
21233664 21233664 21233664 21233664 21233664 21495808 21495808 21495808 21495808 21495808 21495808 21495808 21757952 21757952 21757952 21757952 21757952 21757952 21757952 22020096 22020096 22020096 22020096 22020096 22020096 22020096 22282240 22282240 22282240 22282240 22282240 22282240 21233664 21233664 
21757952 21757952 21757952 22020096 22020096 22020096 22020096 22020096 22020096 22020096 22282240 22282240 22282240 22282240 22282240 22282240 22282240 22544384 22544384 22544384 22544384 22544384 22544384 22806528 22806528 22806528 22806528 22806528 22806528 22806528 23068672 23068672 23068672 21757952 
RESULT of P * G of Matrix with size 34 X 34


179306496 194772992 210239488 225705984 241172480 256638976 272105472 287834112 303300608 318767104 334233600 349700096 365166592 380633088 396099584 411566080 427032576 442499072 457965568 473432064 488898560 504627200 520093696 535560192 551026688 566493184 581959680 597426176 612892672 628359168 643825664 659292160 674758656 690225152 
1462763520 201326592 239599616 277872640 316145664 354418688 392429568 430702592 468975616 507248640 545521664 583532544 621805568 660078592 698351616 736624640 774897664 812908544 851181568 889454592 927727616 966000640 1004011520 1042284544 1080557568 1118830592 1157103616 1195114496 1233387520 1271660544 1309933568 1348206592 1386479616 1424490496 
-2120744960 -2059665408 223608832 284426240 345505792 406323200 467402752 528220160 589299712 650379264 711196672 772276224 833093632 894173184 954990592 1016070144 1076887552 1137967104 1199046656 1259864064 1320943616 1381761024 1442840576 1503657984 1564737536 1625554944 1686634496 1747451904 1808531456 1869611008 1930428416 1991507968 2052325376 2113404928 
-1454637056 -1371013120 -1287389184 245628928 329252864 413138944 496762880 580386816 664272896 747896832 831520768 915144704 999030784 1082654720 1166278656 1250164736 1333788672 1417412608 1501036544 1584922624 1668546560 1752170496 1836056576 1919680512 2003304448 2086928384 -2124152832 -2040528896 -1956904960 -1873281024 -1789394944 -1705771008 -1622147072 -1538260992 
-834142208 -727711744 -621281280 -514850816 267911168 374341632 480772096 587202560 693633024 800063488 906493952 1012924416 1119354880 1225785344 1332215808 1438646272 1545076736 1651507200 1757937664 1864368128 1970798592 2077229056 -2111307776 -2004877312 -1898446848 -1792016384 -1685585920 -1579155456 -1472724992 -1366294528 -1259864064 -1153433600 -1047003136 -940572672 
-258998272 -129761280 -786432 128450560 257687552 289931264 419168256 548143104 677380096 806617088 935854080 1064828928 1194065920 1323302912 1452539904 1581514752 1710751744 1839988736 1969225728 2098200576 -2067529728 -1938292736 -1809055744 -1680080896 -1550843904 -1421606912 -1292369920 -1163132928 -1034158080 -904921088 -775684096 -646447104 -517472256 -388235264 
270532608 422576128 574357504 726401024 878182400 1029963776 311951360 463994880 615776256 767819776 919601152 1071644672 1223426048 1375469568 1527250944 1679294464 1831075840 1983119360 2134900736 -2008023040 -1856241664 -1704198144 -1552416768 -1400373248 -1248591872 -1096548352 -944766976 -792723456 -640942080 -488898560 -337117184 -185073664 -33292288 118751232 
754712576 929300480 1103888384 1278476288 1453326336 1627914240 1802502144 334233600 508821504 683409408 857997312 1032847360 1207435264 1382023168 1556611072 1731198976 1906049024 2080636928 -2039742464 -1865154560 -1690304512 -1515716608 -1341128704 -1166540800 -991690752 -817102848 -642514944 -467927040 -293339136 -118489088 56098816 230686720 405274624 580124672 
1193279488 1390673920 1588068352 1785462784 1982857216 -2114715648 -1917321216 -1719926784 356253696 553648128 751042560 948436992 1145831424 1343225856 1540620288 1738014720 1935409152 2132803584 -1964769280 -1767374848 -1569980416 -1372585984 -1175191552 -978059264 -780664832 -583270400 -385875968 -188481536 8912896 206307328 403701760 601096192 798490624 995885056 
1586495488 1806696448 2026635264 -2048131072 -1827930112 -1607991296 -1387790336 -1167589376 -947650560 378273792 598474752 818675712 1038614528 1258815488 1479016448 1699217408 1919156224 2139357184 -1935409152 -1715470336 -1495269376 -1275068416 -1055129600 -834928640 -614727680 -394526720 -174587904 45613056 265814016 485752832 705953792 926154752 1146093568 1366294528 
1934098432 -2117861376 -1875116032 -1632108544 -1389363200 -1146617856 -903610368 -660865024 -417857536 -175112192 400556032 643301376 886308864 1129054208 1372061696 1614807040 1857552384 2100559872 -1951662080 -1708654592 -1465909248 -1222901760 -980156416 -737411072 -494403584 -251658240 -8650752 234094592 477102080 719847424 962592768 1205600256 1448345600 1691353088 
-2058616832 -1793064960 -1527513088 -1261699072 -996147200 -730595328 -465043456 -199491584 66060288 331874304 597426176 422576128 688128000 953679872 1219493888 1485045760 1750597632 2016149504 -2013265920 -1747451904 -1481900032 -1216348160 -950796288 -685244416 -419692544 -153878528 111673344 377225216 642777088 908328960 1173880832 1439694848 1705246720 1970798592 
-1801715712 -1513619456 -1225261056 -936902656 -648544256 -360185856 -71827456 216530944 504889344 793247744 1081606144 1369964544 444858368 732954624 1021313024 1309671424 1598029824 1886388224 -2120220672 -1831862272 -1543503872 -1255145472 -966787072 -678428672 -390332416 -101974016 186384384 474742784 763101184 1051459584 1339817984 1628176384 1916534784 -2090074112 
-1590689792 -1279524864 -968359936 -657457152 -346292224 -35127296 275775488 586940416 898105344 1209008128 1520173056 1831337984 2142240768 466878464 778043392 1088946176 1400111104 1711013888 2022178816 -1961623552 -1650720768 -1339555840 -1028390912 -717488128 -406323200 -95158272 215744512 526909440 838074368 1148977152 1460142080 1771307008 2082209792 -1901592576 
-1424752640 -1091043328 -757071872 -423362560 -89653248 244318208 578027520 911998976 1245708288 1579417600 1913389056 -2047868928 -1714159616 -1380188160 488898560 822870016 1156579328 1490288640 1824260096 -2136997888 -1803026432 -1469317120 -1135607808 -801636352 -467927040 -134217728 199753728 533463040 867434496 1201143808 1534853120 1868824576 -2092433408 -1758461952 
-1304428544 -947912704 -591396864 -234881024 121634816 478150656 834928640 1191444480 1547960320 1904476160 -2033975296 -1677459456 -1320943616 -964427776 -607649792 511180800 867696640 1224212480 1580728320 1937244160 -2001207296 -1644691456 -1288175616 -931397632 -574881792 -218365952 138149888 494665728 851181568 1207697408 1564213248 1920991232 -2017460224 -1660944384 
-1229717504 -850395136 -471072768 -91750400 287571968 666894336 1046216704 1425276928 1804599296 -2111045632 -1731723264 -1352400896 -973078528 -594018304 -214695936 164626432 533200896 912523264 1291845632 1671168000 2050228224 -1865416704 -1486094336 -1106771968 -727449600 -348127232 31195136 410255360 789577728 1168900096 1548222464 1927544832 -1988100096 -1608777728 
-1200357376 -798228480 -396099584 5767168 407896064 809762816 1211891712 1614020608 2015887360 -1876951040 -1475084288 -1072955392 -670826496 -268959744 133169152 535035904 937164800 555220992 957349888 1359478784 1761345536 -2131492864 -1729626112 -1327497216 -925368320 -523501568 -121372672 280494080 682622976 1084489728 1486618624 1888747520 -2004353024 -1602224128 
-1216348160 -791674880 -366739456 57933824 482607104 907542528 1332215808 1756889088 -2113142784 -1688469504 -1263796224 -838860800 -414187520 10485760 435421184 860094464 1284767744 1709703168 577503232 1002176512 1426849792 1851785216 -2018508800 -1593835520 -1168900096 -744226816 -319553536 105381888 530055168 954728448 1379663872 1804337152 -2065956864 -1641021440 
-1277952000 -830472192 -382992384 64487424 511967232 959447040 1406926848 1854668800 -1992818688 -1545338880 -1097859072 -650379264 -202899456 244580352 692060160 1139539968 1587019776 2034499584 -1812987904 599523328 1047003136 1494482944 1941962752 -1905524736 -1458044928 -1010302976 -562823168 -115343360 332136448 779616256 1227096064 1674575872 2122055680 -1725431808 
-1384906752 -914620416 -444596224 25690112 495976448 966262784 1436549120 1906573312 -1918107648 -1447821312 -977534976 -507510784 -37224448 433061888 903348224 1373634560 1843658752 -1981022208 -1510735872 -1040449536 621805568 1091829760 1562116096 2032402432 -1792278528 -1321992192 -851968000 -381681664 88604672 558891008 1029177344 1499201536 1969487872 -1855193088 
-1537474560 -1044643840 -551550976 -58720256 434372608 927465472 1420296192 1913389056 -1888747520 -1395654656 -902823936 -409731072 83099648 576192512 1069023232 1562116096 2054946816 -1746927616 -1254096896 -761004032 -267911168 643825664 1136656384 1629749248 2122842112 -1679294464 -1186201600 -693370880 -200278016 292552704 785645568 1278476288 1771569152 -2030567424 
-1735393280 -1219756032 -704118784 -188481536 327417856 843055104 1358692352 1874329600 -1904738304 -1389101056 -873463808 -357564416 158072832 673710080 1189347328 1705246720 -2074083328 -1558446080 -1042808832 -526909440 -11272192 504365056 665845760 1181745152 1697382400 -2081947648 -1566310400 -1050411008 -534773760 -19136512 496500736 1012400128 1528037376 2043674624 
-1978925056 -1440481280 -902037504 -363593728 174850048 713293824 1251737600 1790181376 -1966342144 -1427898368 -889454592 -351010816 187432960 725876736 1264320512 1802764288 -1953759232 -1415315456 -876871680 -338427904 200015872 738459648 1276903424 688128000 1226571776 1765015552 -1991507968 -1453064192 -914620416 -376176640 162267136 700710912 1239154688 1777598464 
2026897408 -1706819584 -1145569280 -584318976 -23330816 537919488 1099169792 1660420096 -2073559040 -1512308736 -951058432 -389808128 171180032 732430336 1293680640 1854930944 -1879048192 -1317797888 -756547584 -195297280 365690880 926941184 1488191488 2049441792 710148096 1271398400 1832648704 -1901330432 -1340080128 -778829824 -217579520 343408640 904658944 1465909248 
1692663808 -2018508800 -1434451968 -850657280 -266600448 317194240 901251072 1485045760 2069102592 -1642070016 -1058013184 -474218496 109576192 693633024 1277427712 1861484544 -1849688064 -1265631232 -681836544 -97779712 486014976 1070071808 1653866496 -2057043968 -1473249280 732168192 1316225024 1900019712 -1810890752 -1227096064 -643039232 -59244544 524812288 1108606976 
1312817152 1919418368 -1768947712 -1162346496 -555745280 51118080 657719296 1264320512 1870921728 -1817444352 -1210580992 -603979776 2621440 609222656 1216086016 1822687232 -1865678848 -1259077632 -652476416 -45613056 560988160 1167589376 1774190592 -1914175488 -1307312128 -700710912 754450432 1361051648 1967652864 -1720713216 -1113849856 -507248640 99352576 705953792 
887357440 1516765184 2146172928 -1519386624 -889978880 -260571136 368836608 997982208 1627389952 -2038169600 -1408761856 -779354112 -149946368 479461376 1108869120 1738276864 -1927282688 -1297874944 -668467200 -39059456 590348288 1219756032 1849163776 -1816395776 -1186988032 -557580288 71827456 776470528 1405878272 2035286016 -1630273536 -1000865792 -371458048 257949696 
416546816 1068498944 1720713216 -1922039808 -1270087680 -617873408 34340864 686292992 1338507264 1990721536 -1652031488 -1000079360 -347865088 304349184 956301312 1608515584 -2034237440 -1382285312 -730071040 -77856768 574095360 1226309632 1878523904 -1764491264 -1112276992 -460062720 192151552 844103680 798752768 1450704896 2102919168 -1539833856 -887881728 -235667456 
-99876864 574881792 1249902592 1924661248 -1695285248 -1020526592 -345505792 329252864 1004011520 1679032320 -1941176320 -1266155520 -591396864 83623936 758382592 1433141248 2108162048 -1512046592 -837025792 -162267136 512753664 1187512320 1862270976 -1757675520 -1082916864 -407896064 266862592 941621248 1616642048 820772864 1495531520 -2124414976 -1449656320 -774635520 
-661651456 35913728 733478912 1431044096 2128871424 -1468530688 -770965504 -73400320 624164864 1321730048 2019557376 -1577844736 -880279552 -182714368 514850816 1212416000 1910243328 -1687158784 -989593600 -292028416 405536768 1103101952 1800667136 -1796472832 -1098907648 -401342464 296222720 993787904 1691353088 -1905786880 842792960 1540358144 -2056781824 -1359216640 
-1269039104 -548667392 171704320 892076032 1612447744 -1962147840 -1241776128 -521404416 198967296 919076864 1639448576 -1935147008 -1214775296 -494403584 225968128 946339840 1666711552 -1907884032 -1187512320 -467402752 252968960 973340672 1693712384 -1880883200 -1160511488 -440139776 280231936 1000603648 1720713216 -1853882368 -1133510656 865075200 1585446912 -1989410816 
-1921777664 -1178599424 -435421184 307494912 1050673152 1793589248 -1758199808 -1015021568 -272105472 471072768 1214251008 1957167104 -1594621952 -851443712 -108527616 634650624 1377566720 2120744960 -1431044096 -688128000 55050240 798228480 1541144576 -2010644480 -1267728384 -524550144 218628096 961544192 1704722432 -1847066624 -1104150528 -360972288 887095296 1630273536 
1675100160 -1854144512 -1088159744 -322437120 443285504 1209270272 1974992896 -1554251776 -788267008 -22544384 743178240 1509163008 -2020081664 -1254096896 -488374272 277348352 1043333120 1809055744 -1720188928 -954204160 -188481536 577503232 1343225856 2108948480 -1420034048 -654311424 111411200 877395968 1643118592 -1886126080 -1120141312 -354418688 411566080 909115392 
RESULT of P G * G of Matrix with size 34 X 34


0 0 0 0 0 0 0 0 0 0 0 0 0 262144 262144 262144 262144 262144 262144 262144 262144 262144 262144 262144 262144 262144 524288 524288 524288 524288 524288 524288 524288 524288 
1835008 0 0 0 0 262144 262144 262144 262144 262144 524288 524288 524288 524288 786432 786432 786432 786432 786432 1048576 1048576 1048576 1048576 1310720 1310720 1310720 1310720 1572864 1572864 1572864 1572864 1572864 1835008 1835008 
3145728 3145728 0 0 0 262144 262144 524288 524288 524288 786432 786432 786432 1048576 1048576 1310720 1310720 1310720 1572864 1572864 1572864 1835008 1835008 2097152 2097152 2097152 2359296 2359296 2621440 2621440 2621440 2883584 2883584 2883584 
4194304 4456448 4456448 0 0 262144 262144 524288 524288 786432 786432 1048576 1310720 1310720 1572864 1572864 1835008 1835008 2097152 2097152 2359296 2359296 2621440 2621440 2883584 2883584 3145728 3145728 3407872 3407872 3670016 3932160 3932160 4194304 
5242880 5505024 5767168 5767168 0 262144 262144 524288 786432 786432 1048576 1310720 1310720 1572864 1835008 1835008 2097152 2359296 2359296 2621440 2883584 2883584 3145728 3407872 3407872 3670016 3932160 3932160 4194304 4456448 4456448 4718592 4980736 4980736 
6291456 6553600 6815744 6815744 7077888 0 262144 524288 524288 786432 1048576 1310720 1572864 1835008 1835008 2097152 2359296 2621440 2883584 3145728 3145728 3407872 3670016 3932160 4194304 4194304 4456448 4718592 4980736 5242880 5505024 5505024 5767168 6029312 
7077888 7340032 7602176 7864320 8126464 8388608 0 262144 524288 786432 1048576 1310720 1572864 1835008 2097152 2359296 2621440 2883584 3145728 3407872 3670016 3932160 4194304 4456448 4718592 4980736 5242880 5505024 5767168 5767168 6029312 6291456 6553600 6815744 
8126464 8388608 8650752 8912896 9175040 9437184 9699328 0 262144 524288 786432 1310720 1572864 1835008 2097152 2359296 2621440 2883584 3145728 3670016 3932160 4194304 4456448 4718592 4980736 5242880 5505024 6029312 6291456 6553600 6815744 7077888 7340032 7602176 
8650752 9175040 9437184 9699328 9961472 10485760 10747904 11010048 0 262144 786432 1048576 1310720 1835008 2097152 2359296 2621440 3145728 3407872 3670016 3932160 4456448 4718592 4980736 5505024 5767168 6029312 6291456 6815744 7077888 7340032 7864320 8126464 8388608 
9437184 9699328 10223616 10485760 11010048 11272192 11534336 12058624 12320768 0 524288 786432 1310720 1572864 1835008 2359296 2621440 3145728 3407872 3932160 4194304 4456448 4980736 5242880 5767168 6029312 6291456 6815744 7077888 7602176 7864320 8388608 8650752 8912896 
9961472 10485760 10747904 11272192 11534336 12058624 12582912 12845056 13369344 13631488 0 524288 786432 1310720 1835008 2097152 2621440 2883584 3407872 3932160 4194304 4718592 4980736 5505024 5767168 6291456 6815744 7077888 7602176 7864320 8388608 8650752 9175040 9699328 
10485760 11010048 11534336 11796480 12320768 12845056 13107200 13631488 14155776 14680064 14942208 0 524288 1048576 1572864 1835008 2359296 2883584 3145728 3670016 4194304 4718592 4980736 5505024 6029312 6553600 6815744 7340032 7864320 8126464 8650752 9175040 9699328 9961472 
11010048 11534336 12058624 12320768 12845056 13369344 13893632 14417920 14942208 15466496 15990784 16252928 0 524288 1048576 1572864 2097152 2621440 3145728 3670016 3932160 4456448 4980736 5505024 6029312 6553600 7077888 7602176 8126464 8388608 8912896 9437184 9961472 10485760 
11272192 11796480 12320768 12845056 13369344 13893632 14417920 14942208 15466496 15990784 16515072 17039360 17563648 262144 786432 1310720 1835008 2359296 2883584 3407872 3932160 4456448 4980736 5505024 6029312 6553600 7077888 7602176 8126464 8650752 9175040 9699328 10223616 10747904 
11534336 12058624 12845056 13369344 13893632 14417920 14942208 15466496 16252928 16777216 17301504 17825792 18350080 18874368 262144 786432 1310720 1835008 2359296 3145728 3670016 4194304 4718592 5242880 5767168 6553600 7077888 7602176 8126464 8650752 9175040 9961472 10485760 11010048 
11796480 12320768 13107200 13631488 14155776 14942208 15466496 15990784 16777216 17301504 17825792 18350080 19136512 19660800 20185088 262144 786432 1310720 2097152 2621440 3145728 3932160 4456448 4980736 5767168 6291456 6815744 7602176 8126464 8650752 9437184 9961472 10485760 11272192 
11796480 12582912 13107200 13893632 14417920 15204352 15728640 16515072 17039360 17825792 18350080 19136512 19660800 20447232 20971520 21495808 262144 786432 1572864 2097152 2883584 3407872 4194304 4718592 5505024 6029312 6815744 7340032 8126464 8650752 9175040 9961472 10485760 11272192 
12058624 12582912 13369344 13893632 14680064 15466496 15990784 16777216 17563648 18087936 18874368 19398656 20185088 20971520 21495808 22282240 23068672 262144 786432 1572864 2359296 2883584 3670016 4456448 4980736 5767168 6291456 7077888 7864320 8388608 9175040 9961472 10485760 11272192 
11796480 12582912 13369344 14155776 14680064 15466496 16252928 17039360 17825792 18350080 19136512 19922944 20709376 21233664 22020096 22806528 23592960 24379392 262144 1048576 1572864 2359296 3145728 3932160 4718592 5242880 6029312 6815744 7602176 8126464 8912896 9699328 10485760 11272192 
11796480 12582912 13369344 14155776 14942208 15728640 16252928 17039360 17825792 18612224 19398656 20185088 20971520 21757952 22544384 23330816 24117248 24903680 25690112 262144 1048576 1835008 2621440 3407872 4194304 4980736 5505024 6291456 7077888 7864320 8650752 9437184 10223616 11010048 
11534336 12320768 13107200 13893632 14680064 15728640 16515072 17301504 18087936 18874368 19660800 20447232 21233664 22020096 22806528 23592960 24379392 25165824 26214400 27000832 262144 1048576 1835008 2621440 3407872 4194304 5242880 6029312 6815744 7602176 8388608 9175040 9961472 10747904 
11272192 12058624 13107200 13893632 14680064 15466496 16252928 17301504 18087936 18874368 19660800 20709376 21495808 22282240 23068672 23855104 24903680 25690112 26476544 27262976 28311552 262144 1048576 2097152 2883584 3670016 4456448 5505024 6291456 7077888 7864320 8650752 9699328 10485760 
11010048 11796480 12845056 13631488 14417920 15466496 16252928 17039360 18087936 18874368 19922944 20709376 21495808 22544384 23330816 24117248 25165824 25952256 27000832 27787264 28573696 29622272 262144 1310720 2097152 2883584 3932160 4718592 5767168 6553600 7340032 8388608 9175040 9961472 
10485760 11534336 12320768 13369344 14155776 15204352 15990784 17039360 17825792 18874368 19660800 20709376 21495808 22544384 23330816 24379392 25427968 26214400 27262976 28049408 29097984 29884416 30932992 262144 1310720 2097152 3145728 3932160 4980736 5767168 6815744 7864320 8650752 9699328 
9961472 11010048 12058624 12845056 13893632 14942208 15728640 16777216 17825792 18612224 19660800 20709376 21495808 22544384 23592960 24379392 25427968 26476544 27262976 28311552 29360128 30146560 31195136 32243712 262144 1310720 2359296 3145728 4194304 5242880 6029312 7077888 8126464 8912896 
9437184 10485760 11534336 12320768 13369344 14417920 15466496 16515072 17563648 18350080 19398656 20447232 21495808 22544384 23330816 24379392 25427968 26476544 27525120 28573696 29360128 30408704 31457280 32505856 33554432 262144 1310720 2359296 3407872 4456448 5505024 6291456 7340032 8388608 
8650752 9699328 10747904 11796480 12845056 13893632 14942208 15990784 17039360 18087936 19136512 20185088 21233664 22282240 23330816 24379392 25427968 26476544 27525120 28573696 29622272 30670848 31719424 32768000 33816576 34865152 524288 1572864 2621440 3407872 4456448 5505024 6553600 7602176 
8126464 9175040 10223616 11272192 12320768 13369344 14417920 15466496 16777216 17825792 18874368 19922944 20971520 22020096 23068672 24117248 25427968 26476544 27525120 28573696 29622272 30670848 31719424 32768000 34078720 35127296 36175872 524288 1572864 2621440 3670016 4718592 5767168 6815744 
7077888 8388608 9437184 10485760 11534336 12845056 13893632 14942208 16252928 17301504 18350080 19398656 20709376 21757952 22806528 23855104 25165824 26214400 27262976 28573696 29622272 30670848 31719424 33030144 34078720 35127296 36438016 37486592 524288 1572864 2621440 3932160 4980736 6029312 
6291456 7340032 8650752 9699328 11010048 12058624 13107200 14417920 15466496 16777216 17825792 19136512 20185088 21233664 22544384 23592960 24903680 25952256 27262976 28311552 29360128 30670848 31719424 33030144 34078720 35389440 36438016 37486592 38797312 524288 1572864 2883584 3932160 4980736 
5242880 6553600 7602176 8912896 9961472 11272192 12582912 13631488 14942208 15990784 17301504 18350080 19660800 20971520 22020096 23330816 24379392 25690112 27000832 28049408 29360128 30408704 31719424 32768000 34078720 35389440 36438016 37748736 38797312 40108032 524288 1572864 2883584 4194304 
4194304 5505024 6815744 7864320 9175040 10485760 11534336 12845056 14155776 15466496 16515072 17825792 19136512 20447232 21495808 22806528 24117248 25165824 26476544 27787264 29097984 30146560 31457280 32768000 34078720 35127296 36438016 37748736 38797312 40108032 41418752 524288 1835008 2883584 
3145728 4456448 5767168 6815744 8126464 9437184 10747904 12058624 13369344 14680064 15990784 17039360 18350080 19660800 20971520 22282240 23592960 24903680 26214400 27262976 28573696 29884416 31195136 32505856 33816576 35127296 36438016 37486592 38797312 40108032 41418752 42729472 524288 1835008 
1835008 3145728 4456448 5767168 7077888 8388608 9699328 11010048 12320768 13631488 14942208 16252928 17563648 18874368 20185088 21495808 23068672 24379392 25690112 27000832 28311552 29622272 30932992 32243712 33554432 34865152 36175872 37486592 38797312 40108032 41418752 42729472 44040192 524288 
RESULT of P * Gt of Matrix with size 34 X 34


272891904 674496512 1076101120 1477967872 1879572480 -2013790208 -1611923456 -1210318848 -808714240 -406847488 -5242880 396361728 798228480 1199833088 1601437696 2003042304 -1890058240 -1488453632 -1086849024 -684982272 -283377664 118226944 520093696 921698304 1323302912 1725169664 2126774272 -1766588416 -1364721664 -963117056 -561512448 -159907840 241958912 643563520 
911736832 799277056 1974206464 -1146093568 28573696 1203503104 -1916796928 -742129664 432799744 1607467008 -1512833024 -337903616 836763648 2011430912 -1108606976 66060288 1240727552 -1879310336 -704643072 470024192 1644953600 -1475346432 -300679168 874250240 2048917504 -1071120384 103546880 1278214144 -1841823744 -667156480 507510784 1682440192 -1437859840 -263192576 
-768081920 1179648000 1325924352 -1021313024 926679040 -1420558336 527171584 -1819803648 127926272 2075656192 -271319040 1676410880 -670564352 1277165568 -1070071808 877920256 -1469317120 478412800 -1868562432 79167488 2027159552 -320077824 1627652096 -719323136 1228406784 -1118830592 829161472 -1518075904 429916160 -1917321216 30408704 1978400768 -368836608 1578893312 
300941312 -1273233408 1447821312 1852309504 278396928 -1295777792 1425276928 -148897792 -1723072512 997982208 -576192512 2144862208 570687488 -1003487232 1717567488 143392768 -1430519808 1290272768 -283901952 -1857814528 862978048 -710934528 2009858048 435683328 -1138229248 1582563328 8650752 -1565523968 1155268608 -418643968 -1992818688 728236032 -845938688 1874853888 
-176160768 -977272832 -1778122752 1715732480 -1916010496 1577844736 776994816 -24117248 -824967168 -1626079232 1867776000 1066926080 265814016 -535035904 -1336147968 -2136997888 1356857344 555745280 -245104640 -1046216704 -1847066624 1646788608 845938688 44826624 -756023296 -1557135360 1936719872 1135869952 334757888 -466092032 -1267204096 -2068054016 1425801216 624689152 
2095579136 2067529728 2039742464 2011693056 1983905792 -1389625344 -1417412608 -1445462016 -1473249280 -1501298688 -1529085952 -1557135360 -1584922624 -1612972032 -1640759296 -1668808704 -1696858112 -1724645376 -1752694784 -1780482048 -1808531456 -1836318720 -1864368128 -1892155392 -1920204800 -1947992064 -1976041472 -2003828736 -2031878144 -2059927552 -2087714816 -2115764224 -2143551488 2123366400 
-1473773568 -728760320 16515072 761528320 1506803712 -2043150336 -862978048 -117964800 627310592 1372323840 2117599232 -1432354816 -687079424 57933824 803209216 1548222464 -2001469440 -1256456192 -511180800 233832448 979107840 1724121088 -1825570816 -1080557568 -335282176 409731072 1155006464 1900019712 -1649672192 -904658944 -159383552 585629696 1330905088 2075918336 
2000683008 -776208384 742129664 -2034761728 -516423680 1001652224 -1774977024 -336330752 1181745152 -1594884096 -76808192 1441529856 -1335361536 182976512 1701052416 -1075576832 442499072 1960837120 -816054272 702283776 -2074607616 -556269568 961806336 -1814822912 -296747008 1221591040 -1555300352 -36962304 1481113600 -1295515648 222560256 1740898304 -1035730944 482344960 
-366215168 1925185536 -78643200 -2082209792 209190912 -1794637824 496762880 -1507065856 190054400 -1813512192 477626368 -1525940224 765198336 -1238368256 1052770304 -950796288 1340342272 -663224320 1628176384 -375652352 1915748352 -88080384 -2091646976 199491584 -1804075008 487063552 -1516503040 774635520 -1228931072 1062469632 -941359104 1350041600 -653787136 1637613568 
15990784 -1214513152 1849688064 619184128 -611581952 -1842085888 1222377472 -8388608 -1238892544 716701696 -514064384 -1744568320 1319632896 89128960 -1141637120 1922826240 692322304 -538443776 -1768947712 1295253504 64749568 -1165754368 1898446848 667942912 -562823168 -1793327104 1270874112 40370176 -1190133760 1874067456 643563520 -587202560 -1817706496 1246494720 
-1147928576 -1605632000 -2063073280 1774452736 1316749312 859308032 401604608 -55836672 -513277952 -970981376 1243086848 785645568 327942144 -129499136 -586940416 -1044643840 -1502085120 -1959788544 1877737472 1420296192 962592768 505151488 47448064 -409993216 -867434496 -1325137920 -1782579200 2054684672 1597243392 1139802112 682098688 224657408 -233046016 -690487296 
436731904 752353280 1067974656 1383333888 1698955264 2014576640 -1965031424 -1649410048 -1334050816 -1018429440 -702808064 1769734144 2085093376 -1894252544 -1578631168 -1263271936 -947650560 -632291328 -316669952 -1048576 314310656 629932032 945553408 1260912640 1576534016 1892155392 -2087452672 -1771831296 -1456472064 -1140850688 -825229312 -509870080 -194248704 121372672 
475529216 1564213248 -1642332160 -553648128 535035904 1623457792 -1582825472 -494141440 594280448 1682964480 -1523318784 -434896896 -1998848000 -910163968 178520064 1266941952 -1939341312 -850657280 237764608 1326448640 -1879834624 -791412736 297271296 1385955328 -1820590080 -731906048 356777984 1445199872 -1761083392 -672399360 416022528 1504706560 -1701576704 -613154816 
-1032060928 829685760 -1603534848 257949696 2119696384 -313524224 1548222464 -885260288 976486400 -1456734208 404750336 -2028470272 -166723584 -1472200704 389283840 -2043936768 -182190080 1679556608 -753926144 1107820544 -1325400064 536084480 -1897136128 -35389440 1826095104 -607125504 1254621184 -1178861568 682885120 -1750335488 111411200 1972895744 -460324864 1401421824 
209453056 -1450704896 1183842304 -476315648 -2136473600 498073600 -1162084352 1472724992 -187432960 -1847853056 786956288 -873201664 1761607680 101187584 -945815552 1688993792 28835840 -1631584256 1003225088 -656932864 1977876480 317456384 -1342701568 1292107776 -368050176 -2028470272 606339072 -1053818880 1580728320 -79429632 -1739587584 895221760 -765198336 1869611008 
-95420416 -982515712 -1869611008 1537998848 650903552 -236191744 -1123287040 -2010644480 1397227520 510132224 -376963072 -1264320512 2143551488 1256456192 369360896 -419168256 -1306263552 2101346304 1214251008 327155712 -559939584 -1447297024 1960574976 1073479680 186384384 -700973056 -1588068352 1819803648 932708352 45350912 -841744384 -1728839680 1679032320 791674880 
-1946419200 -2060451840 2120482816 2006450176 1892417536 1778122752 1664090112 1550057472 1436024832 1321992192 1207697408 1093664768 979632128 865599488 751304704 637272064 107216896 -6815744 -120848384 -234881024 -349175808 -463208448 -577241088 -691273728 -805306368 -919601152 -1033633792 -1147666432 -1261699072 -1375731712 -1490026496 -1604059136 -1718091776 -1832124416 
-1048313856 -389283840 269484032 928514048 1587544064 -2048393216 -1389363200 -730595328 -71565312 587464704 1246494720 1905524736 -1730412544 -1071644672 -412614656 246415360 905445376 633864192 1292894208 1951924224 -1684275200 -1025245184 -366215168 292814848 951844864 1610612736 -2025324544 -1366294528 -707264512 -48234496 610533376 1269563392 1928593408 -1707343872 
-1696595968 -264503296 1167589376 -1695547392 -263454720 1168637952 -1694236672 -262144000 1169948672 -1692925952 -261095424 1170997248 -1691877376 -259784704 1172307968 -1690566656 -258736128 1173356544 1160249344 -1702625280 -270532608 1161560064 -1701314560 -269221888 1162608640 -1700265984 -268173312 1163919360 -1698955264 -266862592 1165230080 -1697906688 -265814016 1166278656 
403963904 -1685848064 519307264 -1570504704 634650624 -1455423488 749731840 -1340080128 865075200 -1224736768 980418560 -1109393408 1095761920 -994312192 1210843136 -878968832 1326186496 -763625472 1441529856 1686896640 -402915328 1802240000 -287571968 1917321216 -172490752 2032664576 -57147392 -2146959360 58195968 -2031616000 173539328 -1916534784 288620544 -1801191424 
958398464 -358350848 -1675100160 1303117824 -13631488 -1330380800 1647837184 330825728 -985923584 1992294400 675545088 -641204224 -1957953536 1020264448 -296484864 -1613234176 1364983808 47972352 -1268776960 1709441024 -2081685504 896532480 -420216832 -1736966144 1241251840 -75497472 -1392246784 1585971200 269221888 -1047527424 1930690560 613679104 -703070208 -2019819520 
-33292288 -576978944 -1120665600 -1664352256 2086928384 1543241728 999555072 455868416 -87818240 -631504896 -1175453696 -1719140352 2032140288 1488453632 944766976 401080320 -142606336 -686292992 -1229979648 -1773666304 1977614336 -1555038208 -2098724864 1652555776 1108869120 565182464 21495808 -522190848 -1065877504 -1609826304 2141454336 1597767680 1054081024 510394368 
1723858944 1953234944 -2112356352 -1882980352 -1653604352 -1424228352 -1194852352 -965476352 -736100352 -506724352 -277348352 -47972352 181403648 410779648 640155648 869531648 1098907648 1328021504 1557397504 1786773504 2016149504 -2049441792 -1028390912 -799014912 -569901056 -340525056 -111149056 118226944 347602944 576978944 806354944 1035730944 1265106944 1494482944 
1934884864 -1357643776 -355205120 647233536 1649672192 -1642856448 -640417792 362020864 1364459520 -1928069120 -925630464 76808192 1079246848 2081685504 -1210843136 -208404480 794034176 1796472832 -1496055808 -493617152 508821504 1511260160 -1781268480 -502005760 500432896 1502871552 -1789657088 -787218432 215220224 1217658880 -2074869760 -1072431104 -69992448 932446208 
599785472 -1919680512 -144179200 1631322112 -888143872 887357440 -1632108544 143392768 1918894080 -600571904 1174929408 -1344536576 430964736 -2088501248 -312999936 1462501376 -1056964608 718536704 -1800929280 -25427968 1750073344 -769392640 1006108672 -1513357312 24641536 1800142848 -719323136 1056178176 -1463287808 312213504 2087714816 -431751168 1343750144 -1175715840 
2013528064 267124736 -1479278592 1069285376 -677117952 1871446016 125042688 -1621360640 927203328 -819200000 1729363968 -17039360 -1763442688 785121280 -961282048 1587281920 -159121408 -1905524736 643301376 -1103101952 1445462016 -300941312 -2047344640 501219328 -1245184000 551026688 -1195376640 1353187328 -393216000 -2139619328 408944640 -1337458688 1211367424 -535035904 
1880883200 907542528 -65536000 -1038876672 -2012217344 1309409280 336068608 -637272064 -1610612736 1711013888 737673216 -235667456 -1209008128 2112618496 1139277824 166199296 -807141376 -1780482048 1541144576 567803904 -405536768 -1378877440 1942749184 969408512 -3932160 -977272832 1077673984 104333312 -869007360 -1842348032 1479278592 505937920 -467402752 -1440743424 
202375168 2097152 -198180864 -398458880 -598736896 -798752768 -999030784 -1199308800 -1399586816 -1599864832 -1800142848 -2000420864 2094268416 1893990400 1693974528 1493696512 1293418496 1093140480 892862464 692584448 492306432 292028416 91750400 -108265472 -308543488 -508821504 -709099520 1604059136 1403781120 1203503104 1003487232 803209216 602931200 402653184 
1272709120 1845493760 -1876688896 -1303904256 -731119616 -158334976 414449664 987496448 1560281088 2133065728 -1589116928 -1016332288 -443547648 129236992 702283776 1275068416 1847853056 -1874329600 -1301544960 -728760320 -155975680 417071104 989855744 1562640384 2135425024 -1586757632 -1013972992 -441188352 2130706432 -1591476224 -1018691584 -445906944 126877696 699662336 
796655616 2142502912 -806354944 539492352 1885339648 -1063780352 282066944 1627914240 -1320943616 24903680 1370750976 -1578369024 -232521728 1113325568 -1835532288 -489684992 856162304 -2092957696 -747110400 598736896 1944846336 -1004273664 341573632 1687420928 -1261699072 84148224 1430257664 -1518862336 -173015040 -1637875712 -291766272 1054081024 -1895038976 -549191680 
-1225261056 893648896 -1282408448 836501504 -1339555840 779616256 -1396441088 722468864 -1453588480 665321472 -1510473728 608436224 -1567621120 551288832 -1624768512 494403584 -1681653760 437256192 -1738801152 380108800 -1795686400 323223552 -1852833792 266076160 -1909981184 209190912 -1966866432 152043520 -2024013824 94896128 -1111228416 1007681536 -1168375808 950534144 
-498597888 -1901592576 990642176 -412352512 -1815347200 1076625408 -326369280 -1729101824 1162870784 -240123904 -1643118592 1249116160 -153878528 -1556873216 1335099392 -67895296 -1470627840 1421344768 18350080 -1384644608 1507590144 104595456 -1298399232 1593573376 190840832 -1212153856 1679818752 276824064 -1126170624 1766064128 363069440 -584843264 -1987575808 904396800 
-1318060032 -1947729920 1717305344 1087373312 457441280 -172228608 -802160640 -1432092672 -2061762560 1603272704 973340672 343408640 -286261248 -916193280 -1546125312 2118909952 1489240064 859308032 229376000 -400556032 -1030225920 -1660157952 2004877312 1374945280 745275392 115343360 -514588672 -1144520704 -1774190592 1890844672 1260912640 630980608 -58195968 -688128000 
611581952 754712576 897843200 1041235968 1184366592 1327497216 1470627840 1614020608 1757151232 1900281856 2043674624 -2108162048 -1965031424 -1821900800 -1678508032 -1535377408 -1392246784 -1248854016 -1105723392 -962592768 -819462144 -676069376 -532938752 -389808128 -246415360 -103284736 39845888 182976512 326369280 469499904 612630528 756023296 899153920 468189184 
RESULT of PG * Gt of Matrix with size 34 X 34


14417920 14417920 14417920 14417920 14417920 14417920 14417920 14417920 14417920 14680064 14680064 14680064 14680064 14680064 14680064 14680064 14680064 14680064 14680064 14680064 14680064 14680064 14680064 14942208 14942208 14942208 14942208 14942208 14942208 14942208 14942208 14942208 14942208 14942208 
14942208 14417920 14417920 14417920 14417920 14417920 14417920 14417920 14417920 14680064 14680064 14680064 14680064 14680064 14680064 14680064 14680064 14680064 14680064 14680064 14680064 14680064 14942208 14942208 14942208 14942208 14942208 14942208 14942208 14942208 14942208 14942208 14942208 14942208 
14942208 14942208 14417920 14417920 14417920 14417920 14417920 14417920 14417920 14680064 14680064 14680064 14680064 14680064 14680064 14680064 14680064 14680064 14680064 14680064 14680064 14680064 14942208 14942208 14942208 14942208 14942208 14942208 14942208 14942208 14942208 14942208 14942208 14942208 
14942208 14942208 15204352 14417920 14417920 14417920 14417920 14417920 14417920 14680064 14680064 14680064 14680064 14680064 14680064 14680064 14680064 14680064 14680064 14680064 14680064 14680064 14942208 14942208 14942208 14942208 14942208 14942208 14942208 14942208 14942208 14942208 14942208 14942208 
14942208 14942208 15204352 15204352 14417920 14417920 14417920 14417920 14417920 14680064 14680064 14680064 14680064 14680064 14680064 14680064 14680064 14680064 14680064 14680064 14680064 14680064 14942208 14942208 14942208 14942208 14942208 14942208 14942208 14942208 14942208 14942208 14942208 14942208 
14942208 14942208 15204352 15204352 15204352 14417920 14417920 14417920 14417920 14680064 14680064 14680064 14680064 14680064 14680064 14680064 14680064 14680064 14680064 14680064 14680064 14680064 14942208 14942208 14942208 14942208 14942208 14942208 14942208 14942208 14942208 14942208 14942208 14942208 
14942208 14942208 15204352 15204352 15204352 15204352 14417920 14417920 14417920 14680064 14680064 14680064 14680064 14680064 14680064 14680064 14680064 14680064 14680064 14680064 14680064 14680064 14942208 14942208 14942208 14942208 14942208 14942208 14942208 14942208 14942208 14942208 14942208 14942208 
14942208 14942208 15204352 15204352 15204352 15204352 15204352 14417920 14417920 14680064 14680064 14680064 14680064 14680064 14680064 14680064 14680064 14680064 14680064 14680064 14680064 14680064 14942208 14942208 14942208 14942208 14942208 14942208 14942208 14942208 14942208 14942208 14942208 14942208 
14942208 14942208 15204352 15204352 15204352 15204352 15204352 15204352 14417920 14680064 14680064 14680064 14680064 14680064 14680064 14680064 14680064 14680064 14680064 14680064 14680064 14680064 14942208 14942208 14942208 14942208 14942208 14942208 14942208 14942208 14942208 14942208 14942208 14942208 
14942208 14942208 15204352 15204352 15204352 15204352 15204352 15204352 15204352 14680064 14680064 14680064 14680064 14680064 14680064 14680064 14680064 14680064 14680064 14680064 14680064 14680064 14942208 14942208 14942208 14942208 14942208 14942208 14942208 14942208 14942208 14942208 14942208 14942208 
14942208 14942208 15204352 15204352 15204352 15204352 15204352 15204352 15204352 15204352 14680064 14680064 14680064 14680064 14680064 14680064 14680064 14680064 14680064 14680064 14680064 14680064 14942208 14942208 14942208 14942208 14942208 14942208 14942208 14942208 14942208 14942208 14942208 14942208 
14942208 14942208 15204352 15204352 15204352 15204352 15204352 15204352 15204352 15204352 15204352 14680064 14680064 14680064 14680064 14680064 14680064 14680064 14680064 14680064 14680064 14680064 14942208 14942208 14942208 14942208 14942208 14942208 14942208 14942208 14942208 14942208 14942208 14942208 
14942208 14942208 15204352 15204352 15204352 15204352 15204352 15204352 15204352 15204352 15204352 15204352 14680064 14680064 14680064 14680064 14680064 14680064 14680064 14680064 14680064 14680064 14942208 14942208 14942208 14942208 14942208 14942208 14942208 14942208 14942208 14942208 14942208 14942208 
14942208 14942208 15204352 15204352 15204352 15204352 15204352 15204352 15204352 15204352 15204352 15204352 15204352 14680064 14680064 14680064 14680064 14680064 14680064 14680064 14680064 14680064 14942208 14942208 14942208 14942208 14942208 14942208 14942208 14942208 14942208 14942208 14942208 14942208 
14942208 14942208 15204352 15204352 15204352 15204352 15204352 15204352 15204352 15204352 15204352 15204352 15204352 15204352 14680064 14680064 14680064 14680064 14680064 14680064 14680064 14680064 14942208 14942208 14942208 14942208 14942208 14942208 14942208 14942208 14942208 14942208 14942208 14942208 
14942208 14942208 15204352 15204352 15204352 15204352 15204352 15204352 15204352 15204352 15204352 15204352 15204352 15204352 15204352 14680064 14680064 14680064 14680064 14680064 14680064 14680064 14942208 14942208 14942208 14942208 14942208 14942208 14942208 14942208 14942208 14942208 14942208 14942208 
14942208 14942208 15204352 15204352 15204352 15204352 15204352 15204352 15204352 15204352 15204352 15204352 15204352 15204352 15204352 15466496 14680064 14680064 14680064 14680064 14680064 14680064 14942208 14942208 14942208 14942208 14942208 14942208 14942208 14942208 14942208 14942208 14942208 14942208 
14942208 14942208 15204352 15204352 15204352 15204352 15204352 15204352 15204352 15204352 15204352 15204352 15204352 15204352 15204352 15466496 15466496 14680064 14680064 14680064 14680064 14680064 14942208 14942208 14942208 14942208 14942208 14942208 14942208 14942208 14942208 14942208 14942208 14942208 
14942208 14942208 15204352 15204352 15204352 15204352 15204352 15204352 15204352 15204352 15204352 15204352 15204352 15204352 15204352 15466496 15466496 15466496 14680064 14680064 14680064 14680064 14942208 14942208 14942208 14942208 14942208 14942208 14942208 14942208 14942208 14942208 14942208 14942208 
14942208 14942208 15204352 15204352 15204352 15204352 15204352 15204352 15204352 15204352 15204352 15204352 15204352 15204352 15204352 15466496 15466496 15466496 15466496 14680064 14680064 14680064 14942208 14942208 14942208 14942208 14942208 14942208 14942208 14942208 14942208 14942208 14942208 14942208 
14942208 14942208 15204352 15204352 15204352 15204352 15204352 15204352 15204352 15204352 15204352 15204352 15204352 15204352 15204352 15466496 15466496 15466496 15466496 15466496 14680064 14680064 14942208 14942208 14942208 14942208 14942208 14942208 14942208 14942208 14942208 14942208 14942208 14942208 
14942208 14942208 15204352 15204352 15204352 15204352 15204352 15204352 15204352 15204352 15204352 15204352 15204352 15204352 15204352 15466496 15466496 15466496 15466496 15466496 15466496 14680064 14942208 14942208 14942208 14942208 14942208 14942208 14942208 14942208 14942208 14942208 14942208 14942208 
14942208 14942208 15204352 15204352 15204352 15204352 15204352 15204352 15204352 15204352 15204352 15204352 15204352 15204352 15204352 15466496 15466496 15466496 15466496 15466496 15466496 15466496 14680064 14942208 14942208 14942208 14942208 14942208 14942208 14942208 14942208 14942208 14942208 14942208 
14942208 14942208 15204352 15204352 15204352 15204352 15204352 15204352 15204352 15204352 15204352 15204352 15204352 15204352 15204352 15466496 15466496 15466496 15466496 15466496 15466496 15466496 15466496 14942208 14942208 14942208 14942208 14942208 14942208 14942208 14942208 14942208 14942208 14942208 
14942208 14942208 15204352 15204352 15204352 15204352 15204352 15204352 15204352 15204352 15204352 15204352 15204352 15204352 15204352 15466496 15466496 15466496 15466496 15466496 15466496 15466496 15466496 15466496 14942208 14942208 14942208 14942208 14942208 14942208 14942208 14942208 14942208 14942208 
14942208 14942208 15204352 15204352 15204352 15204352 15204352 15204352 15204352 15204352 15204352 15204352 15204352 15204352 15204352 15466496 15466496 15466496 15466496 15466496 15466496 15466496 15466496 15466496 15466496 14942208 14942208 14942208 14942208 14942208 14942208 14942208 14942208 14942208 
14942208 14942208 15204352 15204352 15204352 15204352 15204352 15204352 15204352 15204352 15204352 15204352 15204352 15204352 15204352 15466496 15466496 15466496 15466496 15466496 15466496 15466496 15466496 15466496 15466496 15466496 14942208 14942208 14942208 14942208 14942208 14942208 14942208 14942208 
14942208 14942208 15204352 15204352 15204352 15204352 15204352 15204352 15204352 15204352 15204352 15204352 15204352 15204352 15204352 15466496 15466496 15466496 15466496 15466496 15466496 15466496 15466496 15466496 15466496 15466496 15466496 14942208 14942208 14942208 14942208 14942208 14942208 14942208 
14942208 14942208 15204352 15204352 15204352 15204352 15204352 15204352 15204352 15204352 15204352 15204352 15204352 15204352 15204352 15466496 15466496 15466496 15466496 15466496 15466496 15466496 15466496 15466496 15466496 15466496 15466496 15466496 14942208 14942208 14942208 14942208 14942208 14942208 
14942208 14942208 15204352 15204352 15204352 15204352 15204352 15204352 15204352 15204352 15204352 15204352 15204352 15204352 15204352 15466496 15466496 15466496 15466496 15466496 15466496 15466496 15466496 15466496 15466496 15466496 15466496 15466496 15728640 14942208 14942208 14942208 14942208 14942208 
14942208 14942208 15204352 15204352 15204352 15204352 15204352 15204352 15204352 15204352 15204352 15204352 15204352 15204352 15204352 15466496 15466496 15466496 15466496 15466496 15466496 15466496 15466496 15466496 15466496 15466496 15466496 15466496 15728640 15728640 14942208 14942208 14942208 14942208 
14942208 14942208 15204352 15204352 15204352 15204352 15204352 15204352 15204352 15204352 15204352 15204352 15204352 15204352 15204352 15466496 15466496 15466496 15466496 15466496 15466496 15466496 15466496 15466496 15466496 15466496 15466496 15466496 15728640 15728640 15728640 14942208 14942208 14942208 
14942208 14942208 15204352 15204352 15204352 15204352 15204352 15204352 15204352 15204352 15204352 15204352 15204352 15204352 15204352 15466496 15466496 15466496 15466496 15466496 15466496 15466496 15466496 15466496 15466496 15466496 15466496 15466496 15728640 15728640 15728640 15728640 14942208 14942208 
14942208 14942208 15204352 15204352 15204352 15204352 15204352 15204352 15204352 15204352 15204352 15204352 15204352 15204352 15204352 15466496 15466496 15466496 15466496 15466496 15466496 15466496 15466496 15466496 15466496 15466496 15466496 15466496 15728640 15728640 15728640 15728640 15728640 14942208 
RESULT of Pt * G of Matrix with size 34 X 34


-2131755008 -1627389952 -1122762752 -618397696 -113770496 390594560 894959616 1399586816 1903951872 -1886650368 -1382023168 -877658112 -373293056 131334144 635699200 1140064256 1644691456 -2145910784 -1641545728 -1136918528 -632553472 -127926272 376438784 880803840 1385431040 1889796096 -1900806144 -1396178944 -891813888 -387448832 117178368 621543424 1125908480 1630535680 
2032140288 -1752170496 -1247019008 -741867520 -236716032 268435456 773586944 1278738432 1783889920 -2006188032 -1501036544 -995885056 -490733568 14417920 519569408 1024720896 1529872384 2035023872 -1754791936 -1249640448 -744751104 -239599616 265551872 770703360 1275854848 1781006336 -2008809472 -1503657984 -998506496 -493355008 11534336 516685824 1021837312 1526988800 
1928069120 -1861222400 -1372585984 -866648064 -360972288 144965632 650641408 1156579328 1662255104 -2126774272 -1621098496 -1115422720 -609484800 -103809024 402128896 907804672 1413742592 1919418368 -1869611008 -1363935232 -857997312 -352321536 153354240 659292160 1164967936 1670905856 -2118385664 -1612447744 -1106771968 -600834048 -95158272 410779648 916455424 1422131200 
1822687232 -1965817856 -1459355648 -992739328 -486277120 20185088 526647296 1033109504 1539571712 2046033920 -1742471168 -1236008960 -729546752 -223084544 283377664 789839872 1296302080 1802764288 -1985740800 -1479278592 -972816384 -466354176 40108032 546570240 1053032448 1559494656 2065956864 -1722548224 -1216086016 -709623808 -203161600 303300608 809762816 1316225024 
1715732480 -2071986176 -1564999680 -1057751040 -613154816 -106168320 401080320 908066816 1415315456 1922301952 -1865416704 -1358168064 -851181568 -343932928 163053568 670302208 1177288704 1684537344 -2103443456 -1596194816 -1088946176 -581959680 -74711040 432275456 939524096 1446510592 1953759232 -1834221568 -1326972928 -819724288 -312737792 194510848 701497344 1208745984 
1607729152 2115502080 -1671692288 -1163919360 -656146432 -233570304 274202624 781975552 1289748480 1797521408 -1989672960 -1481900032 -973864960 -466092032 41680896 549453824 1057226752 1564999680 2072772608 -1714421760 -1206648832 -698613760 -190840832 316932096 824705024 1332477952 1840250880 -1946943488 -1439170560 -931397632 -423624704 84410368 592183296 1099956224 
1498152960 2006712320 -1779695616 -1271398400 -762839040 -254279680 146014208 654573568 1162870784 1671430144 -2114977792 -1606680576 -1098121216 -589561856 -81264640 427294720 935591936 1444151296 1952710656 -1833959424 -1325400064 -816840704 -308543488 200015872 708575232 1216872448 1725431808 -2060976128 -1552678912 -1044119552 -535560192 -27262976 481296384 989855744 
1387528192 1896611840 -1889271808 -1380188160 -870842368 -361758720 147324928 525598720 1034682368 1543766016 2053111808 -1732771840 -1223688192 -714604544 -205258752 303824896 812908544 1321992192 1831075840 -1954545664 -1445462016 -936378368 -427294720 81788928 591134720 1100218368 1609302016 2118385664 -1667497984 -1158152192 -649068544 -139984896 369098752 878444544 
1275330560 1785200640 -2000158720 -1490288640 -980418560 -470548480 39321600 548929536 905183232 1415053312 1924923392 -1860435968 -1350565888 -840695808 -330825728 178782208 688652288 1198522368 1708392448 -2076704768 -1567096832 -1057226752 -547356672 -37486592 472121344 981991424 1491861504 2001731584 -1783627776 -1273757696 -763887616 -254017536 255590400 765460480 
1161822208 1672216576 -2112094208 -1601699840 -1091305472 -580648960 -70254592 440139776 950796288 1284767744 1795424256 -1989148672 -1478754304 -968097792 -457703424 52690944 563085312 1073741824 1584136192 2094530560 -1689780224 -1179385856 -668991488 -158334976 352059392 862453760 1373110272 1883504640 -1901068288 -1390411776 -880017408 -369623040 140771328 651427840 
1047003136 1558183936 2069364736 -1714421760 -1203240960 -692322304 -181141504 330039296 841220096 1352400896 1664352256 -2119434240 -1608253440 -1097072640 -585891840 -74711040 436469760 947388416 1458569216 1969750016 -1814036480 -1302855680 -791674880 -280494080 230686720 741605376 1252786176 1763966976 -2019819520 -1508638720 -997457920 -486277120 24641536 535822336 
930873344 1442578432 1954545664 -1828716544 -1316749312 -805044224 -293076992 218628096 730333184 1242300416 1754005504 2044198912 -1739063296 -1227358208 -715390976 -203685888 308281344 819986432 1331691520 1843658752 -1939603456 -1427636224 -915931136 -403963904 107741184 619446272 1131413504 1643118592 -2139881472 -1628176384 -1116471296 -604504064 -92798976 419168256 
813432832 1325924352 1838415872 -1944059904 -1431568384 -919076864 -406585344 105906176 618397696 1130889216 1643380736 -2139095040 -1871183872 -1358692352 -846200832 -333709312 178782208 691273728 1203503104 1715994624 -2066481152 -1553989632 -1041498112 -529006592 -16515072 495976448 1008467968 1520959488 2033451008 -1749024768 -1236533248 -724041728 -211550208 300941312 
694681600 1207697408 1720975360 -2060976128 -1547698176 -1034682368 -521404416 -8388608 504889344 1017905152 1531183104 2044198912 -1737490432 -1491599360 -978583552 -465305600 47710208 560988160 1074003968 1587281920 2100297728 -1681391616 -1168375808 -655097856 -142082048 371195904 884473856 1397489664 1910767616 -1871183872 -1357905920 -844890112 -331612160 181403648 
574357504 1088159744 1601961984 2115764224 -1665138688 -1151336448 -637534208 -123731968 390070272 903872512 1417674752 1931476992 -1849688064 -1335885824 -1112014848 -598212608 -84410368 429391872 943194112 1456996352 1970798592 -1810366464 -1296564224 -782499840 -268697600 245104640 758906880 1272709120 1786511360 -1994653696 -1480851456 -967049216 -453246976 60555264 
452984832 967311360 1481900032 1996488704 -1784152064 -1269563392 -754974720 -240648192 273940480 788267008 1302855680 1817444352 -1963196416 -1448607744 -934281216 -732430336 -217841664 296484864 811073536 1325662208 1839988736 -1940389888 -1426063360 -911474688 -396886016 117440512 632029184 1146355712 1660944384 -2119434240 -1605107712 -1090519040 -575930368 -61603840 
330039296 845152256 1360527360 1875640320 -1904214016 -1389101056 -873988096 -358875136 156499968 671612928 1186725888 1701838848 -2078015488 -1562902528 -1047527424 -532414464 -352845824 162267136 677642240 1192755200 1707868160 -2071986176 -1556873216 -1041760256 -526385152 -11272192 503840768 1018953728 1534066688 2049179648 -1730412544 -1215299584 -700186624 -185073664 
206045184 721682432 1237581824 1753481216 -2025848832 -1509949440 -994050048 -478150656 37486592 553385984 1069285376 1585184768 2100822016 -1678245888 -1162346496 -646709248 -130809856 26738688 542638080 1058537472 1574174720 2090074112 -1688993792 -1173094400 -657457152 -141557760 374341632 890241024 1405878272 1921777664 -1857290240 -1341652992 -825753600 -309854208 
80478208 596901888 1113325568 1630011392 2146435072 -1632108544 -1115684864 -598999040 -82575360 433848320 950534144 1466957824 1983381504 -1795162112 -1278476288 -762052608 -245628928 270794752 406323200 923009024 1439432704 1955856384 -1822425088 -1306001408 -789577728 -273154048 243531776 759955456 1276379136 1792802816 -1985478656 -1469054976 -952631296 -435945472 
-46399488 470810624 988020736 1504968704 2022178816 -1755578368 -1238368256 -721158144 -203948032 312999936 830210048 1347420160 1864630272 -1913126912 -1396178944 -878968832 -361758720 155451392 672661504 786169856 1303117824 1820327936 -1957429248 -1440219136 -923009024 -405798912 111149056 628359168 1145569280 1662779392 -2114977792 -1598029824 -1080819712 -563609600 
-174587904 343146496 861143040 1378877440 1896611840 -1880358912 -1362624512 -844627968 -326893568 190840832 708837376 1226571776 1744306176 -2032664576 -1514930176 -996933632 -479199232 38535168 556531712 1074266112 1165754368 1683488768 -2093744128 -1575747584 -1058013184 -540016640 -22282240 495452160 1013448704 1531183104 2048917504 -1728053248 -1210318848 -692322304 
-304087040 214433792 732954624 1251475456 1769996288 -2006712320 -1488191488 -969670656 -451149824 67371008 585891840 1104412672 1622933504 2141454336 -1634992128 -1116471296 -597950464 -79429632 439091200 957349888 1475870720 1545338880 2063859712 -1712586752 -1194065920 -675545088 -157286400 361234432 879755264 1398276096 1916796928 -1859649536 -1341128704 -822607872 
-434896896 84148224 603455488 1122500608 1641807872 -2134114304 -1614807040 -1095761920 -576716800 -57409536 461635584 980942848 1499987968 2019295232 -1756626944 -1237319680 -718274560 -198967296 320077824 839385088 1358430208 1877737472 1924923392 -1850998784 -1331691520 -812646400 -293339136 225705984 745013248 1264058368 1783365632 -1992556544 -1473249280 -954204160 
-567279616 -47448064 472383488 992215040 1512308736 2032140288 -1742995456 -1223163904 -703332352 -183500800 336330752 856162304 1375993856 1895825408 -1879310336 -1359478784 -839647232 -319815680 200015872 719847424 1239678976 1759510528 -2015625216 -1990459392 -1470627840 -950796288 -430964736 88866816 608698368 1128529920 1648361472 -2126774272 -1606942720 -1087111168 
-700710912 -180092928 340262912 860880896 1381236736 1901854720 -1872756736 -1352138752 -831520768 -311164928 209453056 729808896 1250426880 1771044864 -2003566592 -1482948608 -962592768 -441974784 78381056 598999040 1119617024 1639972864 -2134376448 -1614020608 -1610874880 -1090256896 -569901056 -49283072 471334912 991690752 1512308736 2032664576 -1741684736 -1221328896 
-835452928 -314310656 206831616 727973888 1249116160 1770258432 -2003566592 -1482424320 -961019904 -439877632 81264640 602406912 1123549184 1644691456 -2129133568 -1607991296 -1086586880 -565444608 -44302336 476839936 997982208 1519124480 2040266752 -1733558272 -1212153856 -1231290368 -710148096 -188743680 332398592 853540864 1374683136 1895825408 -1877999616 -1356857344 
-971767808 -449839104 71827456 593756160 1115684864 1637351424 -2135687168 -1613758464 -1092091904 -570163200 -48234496 473432064 995360768 1517289472 2038956032 -1734082560 -1212153856 -690487296 -168558592 353370112 875298816 1396965376 1918894080 -1854144512 -1332477952 -810549248 -851705856 -329777152 192151552 714080256 1235746816 1757675520 -2015363072 -1493696512 
-1109393408 -586940416 -64225280 458227712 980680704 1503133696 2025848832 -1746665472 -1224212480 -701759488 -179044352 343408640 865861632 1388314624 1910767616 -1861484544 -1339031552 -816578560 -294125568 228589568 751042560 1273495552 1795948544 -1976303616 -1453850624 -931397632 -408944640 -471859200 50593792 573046784 1095499776 1618214912 2140667904 -1631846400 
-1248329728 -725090304 -201850880 321388544 844627968 1367605248 1890844672 -1880883200 -1357643776 -834666496 -311427072 211812352 735051776 1258291200 1781268480 -1990459392 -1467219968 -943980544 -420741120 102236160 625475584 1148715008 1671954432 -2100035584 -1576796160 -1053556736 -530317312 -7077888 -92274688 430964736 953942016 1477181440 2000420864 -1771307008 
-1388314624 -864550912 -340787200 183238656 707002368 1230766080 1754791936 -2016411648 -1492647936 -968622080 -444858368 78905344 602931200 1126694912 1650458624 -2120482816 -1596719104 -1072955392 -548929536 -25165824 498597888 1022623744 1546387456 2070151168 -1700790272 -1177026560 -653262848 -129236992 394526720 287309824 811073536 1335099392 1858863104 -1912340480 
-1529872384 -1005584384 -481034240 43515904 568066048 1092616192 1617166336 2141716480 -1628700672 -1104412672 -579862528 -55312384 469237760 993787904 1518338048 2042888192 -1727528960 -1202978816 -678690816 -154140672 370409472 894959616 1419509760 1944059904 -1826357248 -1301807104 -777256960 -252968960 271581184 796131328 666894336 1191444480 1715994624 -2054422528 
-1673003008 -1147666432 -622592000 -97255424 427819008 953155584 1478230016 2003304448 -1766326272 -1241251840 -715915264 -190840832 334495744 859570176 1384906752 1909981184 -1859911680 -1334575104 -809500672 -284164096 240910336 766246912 1291321344 1816395776 -1953234944 -1428160512 -902823936 -377749504 147587072 672661504 1197998080 1046478848 1571815424 2096889856 
-1817182208 -1291321344 -765460480 -239599616 286261248 812122112 1337982976 1863843840 -1905262592 -1379401728 -853540864 -327680000 198180864 724041728 1249902592 1775763456 -1993342976 -1467482112 -941621248 -415760384 110100480 635961344 1161822208 1687683072 -2081423360 -1555562496 -1029701632 -503840768 22020096 547880960 1073741824 1599602688 1426063360 1951924224 
-1962672128 -1436286976 -909639680 -382992384 143392768 670040064 1196425216 1723072512 -2045509632 -1518862336 -992477184 -465829888 60555264 587202560 1113587712 1640235008 -2128084992 -1601699840 -1075052544 -548667392 -22020096 504365056 1031012352 1557397504 2084044800 -1684537344 -1157890048 -631504896 -104857600 421789696 948174848 1474822144 2001207296 1805647872 
RESULT of [PG]t * G of Matrix with size 34 X 34


262144 1048576 1572864 2359296 2883584 3670016 4194304 4980736 5505024 6291456 6815744 7340032 8126464 8650752 9437184 9961472 10747904 11272192 12058624 12582912 13369344 13893632 14680064 15204352 15990784 16515072 17301504 17825792 18612224 19136512 19922944 20447232 21233664 21757952 
21757952 262144 1048576 1572864 2359296 2883584 3670016 4194304 4980736 5505024 6291456 6815744 7602176 8126464 8650752 9437184 9961472 10747904 11272192 12058624 12582912 13369344 13893632 14680064 15204352 15990784 16515072 17301504 17825792 18612224 19136512 19922944 20447232 21233664 
21233664 21757952 262144 1048576 1572864 2359296 2883584 3670016 4194304 4980736 5505024 6291456 6815744 7602176 8126464 8912896 9437184 10223616 10747904 11272192 12058624 12582912 13369344 13893632 14680064 15204352 15990784 16515072 17301504 17825792 18612224 19136512 19922944 20447232 
20447232 21233664 21757952 262144 1048576 1572864 2359296 2883584 3670016 4194304 4980736 5505024 6291456 6815744 7602176 8126464 8912896 9437184 10223616 10747904 11534336 12058624 12845056 13369344 14155776 14680064 15466496 15990784 16515072 17301504 17825792 18612224 19136512 19922944 
19922944 20709376 21233664 22020096 262144 1048576 1572864 2359296 2883584 3670016 4194304 4980736 5505024 6291456 6815744 7602176 8126464 8912896 9437184 10223616 10747904 11534336 12058624 12845056 13369344 14155776 14680064 15466496 15990784 16777216 17301504 18087936 18612224 19398656 
19398656 19922944 20709376 21233664 22020096 262144 1048576 1572864 2359296 2883584 3670016 4194304 4980736 5505024 6291456 6815744 7602176 8126464 8912896 9437184 10223616 10747904 11534336 12058624 12845056 13369344 14155776 14680064 15466496 15990784 16777216 17301504 18087936 18612224 
18612224 19398656 19922944 20709376 21233664 22020096 262144 1048576 1572864 2359296 2883584 3670016 4194304 4980736 5505024 6291456 6815744 7602176 8126464 8912896 9437184 10223616 10747904 11534336 12058624 12845056 13369344 14155776 14680064 15466496 15990784 16777216 17301504 18087936 
18087936 18612224 19398656 19922944 20709376 21495808 22020096 262144 1048576 1572864 2359296 2883584 3670016 4194304 4980736 5505024 6291456 6815744 7602176 8126464 8912896 9437184 10223616 10747904 11534336 12058624 12845056 13369344 14155776 14680064 15466496 15990784 16777216 17301504 
17563648 18087936 18874368 19398656 20185088 20709376 21495808 22020096 262144 1048576 1572864 2359296 2883584 3670016 4194304 4980736 5505024 6291456 6815744 7602176 8126464 8912896 9437184 10223616 10747904 11534336 12058624 12845056 13369344 14155776 14942208 15466496 16252928 16777216 
16777216 17563648 18087936 18874368 19398656 20185088 20709376 21495808 22020096 262144 1048576 1572864 2359296 2883584 3670016 4194304 4980736 5505024 6291456 6815744 7602176 8126464 8912896 9437184 10223616 11010048 11534336 12320768 12845056 13631488 14155776 14942208 15466496 16252928 
16252928 16777216 17563648 18087936 18874368 19398656 20185088 20709376 21495808 22020096 262144 1048576 1572864 2359296 2883584 3670016 4194304 4980736 5505024 6291456 6815744 7602176 8126464 8912896 9699328 10223616 11010048 11534336 12320768 12845056 13631488 14155776 14942208 15466496 
15466496 16252928 16777216 17563648 18087936 18874368 19660800 20185088 20971520 21495808 22282240 262144 1048576 1572864 2359296 2883584 3670016 4194304 4980736 5505024 6291456 6815744 7602176 8388608 8912896 9699328 10223616 11010048 11534336 12320768 12845056 13631488 14155776 14942208 
14942208 15466496 16252928 17039360 17563648 18350080 18874368 19660800 20185088 20971520 21495808 22282240 262144 1048576 1572864 2359296 2883584 3670016 4194304 4980736 5505024 6291456 7077888 7602176 8388608 8912896 9699328 10223616 11010048 11534336 12320768 12845056 13631488 14155776 
14155776 14942208 15728640 16252928 17039360 17563648 18350080 18874368 19660800 20185088 20971520 21495808 22282240 262144 1048576 1572864 2359296 2883584 3670016 4194304 4980736 5767168 6291456 7077888 7602176 8388608 8912896 9699328 10223616 11010048 11534336 12320768 12845056 13631488 
13631488 14417920 14942208 15728640 16252928 17039360 17563648 18350080 18874368 19660800 20185088 20971520 21757952 22282240 262144 1048576 1572864 2359296 2883584 3670016 4194304 4980736 5767168 6291456 7077888 7602176 8388608 8912896 9699328 10223616 11010048 11534336 12320768 12845056 
13107200 13631488 14417920 14942208 15728640 16252928 17039360 17563648 18350080 18874368 19660800 20447232 20971520 21757952 22282240 262144 1048576 1572864 2359296 2883584 3670016 4456448 4980736 5767168 6291456 7077888 7602176 8388608 8912896 9699328 10223616 11010048 11534336 12320768 
12320768 13107200 13631488 14417920 14942208 15728640 16252928 17039360 17825792 18350080 19136512 19660800 20447232 20971520 21757952 22282240 262144 1048576 1572864 2359296 2883584 3670016 4456448 4980736 5767168 6291456 7077888 7602176 8388608 8912896 9699328 10223616 11010048 11796480 
11796480 12320768 13107200 13631488 14417920 14942208 15728640 16515072 17039360 17825792 18350080 19136512 19660800 20447232 20971520 21757952 22282240 262144 1048576 1572864 2359296 2883584 3670016 4456448 4980736 5767168 6291456 7077888 7602176 8388608 8912896 9699328 10485760 11010048 
11010048 11796480 12320768 13107200 13631488 14417920 15204352 15728640 16515072 17039360 17825792 18350080 19136512 19660800 20447232 21233664 21757952 22544384 262144 1048576 1572864 2359296 2883584 3670016 4456448 4980736 5767168 6291456 7077888 7602176 8388608 8912896 9699328 10485760 
10485760 11010048 11796480 12320768 13107200 13631488 14417920 15204352 15728640 16515072 17039360 17825792 18350080 19136512 19922944 20447232 21233664 21757952 22544384 262144 1048576 1572864 2359296 2883584 3670016 4456448 4980736 5767168 6291456 7077888 7602176 8388608 9175040 9699328 
9699328 10485760 11010048 11796480 12320768 13107200 13893632 14417920 15204352 15728640 16515072 17039360 17825792 18612224 19136512 19922944 20447232 21233664 21757952 22544384 262144 1048576 1572864 2359296 3145728 3670016 4456448 4980736 5767168 6291456 7077888 7602176 8388608 9175040 
9175040 9699328 10485760 11010048 11796480 12582912 13107200 13893632 14417920 15204352 15728640 16515072 17301504 17825792 18612224 19136512 19922944 20447232 21233664 22020096 22544384 262144 1048576 1572864 2359296 3145728 3670016 4456448 4980736 5767168 6291456 7077888 7864320 8388608 
8388608 9175040 9699328 10485760 11010048 11796480 12582912 13107200 13893632 14417920 15204352 15728640 16515072 17301504 17825792 18612224 19136512 19922944 20709376 21233664 22020096 22544384 262144 1048576 1572864 2359296 3145728 3670016 4456448 4980736 5767168 6291456 7077888 7864320 
7864320 8388608 9175040 9699328 10485760 11272192 11796480 12582912 13107200 13893632 14417920 15204352 15990784 16515072 17301504 17825792 18612224 19136512 19922944 20709376 21233664 22020096 22544384 262144 1048576 1572864 2359296 3145728 3670016 4456448 4980736 5767168 6291456 7077888 
7077888 7864320 8388608 9175040 9699328 10485760 11272192 11796480 12582912 13107200 13893632 14680064 15204352 15990784 16515072 17301504 17825792 18612224 19398656 19922944 20709376 21233664 22020096 22806528 262144 1048576 1572864 2359296 3145728 3670016 4456448 4980736 5767168 6553600 
6553600 7077888 7864320 8388608 9175040 9699328 10485760 11272192 11796480 12582912 13107200 13893632 14680064 15204352 15990784 16515072 17301504 18087936 18612224 19398656 19922944 20709376 21495808 22020096 22806528 262144 1048576 1572864 2359296 3145728 3670016 4456448 4980736 5767168 
5767168 6553600 7077888 7864320 8388608 9175040 9961472 10485760 11272192 11796480 12582912 13369344 13893632 14680064 15204352 15990784 16515072 17301504 18087936 18612224 19398656 19922944 20709376 21495808 22020096 22806528 262144 1048576 1572864 2359296 3145728 3670016 4456448 4980736 
4980736 5767168 6553600 7077888 7864320 8388608 9175040 9961472 10485760 11272192 11796480 12582912 13369344 13893632 14680064 15204352 15990784 16777216 17301504 18087936 18612224 19398656 20185088 20709376 21495808 22020096 22806528 262144 1048576 1572864 2359296 3145728 3670016 4456448 
4456448 4980736 5767168 6553600 7077888 7864320 8388608 9175040 9961472 10485760 11272192 11796480 12582912 13369344 13893632 14680064 15466496 15990784 16777216 17301504 18087936 18874368 19398656 20185088 20709376 21495808 22282240 22806528 262144 1048576 1572864 2359296 3145728 3670016 
3670016 4456448 5242880 5767168 6553600 7077888 7864320 8650752 9175040 9961472 10485760 11272192 12058624 12582912 13369344 13893632 14680064 15466496 15990784 16777216 17301504 18087936 18874368 19398656 20185088 20709376 21495808 22282240 22806528 262144 1048576 1572864 2359296 3145728 
3145728 3670016 4456448 5242880 5767168 6553600 7077888 7864320 8650752 9175040 9961472 10485760 11272192 12058624 12582912 13369344 13893632 14680064 15466496 15990784 16777216 17563648 18087936 18874368 19398656 20185088 20971520 21495808 22282240 22806528 262144 1048576 1572864 2359296 
2359296 3145728 3670016 4456448 5242880 5767168 6553600 7077888 7864320 8650752 9175040 9961472 10485760 11272192 12058624 12582912 13369344 14155776 14680064 15466496 15990784 16777216 17563648 18087936 18874368 19398656 20185088 20971520 21495808 22282240 23068672 262144 1048576 1835008 
1835008 2359296 3145728 3670016 4456448 5242880 5767168 6553600 7077888 7864320 8650752 9175040 9961472 10747904 11272192 12058624 12582912 13369344 14155776 14680064 15466496 16252928 16777216 17563648 18087936 18874368 19660800 20185088 20971520 21495808 22282240 23068672 262144 1048576 
1048576 1835008 2359296 3145728 3670016 4456448 5242880 5767168 6553600 7340032 7864320 8650752 9175040 9961472 10747904 11272192 12058624 12845056 13369344 14155776 14680064 15466496 16252928 16777216 17563648 18087936 18874368 19660800 20185088 20971520 21757952 22282240 23068672 262144 
RESULT of Pt * Gt of Matrix with size 34 X 34


272891904 799277056 1325924352 1852309504 -1916010496 -1389625344 -862978048 -336330752 190054400 716701696 1243086848 1769734144 -1998848000 -1472200704 -945815552 -419168256 107216896 633864192 1160249344 1686896640 -2081685504 -1555038208 -1028390912 -502005760 24641536 551026688 1077673984 1604059136 2130706432 -1637875712 -1111228416 -584843264 -58195968 468189184 
611581952 674496512 1974206464 -1021313024 278396928 1577844736 -1417412608 -117964800 1181745152 -1813512192 -514064384 785645568 2085093376 -910163968 389283840 1688993792 -1306263552 -6815744 1292894208 -1702625280 -402915328 896532480 -2098724864 -799014912 500432896 1800142848 -1195376640 104333312 1403781120 -1591476224 -291766272 1007681536 -1987575808 -688128000 
-1318060032 754712576 1076101120 -1146093568 926679040 -1295777792 776994816 -1445462016 627310592 -1594884096 477626368 -1744568320 327942144 -1894252544 178520064 -2043936768 28835840 2101346304 -120848384 1951924224 -270532608 1802240000 -420216832 1652555776 -569901056 1502871552 -719323136 1353187328 -869007360 1203503104 -1018691584 1054081024 -1168375808 904396800 
-498597888 -1947729920 897843200 1477967872 28573696 -1420558336 1425276928 -24117248 -1473249280 1372323840 -76808192 -1525940224 1319632896 -129499136 -1578631168 1266941952 -182190080 -1631584256 1214251008 -234881024 -1684275200 1161560064 -287571968 -1736966144 1108869120 -340525056 -1789657088 1056178176 -393216000 -1842348032 1003487232 -445906944 -1895038976 950534144 
-1225261056 -1901592576 1717305344 1041235968 1879572480 1203503104 527171584 -148897792 -824967168 -1501298688 2117599232 1441529856 765198336 89128960 -586940416 -1263271936 -1939341312 1679556608 1003225088 327155712 -349175808 -1025245184 -1701314560 1917321216 1241251840 565182464 -111149056 -787218432 -1463287808 -2139619328 1479278592 803209216 126877696 -549191680 
796655616 893648896 990642176 1087373312 1184366592 -2013790208 -1916796928 -1819803648 -1723072512 -1626079232 -1529085952 -1432354816 -1335361536 -1238368256 -1141637120 -1044643840 -947650560 -850657280 -753926144 -656932864 -559939584 -463208448 -366215168 -269221888 -172490752 -75497472 21495808 118226944 215220224 312213504 408944640 505937920 602931200 699662336 
1272709120 2142502912 -1282408448 -412352512 457441280 1327497216 -1611923456 -742129664 127926272 997982208 1867776000 -1557135360 -687079424 182976512 1052770304 1922826240 -1502085120 -632291328 237764608 1107820544 1977876480 -1447297024 -577241088 292814848 1162608640 2032664576 -1392246784 -522190848 347602944 1217658880 2087714816 -1337458688 -467402752 402653184 
202375168 1845493760 -806354944 836501504 -1815347200 -172228608 1470627840 -1210318848 432799744 2075656192 -576192512 1066926080 -1584922624 57933824 1701052416 -950796288 692322304 -1959788544 -316669952 1326448640 -1325400064 317456384 1960574976 -691273728 951844864 -1700265984 -57147392 1585971200 -1065877504 576978944 -2074869760 -431751168 1211367424 -1440743424 
1880883200 2097152 -1876688896 539492352 -1339555840 1076625408 -802160640 1614020608 -808714240 1607467008 -271319040 2144862208 265814016 -1612972032 803209216 -1075576832 1340342272 -538443776 1877737472 -1048576 -1879834624 536084480 -1342701568 1073479680 -805306368 1610612736 -268173312 -2146959360 269221888 -1609826304 806354944 -1072431104 1343750144 -535035904 
2013528064 907542528 -198180864 -1303904256 1885339648 779616256 -326369280 -1432092672 1757151232 -406847488 -1512833024 1676410880 570687488 -535035904 -1640759296 1548222464 442499072 -663224320 -1768947712 1420296192 314310656 -791412736 -1897136128 1292107776 186384384 -919601152 -2025324544 1163919360 58195968 -1047527424 2141454336 1035730944 -69992448 -1175715840 
599785472 267124736 -65536000 -398458880 -731119616 -1063780352 -1396441088 -1729101824 -2061762560 1900281856 -5242880 -337903616 -670564352 -1003487232 -1336147968 -1668808704 -2001469440 1960837120 1628176384 1295253504 962592768 629932032 297271296 -35389440 -368050176 -700973056 -1033633792 -1366294528 -1698955264 -2031616000 1930690560 1597767680 1265106944 932446208 
1934884864 -1919680512 -1479278592 -1038876672 -598736896 -158334976 282066944 722468864 1162870784 1603272704 2043674624 396361728 836763648 1277165568 1717567488 -2136997888 -1696858112 -1256456192 -816054272 -375652352 64749568 505151488 945553408 1385955328 1826095104 -2028470272 -1588068352 -1147666432 -707264512 -266862592 173539328 613679104 1054081024 1494482944 
1723858944 -1357643776 -144179200 1069285376 -2012217344 -798752768 414449664 1627914240 -1453588480 -240123904 973340672 -2108162048 798228480 2011430912 -1070071808 143392768 1356857344 -1724645376 -511180800 702283776 1915748352 -1165754368 47448064 1260912640 -1820590080 -607125504 606339072 1819803648 -1261699072 -48234496 1165230080 -1916534784 -703070208 510394368 
-33292288 1953234944 -355205120 1631322112 -677117952 1309409280 -999030784 987496448 -1320943616 665321472 -1643118592 343408640 -1965031424 1199833088 -1108606976 877920256 -1430519808 555745280 -1752694784 233832448 -2074607616 -88080384 1898446848 -409993216 1576534016 -731906048 1254621184 -1053818880 932708352 -1375731712 610533376 -1697906688 288620544 -2019819520 
958398464 -576978944 -2112356352 647233536 -888143872 1871446016 336068608 -1199308800 1560281088 24903680 -1510473728 1249116160 -286261248 -1821900800 1601437696 66060288 -1469317120 1290272768 -245104640 -1780482048 979107840 -556269568 -2091646976 667942912 -867434496 1892155392 356777984 -1178861568 1580728320 45350912 -1490026496 1269563392 -265814016 -1801191424 
403963904 -358350848 -1120665600 -1882980352 1649672192 887357440 125042688 -637272064 -1399586816 2133065728 1370750976 608436224 -153878528 -916193280 -1678508032 2003042304 1240727552 478412800 -283901952 -1046216704 -1808531456 1724121088 961806336 199491584 -562823168 -1325137920 -2087452672 1445199872 682885120 -79429632 -841744384 -1604059136 1928593408 1166278656 
-1696595968 -1685848064 -1675100160 -1664352256 -1653604352 -1642856448 -1632108544 -1621360640 -1610612736 -1599864832 -1589116928 -1578369024 -1567621120 -1556873216 -1546125312 -1535377408 -1890058240 -1879310336 -1868562432 -1857814528 -1847066624 -1836318720 -1825570816 -1814822912 -1804075008 -1793327104 -1782579200 -1771831296 -1761083392 -1750335488 -1739587584 -1728839680 -1718091776 -1707343872 
-1048313856 -264503296 519307264 1303117824 2086928384 -1424228352 -640417792 143392768 927203328 1711013888 -1800142848 -1016332288 -232521728 551288832 1335099392 2118909952 -1392246784 -1488453632 -704643072 79167488 862978048 1646788608 -1864368128 -1080557568 -296747008 487063552 1270874112 2054684672 -1456472064 -672399360 111411200 895221760 1679032320 -1832124416 
-1946419200 -389283840 1167589376 -1570504704 -13631488 1543241728 -1194852352 362020864 1918894080 -819200000 737673216 -2000420864 -443547648 1113325568 -1624768512 -67895296 1489240064 -1248854016 -1086849024 470024192 2027159552 -710934528 845938688 -1892155392 -335282176 1221591040 -1516503040 40370176 1597243392 -1140850688 416022528 1972895744 -765198336 791674880 
-95420416 -2060451840 269484032 -1695547392 634650624 -1330380800 999555072 -965476352 1364459520 -600571904 1729363968 -235667456 2094268416 129236992 -1835532288 494403584 -1470627840 859308032 -1105723392 -684982272 1644953600 -320077824 2009858048 44826624 -1920204800 409731072 -1555300352 774635520 -1190133760 1139802112 -825229312 1504706560 -460324864 1869611008 
209453056 -982515712 2120482816 928514048 -263454720 -1455423488 1647837184 455868416 -736100352 -1928069120 1174929408 -17039360 -1209008128 1893990400 702283776 -489684992 -1681653760 1421344768 229376000 -962592768 -283377664 -1475346432 1627652096 435683328 -756023296 -1947992064 1155006464 -36962304 -1228931072 1874067456 682098688 -509870080 -1701576704 1401421824 
-1032060928 -1450704896 -1869611008 2006450176 1587544064 1168637952 749731840 330825728 -87818240 -506724352 -925630464 -1344536576 -1763442688 2112618496 1693974528 1275068416 856162304 437256192 18350080 -400556032 -819462144 118226944 -300679168 -719323136 -1138229248 -1557135360 -1976041472 1900019712 1481113600 1062469632 643563520 224657408 -194248704 -613154816 
475529216 829685760 1183842304 1537998848 1892417536 -2048393216 -1694236672 -1340080128 -985923584 -631504896 -277348352 76808192 430964736 785121280 1139277824 1493696512 1847853056 -2092957696 -1738801152 -1384644608 -1030225920 -676069376 520093696 874250240 1228406784 1582563328 1936719872 -2003828736 -1649672192 -1295515648 -941359104 -587202560 -233046016 121372672 
436731904 1564213248 -1603534848 -476315648 650903552 1778122752 -1389363200 -262144000 865075200 1992294400 -1175453696 -47972352 1079246848 -2088501248 -961282048 166199296 1293418496 -1874329600 -747110400 380108800 1507590144 -1660157952 -532938752 921698304 2048917504 -1118830592 8650752 1135869952 -2031878144 -904658944 222560256 1350041600 -1817706496 -690487296 
-1147928576 752353280 -1642332160 257949696 -2136473600 -236191744 1664090112 -730595328 1169948672 -1224736768 675545088 -1719140352 181403648 2081685504 -312999936 1587281920 -807141376 1093140480 -1301544960 598736896 -1795686400 104595456 2004877312 -389808128 1323302912 -1071120384 829161472 -1565523968 334757888 -2059927552 -159383552 1740898304 -653787136 1246494720 
15990784 -1605632000 1067974656 -553648128 2119696384 498073600 -1123287040 1550057472 -71565312 -1692925952 980418560 -641204224 2032140288 410779648 -1210843136 1462501376 -159121408 -1780482048 892862464 -728760320 1944846336 323223552 -1298399232 1374945280 -246415360 1725169664 103546880 -1518075904 1155268608 -466092032 -2087714816 585629696 -1035730944 1637613568 
-366215168 -1214513152 -2063073280 1383333888 535035904 -313524224 -1162084352 -2010644480 1436024832 587464704 -261095424 -1109393408 -1957953536 1488453632 640155648 -208404480 -1056964608 -1905524736 1541144576 692584448 -155975680 -1004273664 -1852833792 1593573376 745275392 -103284736 2126774272 1278214144 429916160 -418643968 -1267204096 -2115764224 1330905088 482344960 
2000683008 1925185536 1849688064 1774452736 1698955264 1623457792 1548222464 1472724992 1397227520 1321992192 1246494720 1170997248 1095761920 1020264448 944766976 869531648 794034176 718536704 643301376 567803904 492306432 417071104 341573632 266076160 190840832 115343360 39845888 -1766588416 -1841823744 -1917321216 -1992818688 -2068054016 -2143551488 2075918336 
-1473773568 -776208384 -78643200 619184128 1316749312 2014576640 -1582825472 -885260288 -187432960 510132224 1207697408 1905524736 -1691877376 -994312192 -296484864 401080320 1098907648 1796472832 -1800929280 -1103101952 -405536768 292028416 989855744 1687420928 -1909981184 -1212153856 -514588672 182976512 -1364721664 -667156480 30408704 728236032 1425801216 2123366400 
2095579136 -728760320 742129664 -2082209792 -611581952 859308032 -1965031424 -494141440 976486400 -1847853056 -376963072 1093664768 -1730412544 -259784704 1210843136 -1613234176 -142606336 1328021504 -1496055808 -25427968 1445462016 -1378877440 91750400 1562640384 -1261699072 209190912 1679818752 -1144520704 326369280 -963117056 507510784 1978400768 -845938688 624689152 
-176160768 2067529728 16515072 -2034761728 209190912 -1842085888 401604608 -1649410048 594280448 -1456734208 786956288 -1264320512 979632128 -1071644672 1172307968 -878968832 1364983808 -686292992 1557397504 -493617152 1750073344 -300941312 1942749184 -108265472 2135425024 84148224 -1966866432 276824064 -1774190592 469499904 -561512448 1682440192 -368836608 1874853888 
300941312 -977272832 2039742464 761528320 -516423680 -1794637824 1222377472 -55836672 -1334050816 1682964480 404750336 -873201664 2143551488 865599488 -412614656 -1690566656 1326186496 47972352 -1229979648 1786773504 508821504 -769392640 -2047344640 969408512 -308543488 -1586757632 1430257664 152043520 -1126170624 1890844672 612630528 -159907840 -1437859840 1578893312 
-768081920 -1273233408 -1778122752 2011693056 1506803712 1001652224 496762880 -8388608 -513277952 -1018429440 -1523318784 -2028470272 1761607680 1256456192 751304704 246415360 -258736128 -763625472 -1268776960 -1773666304 2016149504 1511260160 1006108672 501219328 -3932160 -508821504 -1013972992 -1518862336 -2024013824 1766064128 1260912640 756023296 241958912 -263192576 
911736832 1179648000 1447821312 1715732480 1983905792 -2043150336 -1774977024 -1507065856 -1238892544 -970981376 -702808064 -434896896 -166723584 101187584 369360896 637272064 905445376 1173356544 1441529856 1709441024 1977614336 -2049441792 -1781268480 -1513357312 -1245184000 -977272832 -709099520 -441188352 -173015040 94896128 363069440 630980608 899153920 643563520 
RESULT of [PG]t * Gt of Matrix with size 34 X 34


