0 0 0 0 0 0 0 0 0 0 0 0 0 0 0 0 0 0 0 0 0 0 0 0 0 0 0 0 0 0 0 0 0 0 0 
0 0 0 0 0 0 0 0 0 0 0 0 0 0 0 0 0 0 0 0 0 0 0 0 0 0 0 0 0 0 0 0 0 0 0 
0 0 0 0 0 0 0 0 0 0 0 0 0 0 0 0 0 0 0 0 0 0 0 0 0 0 0 0 0 0 0 0 0 0 0 
0 0 0 0 0 0 0 0 0 0 0 0 0 0 0 0 0 0 0 0 0 0 0 0 0 0 0 0 0 0 0 0 0 0 0 
0 0 0 0 0 0 0 0 0 0 0 0 0 0 0 0 0 0 0 0 0 0 0 0 0 0 0 0 0 0 0 0 0 0 0 
0 0 0 0 0 0 0 0 0 0 0 0 0 0 0 0 0 0 0 0 0 0 0 0 0 0 0 0 0 0 0 0 0 0 0 
0 0 0 0 0 0 0 0 0 0 0 0 0 0 0 0 0 0 0 0 0 0 0 0 0 0 0 0 0 0 0 0 0 0 0 
0 0 0 0 0 0 0 0 0 0 0 0 0 0 0 0 0 0 0 0 0 0 0 0 0 0 0 0 0 0 0 0 0 0 0 
0 0 0 0 0 0 0 0 0 0 0 0 0 0 0 0 0 0 0 0 0 0 0 0 0 0 0 0 0 0 0 0 0 0 0 
0 0 0 0 0 0 0 0 0 0 0 0 0 0 0 0 0 0 0 0 0 0 0 0 0 0 0 0 0 0 0 0 0 0 0 
0 0 0 0 0 0 0 0 0 0 0 0 0 0 0 0 0 0 0 0 0 0 0 0 0 0 0 0 0 0 0 0 0 0 0 
0 0 0 0 0 0 0 0 0 0 0 0 0 0 0 0 0 0 0 0 0 0 0 0 0 0 0 0 0 0 0 0 0 0 0 
0 0 0 0 0 0 0 0 0 0 0 0 0 0 0 0 0 0 0 0 0 0 0 0 0 0 0 0 0 0 0 0 0 0 0 
0 0 0 0 0 0 0 0 0 0 0 0 0 0 0 0 0 0 0 0 0 0 0 0 0 0 0 0 0 0 0 0 0 0 0 
0 0 0 0 0 0 0 0 0 0 0 0 0 0 0 0 0 0 0 0 0 0 0 0 0 0 0 0 0 0 0 0 0 0 0 
0 0 0 0 0 0 0 0 0 0 0 0 0 0 0 0 0 0 0 0 0 0 0 0 0 0 0 0 0 0 0 0 0 0 0 
0 0 0 0 0 0 0 0 0 0 0 0 0 0 0 0 0 0 0 0 0 0 0 0 0 0 0 0 0 0 0 0 0 0 0 
0 0 0 0 0 0 0 0 0 0 0 0 0 0 0 0 0 0 0 0 0 0 0 0 0 0 0 0 0 0 0 0 0 0 0 
0 0 0 0 0 0 0 0 0 0 0 0 0 0 0 0 0 0 0 0 0 0 0 0 0 0 0 0 0 0 0 0 0 0 0 
0 0 0 0 0 0 0 0 0 0 0 0 0 0 0 0 0 0 0 0 0 0 0 0 0 0 0 0 0 0 0 0 0 0 0 
0 0 0 0 0 0 0 0 0 0 0 0 0 0 0 0 0 0 0 0 0 0 0 0 0 0 0 0 0 0 0 0 0 0 0 
0 0 0 0 0 0 0 0 0 0 0 0 0 0 0 0 0 0 0 0 0 0 0 0 0 0 0 0 0 0 0 0 0 0 0 
0 0 0 0 0 0 0 0 0 0 0 0 0 0 0 0 0 0 0 0 0 0 0 0 0 0 0 0 0 0 0 0 0 0 0 
0 0 0 0 0 0 0 0 0 0 0 0 0 0 0 0 0 0 0 0 0 0 0 0 0 0 0 0 0 0 0 0 0 0 0 
0 0 0 0 0 0 0 0 0 0 0 0 0 0 0 0 0 0 0 0 0 0 0 0 0 0 0 0 0 0 0 0 0 0 0 
0 0 0 0 0 0 0 0 0 0 0 0 0 0 0 0 0 0 0 0 0 0 0 0 0 0 0 0 0 0 0 0 0 0 0 
0 0 0 0 0 0 0 0 0 0 0 0 0 0 0 0 0 0 0 0 0 0 0 0 0 0 0 0 0 0 0 0 0 0 0 
0 0 0 0 0 0 0 0 0 0 0 0 0 0 0 0 0 0 0 0 0 0 0 0 0 0 0 0 0 0 0 0 0 0 0 
0 0 0 0 0 0 0 0 0 0 0 0 0 0 0 0 0 0 0 0 0 0 0 0 0 0 0 0 0 0 0 0 0 0 0 
0 0 0 0 0 0 0 0 0 0 0 0 0 0 0 0 0 0 0 0 0 0 0 0 0 0 0 0 0 0 0 0 0 0 0 
0 0 0 0 0 0 0 0 0 0 0 0 0 0 0 0 0 0 0 0 0 0 0 0 0 0 0 0 0 0 0 0 0 0 0 
0 0 0 0 0 0 0 0 0 0 0 0 0 0 0 0 0 0 0 0 0 0 0 0 0 0 0 0 0 0 0 0 0 0 0 
0 0 0 0 0 0 0 0 0 0 0 0 0 0 0 0 0 0 0 0 0 0 0 0 0 0 0 0 0 0 0 0 0 0 0 
0 0 0 0 0 0 0 0 0 0 0 0 0 0 0 0 0 0 0 0 0 0 0 0 0 0 0 0 0 0 0 0 0 0 0 
0 0 0 0 0 0 0 0 0 0 0 0 0 0 0 0 0 0 0 0 0 0 0 0 0 0 0 0 0 0 0 0 0 0 0 
INITIAL DATA of Matrix with size 35 X 35


262144 262144 262144 262144 262144 262144 262144 262144 262144 262144 262144 262144 262144 262144 262144 262144 262144 262144 262144 262144 262144 262144 262144 262144 262144 262144 262144 262144 262144 262144 262144 262144 262144 262144 262144 
1048576 1048576 1048576 1048576 1048576 1048576 1048576 1048576 1048576 1048576 1048576 1048576 1048576 1048576 1048576 1048576 1048576 1048576 1048576 1048576 1048576 1048576 1048576 1048576 1048576 1048576 1048576 1048576 1048576 1048576 1048576 1048576 1048576 1048576 1048576 
1835008 1835008 1835008 1835008 1835008 1835008 1835008 1835008 1835008 1835008 1835008 1835008 1835008 1835008 1835008 1835008 1835008 1835008 1835008 1835008 1835008 1835008 1835008 1835008 1835008 1835008 1835008 1835008 1835008 1835008 1835008 1835008 1835008 1835008 1835008 
2621440 2621440 2621440 2621440 2621440 2621440 2621440 2621440 2621440 2621440 2621440 2621440 2621440 2621440 2621440 2621440 2621440 2621440 2621440 2621440 2621440 2621440 2621440 2621440 2621440 2621440 2621440 2621440 2621440 2621440 2621440 2621440 2621440 2621440 2621440 
3407872 3407872 3407872 3407872 3407872 3407872 3407872 3407872 3407872 3407872 3407872 3407872 3407872 3407872 3407872 3407872 3407872 3407872 3407872 3407872 3407872 3407872 3407872 3407872 3407872 3407872 3407872 3407872 3407872 3407872 3407872 3407872 3407872 3407872 3407872 
4194304 4194304 4194304 4194304 4194304 3932160 3932160 3932160 3932160 3932160 3932160 3932160 4194304 4194304 4194304 4194304 4194304 4194304 4194304 4194304 4194304 4194304 4194304 4194304 4194304 4194304 4194304 4194304 4194304 4194304 4194304 4194304 4194304 4194304 4194304 
4980736 4980736 4980736 4980736 4980736 4980736 4718592 4718592 4718592 4718592 4718592 4718592 4718592 4718592 4718592 4718592 4718592 4718592 4718592 4980736 4980736 4980736 4980736 4980736 4980736 4980736 4980736 4980736 4980736 4980736 4980736 4980736 4980736 4980736 4980736 
5767168 5767168 5767168 5767168 5767168 5767168 5767168 5505024 5505024 5505024 5505024 5505024 5505024 5505024 5505024 5505024 5505024 5505024 5505024 5505024 5505024 5505024 5505024 5505024 5767168 5767168 5767168 5767168 5767168 5767168 5767168 5767168 5767168 5767168 5767168 
6553600 6553600 6553600 6553600 6553600 6553600 6553600 6553600 6291456 6291456 6291456 6291456 6291456 6291456 6291456 6291456 6291456 6291456 6291456 6291456 6291456 6291456 6291456 6291456 6291456 6291456 6291456 6291456 6291456 6553600 6553600 6553600 6553600 6553600 6553600 
7340032 7340032 7340032 7340032 7340032 7340032 7340032 7340032 7340032 6815744 7077888 7077888 7077888 7077888 7077888 7077888 7077888 7077888 7077888 7077888 7077888 7077888 7077888 7077888 7077888 7077888 7077888 7077888 7077888 7077888 7077888 7077888 7077888 7340032 7340032 
7864320 8126464 8126464 8126464 8126464 8126464 8126464 8126464 8126464 8126464 7602176 7602176 7602176 7602176 7602176 7864320 7864320 7864320 7864320 7864320 7864320 7864320 7864320 7864320 7864320 7864320 7864320 7864320 7864320 7864320 7864320 7864320 7864320 7864320 7864320 
8650752 8650752 8650752 8650752 8912896 8912896 8912896 8912896 8912896 8912896 8912896 8388608 8388608 8388608 8388608 8388608 8388608 8388608 8388608 8388608 8650752 8650752 8650752 8650752 8650752 8650752 8650752 8650752 8650752 8650752 8650752 8650752 8650752 8650752 8650752 
9437184 9437184 9437184 9437184 9437184 9437184 9699328 9699328 9699328 9699328 9699328 9699328 9175040 9175040 9175040 9175040 9175040 9175040 9175040 9175040 9175040 9175040 9175040 9175040 9437184 9437184 9437184 9437184 9437184 9437184 9437184 9437184 9437184 9437184 9437184 
10223616 10223616 10223616 10223616 10223616 10223616 10223616 10223616 10485760 10485760 10485760 10485760 10485760 9961472 9961472 9961472 9961472 9961472 9961472 9961472 9961472 9961472 9961472 9961472 9961472 9961472 9961472 9961472 10223616 10223616 10223616 10223616 10223616 10223616 10223616 
11010048 11010048 11010048 11010048 11010048 11010048 11010048 11010048 11010048 11010048 11272192 11272192 11272192 11272192 10485760 10485760 10747904 10747904 10747904 10747904 10747904 10747904 10747904 10747904 10747904 10747904 10747904 10747904 10747904 10747904 10747904 11010048 11010048 11010048 11010048 
11796480 11796480 11796480 11796480 11796480 11796480 11796480 11796480 11796480 11796480 11796480 11796480 12058624 12058624 12058624 11272192 11272192 11272192 11272192 11272192 11534336 11534336 11534336 11534336 11534336 11534336 11534336 11534336 11534336 11534336 11534336 11534336 11534336 11534336 11796480 
12320768 12582912 12582912 12582912 12582912 12582912 12582912 12582912 12582912 12582912 12582912 12582912 12582912 12582912 12845056 12845056 12058624 12058624 12058624 12058624 12058624 12058624 12058624 12320768 12320768 12320768 12320768 12320768 12320768 12320768 12320768 12320768 12320768 12320768 12320768 
13107200 13107200 13107200 13107200 13369344 13369344 13369344 13369344 13369344 13369344 13369344 13369344 13369344 13369344 13369344 13369344 13631488 12845056 12845056 12845056 12845056 12845056 12845056 12845056 12845056 12845056 12845056 13107200 13107200 13107200 13107200 13107200 13107200 13107200 13107200 
13893632 13893632 13893632 13893632 13893632 13893632 14155776 14155776 14155776 14155776 14155776 14155776 14155776 14155776 14155776 14155776 14155776 14155776 13631488 13631488 13631488 13631488 13631488 13631488 13631488 13631488 13631488 13631488 13631488 13631488 13893632 13893632 13893632 13893632 13893632 
14680064 14680064 14680064 14680064 14680064 14680064 14680064 14680064 14942208 14942208 14942208 14942208 14942208 14942208 14942208 14942208 14942208 14942208 14942208 14155776 14155776 14417920 14417920 14417920 14417920 14417920 14417920 14417920 14417920 14417920 14417920 14417920 14680064 14680064 14680064 
15466496 15466496 15466496 15466496 15466496 15466496 15466496 15466496 15466496 15466496 15728640 15728640 15728640 15728640 15728640 15728640 15728640 15728640 15728640 15728640 14942208 14942208 14942208 14942208 14942208 15204352 15204352 15204352 15204352 15204352 15204352 15204352 15204352 15204352 15204352 
15990784 15990784 16252928 16252928 16252928 16252928 16252928 16252928 16252928 16252928 16252928 16252928 16515072 16515072 16515072 16515072 16515072 16515072 16515072 16515072 16515072 15728640 15728640 15728640 15728640 15728640 15728640 15728640 15990784 15990784 15990784 15990784 15990784 15990784 15990784 
16777216 16777216 16777216 16777216 16777216 17039360 17039360 17039360 17039360 17039360 17039360 17039360 17039360 17039360 17301504 17301504 17301504 17301504 17301504 17301504 17301504 17301504 16515072 16515072 16515072 16515072 16515072 16515072 16515072 16515072 16777216 16777216 16777216 16777216 16777216 
17563648 17563648 17563648 17563648 17563648 17563648 17563648 17825792 17825792 17825792 17825792 17825792 17825792 17825792 17825792 17825792 18087936 18087936 18087936 18087936 18087936 18087936 18087936 17039360 17301504 17301504 17301504 17301504 17301504 17301504 17301504 17301504 17301504 17563648 17563648 
18350080 18350080 18350080 18350080 18350080 18350080 18350080 18350080 18350080 18612224 18612224 18612224 18612224 18612224 18612224 18612224 18612224 18612224 18874368 18874368 18874368 18874368 18874368 18874368 17825792 17825792 17825792 18087936 18087936 18087936 18087936 18087936 18087936 18087936 18087936 
18874368 18874368 18874368 19136512 19136512 19136512 19136512 19136512 19136512 19136512 19136512 19398656 19398656 19398656 19398656 19398656 19398656 19398656 19398656 19398656 19660800 19660800 19660800 19660800 19660800 18612224 18612224 18612224 18612224 18874368 18874368 18874368 18874368 18874368 18874368 
19660800 19660800 19660800 19660800 19660800 19922944 19922944 19922944 19922944 19922944 19922944 19922944 19922944 20185088 20185088 20185088 20185088 20185088 20185088 20185088 20185088 20447232 20447232 20447232 20447232 20447232 19398656 19398656 19398656 19398656 19398656 19398656 19660800 19660800 19660800 
20447232 20447232 20447232 20447232 20447232 20447232 20447232 20709376 20709376 20709376 20709376 20709376 20709376 20709376 20709376 20971520 20971520 20971520 20971520 20971520 20971520 20971520 20971520 21233664 21233664 21233664 21233664 20185088 20185088 20185088 20185088 20185088 20185088 20185088 20447232 
20971520 20971520 21233664 21233664 21233664 21233664 21233664 21233664 21233664 21495808 21495808 21495808 21495808 21495808 21495808 21495808 21495808 21757952 21757952 21757952 21757952 21757952 21757952 21757952 22020096 22020096 22020096 22020096 20709376 20971520 20971520 20971520 20971520 20971520 20971520 
21757952 21757952 21757952 21757952 22020096 22020096 22020096 22020096 22020096 22020096 22020096 22282240 22282240 22282240 22282240 22282240 22282240 22282240 22282240 22544384 22544384 22544384 22544384 22544384 22544384 22544384 22806528 22806528 22806528 21495808 21495808 21495808 21757952 21757952 21757952 
22544384 22544384 22544384 22544384 22544384 22544384 22806528 22806528 22806528 22806528 22806528 22806528 22806528 23068672 23068672 23068672 23068672 23068672 23068672 23068672 23330816 23330816 23330816 23330816 23330816 23330816 23330816 23592960 23592960 23592960 22282240 22282240 22282240 22282240 22544384 
23068672 23068672 23330816 23330816 23330816 23330816 23330816 23330816 23592960 23592960 23592960 23592960 23592960 23592960 23592960 23855104 23855104 23855104 23855104 23855104 23855104 23855104 24117248 24117248 24117248 24117248 24117248 24117248 24117248 24379392 24379392 23068672 23068672 23068672 23068672 
23855104 23855104 23855104 23855104 24117248 24117248 24117248 24117248 24117248 24117248 24379392 24379392 24379392 24379392 24379392 24379392 24379392 24641536 24641536 24641536 24641536 24641536 24641536 24641536 24903680 24903680 24903680 24903680 24903680 24903680 25165824 25165824 23855104 23855104 23855104 
24641536 24641536 24641536 24641536 24641536 24641536 24903680 24903680 24903680 24903680 24903680 24903680 25165824 25165824 25165824 25165824 25165824 25165824 25165824 25427968 25427968 25427968 25427968 25427968 25427968 25690112 25690112 25690112 25690112 25690112 25690112 25690112 25952256 24379392 24379392 
25165824 25165824 25427968 25427968 25427968 25427968 25427968 25427968 25690112 25690112 25690112 25690112 25690112 25690112 25952256 25952256 25952256 25952256 25952256 25952256 25952256 26214400 26214400 26214400 26214400 26214400 26214400 26476544 26476544 26476544 26476544 26476544 26476544 26738688 25165824 
RESULT of P * G of Matrix with size 35 X 35


-2143813632 -2125987840 -2108162048 -2090336256 -2072248320 -2054422528 -2036596736 -2018770944 -2000945152 -1982857216 -1965031424 -1947205632 -1929379840 -1911291904 -1893466112 -1875640320 -1857814528 -1839726592 -1821900800 -1804075008 -1786249216 -1768161280 -1750335488 -1732509696 -1714683904 -1696595968 -1678770176 -1660944384 -1643118592 -1625030656 -1607204864 -1589379072 -1571553280 -1553465344 -1535639552 
-2004615168 788529152 832569344 876871680 920911872 965214208 1009254400 1053556736 1097859072 1141899264 1186201600 1230241792 1274544128 1318584320 1362886656 1406926848 1451229184 1495269376 1539571712 1583611904 1627914240 1671954432 1716256768 1760296960 1804599296 1848639488 1892941824 1936982016 1981284352 2025324544 2069626880 2113667072 -2136997888 -2092957696 -2048655360 
1751121920 1821376512 -574095360 -503578624 -433061888 -362545152 -292290560 -221773824 -151257088 -80740352 -10223616 60030976 130547712 201064448 271581184 341835776 412352512 482869248 553385984 623640576 694157312 764674048 835190784 905445376 975962112 1046478848 1116995584 1187250176 1257766912 1328283648 1398800384 1469317120 1539571712 1610088448 1680605184 
1159200768 1255931904 1352663040 -1936457728 -1839726592 -1742995456 -1646264320 -1549533184 -1452802048 -1356070912 -1259339776 -1162608640 -1065877504 -969146368 -872415232 -775684096 -678952960 -582221824 -485490688 -388759552 -292028416 -195297280 -98566144 -1835008 94896128 191627264 288358400 385089536 481820672 578551808 675282944 772014080 869007360 965738496 1062469632 
514588672 637534208 760741888 883687424 995885056 1119092736 1242038272 1364983808 1487929344 1611137024 1734082560 1857028096 1980235776 2103181312 -2068840448 -1945894912 -1822687232 -1699741696 -1576796160 -1453588480 -1330642944 -1207697408 -1084751872 -961544192 -838598656 -715653120 -592707584 -469499904 -346554368 -223608832 -100401152 22544384 145489920 268435456 391643136 
-182452224 -33292288 116129792 265551872 414711808 -366477312 -217317376 -67895296 81264640 230686720 379846656 529268736 678690816 827850752 977272832 1126432768 1275854848 1425014784 1574436864 1723596800 1873018880 2022178816 -2123366400 -1974206464 -1824784384 -1675362304 -1526202368 -1376780288 -1227620352 -1078198272 -929038336 -779616256 -630456320 -481034240 -331874304 
-932184064 -756547584 -580911104 -405274624 -229638144 -54263808 -1729101824 -1553465344 -1377828864 -1202192384 -1026818048 -851181568 -675545088 -499908608 -324272128 -148897792 26738688 202375168 378011648 553648128 729022464 904658944 1080295424 1255931904 1431568384 1606942720 1782579200 1958215680 2133852160 -1985478656 -1810104320 -1634467840 -1458831360 -1283194880 -1107558400 
-1734344704 -1532493824 -1330642944 -1128792064 -926679040 -724828160 -522977280 1203503104 1405353984 1607204864 1809055744 2010906624 -2082209792 -1880358912 -1678508032 -1476657152 -1274806272 -1072955392 -871104512 -669253632 -467402752 -265551872 -63700992 138412032 340262912 542113792 743964672 945815552 1147666432 1349517312 1551368192 1753219072 1955069952 -2138046464 -1936195584 
1706033152 1934098432 -2132803584 -1904476160 -1676410880 -1448345600 -1220018176 -991952896 -159121408 68943872 297271296 525336576 753401856 981729280 1209794560 1437859840 1666187264 1894252544 2122317824 -1944322048 -1716256768 -1488191488 -1259864064 -1031798784 -803733504 -575668224 -347340800 -119275520 108789760 337117184 565182464 793247744 1021575168 1249640448 1477705728 
798752768 1053032448 1307574272 1561853952 1816395776 2070675456 -1969750016 -1715208192 -1460928512 -1521745920 -1267204096 -1012662272 -758382592 -503840768 -249561088 4980736 259522560 513802240 768344064 1022623744 1277165568 1531445248 1785987072 2040528896 -2000158720 -1745616896 -1491337216 -1236795392 -982515712 -727973888 -473432064 -219152384 35389440 289669120 544210944 
-161218560 119537664 400293888 680787968 961544192 1242300416 1523056640 1803812864 2084569088 -1929904128 1410859008 1691615232 1972371456 -2042101760 -1761345536 -1480589312 -1199833088 -919076864 -638320640 -357826560 -77070336 203685888 484442112 765198336 1045954560 1326448640 1607204864 1887961088 -2126249984 -1845493760 -1564737536 -1283981312 -1003487232 -722731008 -441974784 
-1173618688 -866648064 -559677440 -252706816 54263808 361234432 668205056 975175680 1282146304 1589379072 1896349696 48234496 355205120 662437888 969408512 1276379136 1583349760 1890320384 -2097676288 -1790705664 -1483735040 -1176764416 -869793792 -562561024 -255590400 51380224 358350848 665321472 972292096 1279262720 1586233344 1893203968 -2094792704 -1787822080 -1480589312 
2056257536 -1905524736 -1572077568 -1238892544 -905707520 -572260352 -239075328 94109696 427556864 760741888 1094189056 1427374080 -1314127872 -980942848 -647757824 -314310656 18874368 352321536 685506560 1018691584 1352138752 1685323776 2018508800 -1943011328 -1609826304 -1276641280 -943194112 -610009088 -276824064 56623104 389808128 723255296 1056440320 1389625344 1723072512 
938737664 1298137088 1657798656 2017460224 -1918107648 -1558446080 -1199046656 -839385088 -479723520 -120324096 239337472 598999040 958398464 1618214912 1977876480 -1957691392 -1598029824 -1238368256 -878968832 -519307264 -159645696 199753728 559415296 918814720 1278476288 1638137856 1997537280 -1937768448 -1578369024 -1218707456 -859045888 -499646464 -139984896 219676672 579076096 
-231473152 154402816 540278784 926154752 1312030720 1697644544 2083520512 -1825570816 -1439694848 -1053818880 -667942912 -282066944 103809024 489422848 255852544 641728512 1027342336 1413218304 1799094272 -2109997056 -1724121088 -1338245120 -952369152 -566493184 -180879360 204996608 590872576 976748544 1362624512 1748500480 2134376448 -1774714880 -1389101056 -1003225088 -617349120 
-1454112768 -1042022400 -629932032 -217841664 194248704 606339072 1018691584 1430781952 1842872320 -2040004608 -1627914240 -1215823872 -803733504 -391380992 20709376 -1106771968 -694681600 -282591232 129499136 541851648 953942016 1366032384 1778122752 -2104754176 -1692663808 -1280573440 -868220928 -456130560 -44040192 368050176 780140544 1192230912 1604321280 2016673792 -1866203136 
1565523968 2003828736 -1852571648 -1414266880 -975699968 -537395200 -99090432 339476480 777781248 1216348160 1654652928 2092957696 -1763442688 -1325137920 -886571008 -448266240 1825832960 -2030829568 -1592524800 -1153957888 -715653120 -277086208 161218560 599523328 1038090240 1476395008 1914699776 -1941700608 -1503395840 -1064828928 -626524160 -188219392 250347520 688652288 1127219200 
237764608 702283776 1167065088 1631846400 2096365568 -1733820416 -1269039104 -804519936 -339738624 125042688 589561856 1054343168 1519124480 1983643648 -1846542336 -1381761024 -917241856 463208448 927989760 1392508928 1857290240 -1972895744 -1508376576 -1043595264 -578813952 -114294784 350486528 815005696 1279787008 1744568320 -2085879808 -1621098496 -1156317184 -691798016 -227016704 
-1142685696 -651689984 -160694272 330301440 821297152 1312030720 1803026432 -2000945152 -1509949440 -1018953728 -527958016 -36962304 454033408 945029120 1436024832 1927020544 -1876951040 -1386217472 -899416064 -408420352 82575360 573571072 1064566784 1555562496 2046558208 -1757413376 -1266417664 -775421952 -284426240 206307328 697303040 1188298752 1679294464 -2124677120 -1633681408 
1719402496 -2058354688 -1541144576 -1023934464 -506724352 10485760 527958016 1045168128 1562378240 2079588352 -1698168832 -1180958720 -663486464 -146276352 370933760 888143872 1405353984 1922564096 -1854930944 2033188864 -1744568320 -1227358208 -710148096 -192675840 324534272 841744384 1358954496 1876164608 -1901592576 -1384120320 -866910208 -349700096 167510016 684720128 1201930240 
233832448 777256960 1320943616 1864368128 -1887174656 -1343488000 -800063488 -256376832 287047680 830734336 1374158848 1917583360 -1833697280 -1290272768 -746586112 -203161600 340525056 883949568 1427374080 1971060736 670564352 1214251008 1757675520 -1993605120 -1450180608 -906756096 -363069440 180355072 724041728 1267466240 1811152896 -1940389888 -1396965376 -853278720 -309854208 
-1304428544 -734527488 -164626432 405012480 974913536 1544814592 2114715648 -1610612736 -1040711680 -470810624 98828288 668729344 1238630400 1808269312 -1916796928 -1346895872 -777256960 -207355904 362545152 932184064 1502085120 -691798016 -122159104 447741952 1017643008 1587281920 -2137784320 -1567883264 -997982208 -428343296 141557760 711458816 1281097728 1850998784 -1874067456 
1399848960 1995964416 -1702887424 -1106771968 -510656512 85458944 681574400 1277689856 1873805312 -1825046528 -1228931072 -632815616 -36700160 559415296 1155530752 1751646208 -1947205632 -1351090176 -754974720 -158859264 436994048 1033109504 -2054422528 -1458307072 -862191616 -266076160 330039296 926154752 1522270208 2118385664 -1580466176 -984350720 -388235264 207880192 803995648 
-243269632 379060224 1001652224 1623982080 -2048655360 -1426325504 -803995648 -181403648 440926208 1063256064 1685585920 -1987051520 -1364459520 -742129664 -119799808 502530048 1124859904 1747451904 -1925185536 -1302855680 -680525824 -58195968 564396032 878182400 1500512256 2122842112 -1549795328 -927465472 -304873472 317456384 939786240 1562116096 -2110521344 -1487929344 -865599488 
-1939079168 -1290272768 -641728512 7077888 655622144 1304428544 1952972800 -1693450240 -1044643840 -396099584 252706816 901251072 1550057472 -2096365568 -1447559168 -799014912 -150208512 498335744 1147142144 1795686400 -1850474496 -1201930240 -553385984 95420416 -484442112 164102144 812908544 1461452800 2110259200 -1536163840 -887357440 -238813184 409993216 1058537472 1707343872 
607649792 1282408448 1957429248 -1662517248 -987496448 -312737792 362283008 1037303808 1712324608 -1907884032 -1232863232 -557842432 116916224 791937024 1466957824 2141978624 -1478230016 -803209216 -128188416 546832384 1221591040 1896611840 -1723334656 -1048576000 -373555200 -1847066624 -1172045824 -497025024 177995776 852754432 1527775232 -2092171264 -1417150464 -742391808 -67371008 
-1193279488 -492044288 209190912 910426112 1611661312 -1982070784 -1280835584 -579600384 121634816 822870016 1524105216 -2069626880 -1368391680 -667156480 34078720 735313920 1436549120 2137784320 -1455947776 -754712576 -53477376 647495680 1348730880 2049966080 -1543766016 -842530816 1085538304 1786773504 -1806958592 -1105723392 -404488192 296747008 997982208 1699217408 -1894514688 
1248067584 1975779328 -1591738368 -864288768 -136839168 590872576 1318322176 2045771776 -1521745920 -794034176 -66584576 660865024 1388314624 2116026368 -1451491328 -724041728 3407872 730857472 1458569216 -2108948480 -1381498880 -654049280 73662464 801112064 1528561664 -2038956032 -1311244288 -277086208 450625536 1178075136 1905524736 -1661992960 -934281216 -206831616 520617984 
-657981440 95944704 849608704 1603534848 -1937768448 -1183842304 -430178304 323747840 1077411840 1831337984 -1709965312 -956039168 -202375168 551550976 1305214976 2059141120 -1482162176 -728236032 25427968 779354112 1533018112 -2008023040 -1254359040 -500432896 253231104 1007157248 1760821248 -1780219904 -1639448576 -885784576 -131858432 621805568 1375731712 2129395712 -1411645440 
1678508032 -1836318720 -1056440320 -276299776 503840768 1283981312 2063859712 -1450967040 -670826496 109314048 889192448 1669332992 -1845493760 -1065353216 -285212672 494665728 1274806272 2054946816 -1459879936 -680001536 100139008 880279552 1660420096 -1854668800 -1074528256 -294387712 485752832 1265631232 2045771776 1292894208 2073034752 -1441792000 -661651456 118226944 898367488 
-332660736 473694208 1280049152 2086404096 -1402208256 -595853312 210501632 1016856576 1823211520 -1665400832 -859045888 -52690944 753664000 1560018944 -1928593408 -1122238464 -315883520 490471424 1296826368 2103181312 -1385431040 -579076096 227278848 1033633792 1839988736 -1648623616 -842268672 -35913728 770441216 1576796160 -69468160 736886784 1543241728 -1945370624 -1139015680 
1898446848 -1563688960 -731119616 101449728 934019072 1766850560 -1695547392 -862978048 -30408704 802422784 1634992128 -1827405824 -994574336 -162004992 670564352 1503133696 -1959002112 -1126432768 -293863424 538968064 1371537408 -2090860544 -1258291200 -425459712 407109632 1239678976 2072510464 -1389887488 -557318144 275251200 1108082688 -1432092672 -599523328 233308160 1065877504 
-217841664 641204224 1499987968 -1935933440 -1077149696 -218103808 640679936 1499725824 -1936457728 -1077411840 -218365952 640417792 1499463680 -1936719872 -1077673984 -218890240 640155648 1498939392 -1936982016 -1078198272 -219152384 639893504 1498677248 -1937244160 -1078460416 -219414528 639369216 1498415104 -1937768448 -1078722560 -219938816 639107072 1500512256 -1935671296 -1076625408 
1908408320 -1501560832 -616300544 268959744 1154220032 2039480320 -1370488832 -485228544 400031744 1285292032 -2124414976 -1239416832 -354156544 531103744 1416364032 -1993342976 -1108344832 -223084544 662175744 1547436032 -1862270976 -977272832 -92012544 793247744 1678508032 -1731198976 -846200832 39059456 924319744 1809580032 -1600126976 -715128832 170131456 137887744 1023148032 
-313262080 598474752 1509949440 -1873543168 -962068480 -50593792 860880896 1772355584 -1611137024 -699662336 211812352 1123287040 2034761728 -1348730880 -437256192 474218496 1385693184 -1997799424 -1086062592 -174587904 736886784 1648361472 -1735131136 -823656448 87818240 999292928 1910767616 -1472724992 -561250304 350224384 1261699072 -2121793536 -1210318848 -298844160 -1224736768 
RESULT of P G * G of Matrix with size 35 X 35


0 0 0 0 0 0 0 0 0 0 0 0 262144 262144 262144 262144 262144 262144 262144 262144 262144 262144 262144 262144 524288 524288 524288 524288 524288 524288 524288 524288 524288 524288 524288 
2097152 0 0 0 0 262144 262144 262144 262144 524288 524288 524288 524288 786432 786432 786432 786432 1048576 1048576 1048576 1048576 1310720 1310720 1310720 1310720 1572864 1572864 1572864 1572864 1835008 1835008 1835008 1835008 2097152 2097152 
3407872 3670016 0 0 262144 262144 262144 524288 524288 786432 786432 786432 1048576 1048576 1310720 1310720 1310720 1572864 1572864 1835008 1835008 2097152 2097152 2097152 2359296 2359296 2621440 2621440 2621440 2883584 2883584 3145728 3145728 3145728 3407872 
4718592 4980736 4980736 0 0 262144 524288 524288 786432 786432 1048576 1048576 1310720 1572864 1572864 1835008 1835008 2097152 2097152 2359296 2621440 2621440 2883584 2883584 3145728 3145728 3407872 3670016 3670016 3932160 3932160 4194304 4194304 4456448 4718592 
6029312 6291456 6291456 6553600 0 262144 262144 524288 786432 1048576 1048576 1310720 1572864 1835008 1835008 2097152 2359296 2359296 2621440 2883584 3145728 3145728 3407872 3670016 3932160 3932160 4194304 4456448 4718592 4718592 4980736 5242880 5505024 5505024 5767168 
7077888 7340032 7602176 7864320 8126464 0 262144 524288 786432 1048576 1048576 1310720 1572864 1835008 2097152 2359296 2621440 2883584 3145728 3407872 3670016 3670016 3932160 4194304 4456448 4718592 4980736 5242880 5505024 5767168 6029312 6029312 6291456 6553600 6815744 
8126464 8388608 8650752 8912896 9175040 9437184 0 262144 524288 786432 1048576 1310720 1572864 2097152 2359296 2621440 2883584 3145728 3407872 3670016 3932160 4194304 4456448 4718592 4980736 5242880 5505024 5767168 6291456 6553600 6815744 7077888 7340032 7602176 7864320 
9175040 9437184 9699328 9961472 10223616 10747904 11010048 0 262144 786432 1048576 1310720 1572864 2097152 2359296 2621440 2883584 3145728 3670016 3932160 4194304 4456448 4980736 5242880 5505024 5767168 6029312 6553600 6815744 7077888 7340032 7864320 8126464 8388608 8650752 
9961472 10223616 10747904 11010048 11272192 11796480 12058624 12582912 0 524288 786432 1048576 1572864 1835008 2359296 2621440 2883584 3407872 3670016 4194304 4456448 4718592 5242880 5505024 6029312 6291456 6553600 7077888 7340032 7602176 8126464 8388608 8912896 9175040 9437184 
10747904 11010048 11534336 11796480 12320768 12845056 13107200 13631488 13893632 0 524288 786432 1310720 1835008 2097152 2621440 2883584 3407872 3670016 4194304 4456448 4980736 5505024 5767168 6291456 6553600 7077888 7340032 7864320 8126464 8650752 9175040 9437184 9961472 10223616 
11272192 11796480 12320768 12845056 13107200 13631488 14155776 14417920 14942208 15466496 0 524288 1048576 1572864 1835008 2359296 2883584 3145728 3670016 4194304 4718592 4980736 5505024 6029312 6291456 6815744 7340032 7864320 8126464 8650752 9175040 9699328 9961472 10485760 11010048 
12058624 12582912 12845056 13369344 13893632 14417920 14942208 15466496 15990784 16515072 17039360 0 524288 1048576 1572864 2097152 2621440 3145728 3670016 4194304 4456448 4980736 5505024 6029312 6553600 7077888 7602176 8126464 8388608 8912896 9437184 9961472 10485760 11010048 11534336 
12582912 13107200 13631488 14155776 14680064 15204352 15728640 16252928 16777216 17301504 17825792 18350080 262144 786432 1310720 1835008 2359296 2883584 3407872 3932160 4456448 4980736 5505024 6029312 6553600 7077888 7602176 8126464 8650752 9175040 9699328 10223616 11010048 11534336 12058624 
12845056 13369344 14155776 14680064 15204352 15728640 16515072 17039360 17563648 18087936 18612224 19398656 19922944 262144 786432 1310720 1835008 2359296 3145728 3670016 4194304 4718592 5505024 6029312 6553600 7077888 7602176 8388608 8912896 9437184 9961472 10485760 11272192 11796480 12320768 
13369344 13893632 14417920 15204352 15728640 16252928 17039360 17563648 18350080 18874368 19398656 20185088 20709376 21233664 262144 786432 1310720 2097152 2621440 3407872 3932160 4456448 5242880 5767168 6291456 7077888 7602176 8388608 8912896 9437184 10223616 10747904 11272192 12058624 12582912 
13631488 14155776 14942208 15466496 16252928 16777216 17563648 18087936 18874368 19398656 20185088 20709376 21495808 22282240 22806528 262144 786432 1572864 2097152 2883584 3670016 4194304 4980736 5505024 6291456 6815744 7602176 8126464 8912896 9437184 10223616 10747904 11534336 12058624 12845056 
13631488 14417920 15204352 15728640 16515072 17301504 17825792 18612224 19398656 20185088 20709376 21495808 22282240 22806528 23592960 24379392 262144 1048576 1572864 2359296 3145728 3670016 4456448 5242880 6029312 6553600 7340032 8126464 8650752 9437184 10223616 10747904 11534336 12320768 13107200 
13893632 14417920 15204352 15990784 16777216 17563648 18350080 19136512 19660800 20447232 21233664 22020096 22806528 23592960 24379392 25165824 25690112 262144 1048576 1835008 2621440 3145728 3932160 4718592 5505024 6291456 7077888 7864320 8388608 9175040 9961472 10747904 11534336 12320768 13107200 
13893632 14680064 15466496 16252928 17039360 17825792 18612224 19398656 20185088 20971520 21757952 22544384 23330816 24117248 24903680 25690112 26476544 27262976 262144 1048576 1835008 2621440 3407872 4194304 4980736 5767168 6553600 7340032 8126464 8912896 9699328 10485760 11272192 12058624 13107200 
13631488 14417920 15466496 16252928 17039360 17825792 18612224 19660800 20447232 21233664 22020096 22806528 23855104 24641536 25427968 26214400 27000832 27787264 28835840 262144 1048576 2097152 2883584 3670016 4456448 5242880 6029312 7077888 7864320 8650752 9437184 10223616 11272192 12058624 12845056 
13631488 14417920 15204352 16252928 17039360 17825792 18874368 19660800 20447232 21495808 22282240 23068672 24117248 24903680 25952256 26738688 27525120 28573696 29360128 30146560 262144 1310720 2097152 2883584 3932160 4718592 5505024 6553600 7340032 8126464 9175040 9961472 11010048 11796480 12582912 
13369344 14155776 15204352 15990784 17039360 17825792 18874368 19660800 20709376 21495808 22544384 23330816 24379392 25165824 26214400 27000832 28049408 28835840 29884416 30670848 31719424 262144 1310720 2097152 3145728 3932160 4980736 5767168 6815744 7602176 8650752 9699328 10485760 11534336 12320768 
12845056 13893632 14942208 15728640 16777216 17825792 18612224 19660800 20709376 21495808 22544384 23592960 24379392 25427968 26476544 27525120 28311552 29360128 30408704 31195136 32243712 33292288 262144 1310720 2359296 3145728 4194304 5242880 6291456 7077888 8126464 9175040 9961472 11010048 12058624 
12582912 13369344 14417920 15466496 16515072 17563648 18612224 19660800 20447232 21495808 22544384 23592960 24641536 25690112 26476544 27525120 28573696 29622272 30670848 31719424 32768000 33554432 34603008 262144 1310720 2359296 3407872 4456448 5505024 6553600 7340032 8388608 9437184 10485760 11534336 
12058624 13107200 14155776 15204352 16252928 17301504 18350080 19398656 20447232 21495808 22544384 23592960 24641536 25690112 26738688 27787264 28835840 29884416 30932992 31981568 33030144 34078720 35127296 36175872 524288 1572864 2621440 3670016 4718592 5767168 6815744 7864320 8912896 9961472 11010048 
11272192 12582912 13631488 14680064 15728640 16777216 17825792 19136512 20185088 21233664 22282240 23330816 24379392 25690112 26738688 27787264 28835840 29884416 31195136 32243712 33292288 34340864 35389440 36438016 37748736 524288 1572864 2621440 3670016 4718592 6029312 7077888 8126464 9175040 10223616 
10747904 11796480 12845056 14155776 15204352 16252928 17563648 18612224 19660800 20971520 22020096 23068672 24379392 25427968 26476544 27787264 28835840 29884416 31195136 32243712 33554432 34603008 35651584 36962304 38010880 39059456 524288 1572864 2621440 3932160 4980736 6029312 7340032 8388608 9437184 
9961472 11010048 12320768 13369344 14680064 15728640 17039360 18087936 19398656 20447232 21757952 22806528 24117248 25165824 26476544 27525120 28835840 29884416 31195136 32243712 33554432 34603008 35913728 36962304 38273024 39321600 40632320 524288 1572864 2883584 3932160 5242880 6291456 7602176 8650752 
9175040 10223616 11534336 12845056 13893632 15204352 16515072 17563648 18874368 20185088 21233664 22544384 23855104 24903680 26214400 27525120 28573696 29884416 31195136 32243712 33554432 34603008 35913728 37224448 38273024 39583744 40894464 41943040 524288 1835008 2883584 4194304 5505024 6553600 7864320 
8126464 9437184 10747904 11796480 13107200 14417920 15728640 17039360 18350080 19398656 20709376 22020096 23330816 24641536 25952256 27000832 28311552 29622272 30932992 32243712 33554432 34603008 35913728 37224448 38535168 39845888 40894464 42205184 43515904 524288 1835008 3145728 4194304 5505024 6815744 
7077888 8388608 9699328 11010048 12320768 13631488 14942208 16252928 17563648 18874368 20185088 21495808 22806528 24117248 25427968 26738688 28049408 29360128 30670848 31981568 33292288 34603008 35913728 37224448 38535168 39845888 41156608 42467328 43778048 45088768 524288 1835008 3145728 4456448 5767168 
6029312 7340032 8650752 9961472 11272192 12845056 14155776 15466496 16777216 18087936 19398656 20709376 22282240 23592960 24903680 26214400 27525120 28835840 30408704 31719424 33030144 34340864 35651584 36962304 38273024 39845888 41156608 42467328 43778048 45088768 46399488 524288 1835008 3145728 4718592 
4718592 6291456 7602176 8912896 10223616 11796480 13107200 14417920 15990784 17301504 18612224 20185088 21495808 22806528 24379392 25690112 27000832 28573696 29884416 31195136 32768000 34078720 35389440 36962304 38273024 39583744 40894464 42467328 43778048 45088768 46661632 47972352 524288 2097152 3407872 
3407872 4980736 6291456 7864320 9175040 10747904 12058624 13631488 14942208 16515072 17825792 19398656 20709376 22282240 23592960 25165824 26476544 27787264 29360128 30670848 32243712 33554432 35127296 36438016 38010880 39321600 40894464 42205184 43778048 45088768 46661632 47972352 49545216 524288 2097152 
2097152 3670016 4980736 6553600 8126464 9437184 11010048 12582912 13893632 15466496 17039360 18350080 19922944 21233664 22806528 24379392 25690112 27262976 28835840 30146560 31719424 33292288 34603008 36175872 37748736 39059456 40632320 41943040 43515904 45088768 46399488 47972352 49545216 50855936 524288 
RESULT of P * Gt of Matrix with size 35 X 35


324009984 801636352 1279000576 1756626944 -2060976128 -1583611904 -1105985536 -628621312 -151257088 326369280 803733504 1281097728 1758724096 -2058878976 -1581514752 -1103888384 -626524160 -149159936 328466432 805830656 1283194880 1760821248 -2056781824 -1579155456 -1101791232 -624427008 -146800640 330563584 807927808 1285554176 1762918400 -2054684672 -1577058304 -1099694080 -622329856 
1215299584 950272000 -1947467776 -549978112 847249408 -2050228224 -653000704 744488960 2141716480 -756023296 641466368 2038693888 -858783744 538443776 1935933440 -961806336 435421184 1832910848 -1064828928 332660736 1729888256 -1167589376 229638144 1626865664 -1270611968 126615552 1524105216 -1373634560 23855104 1421082624 -1476657152 -79167488 1318060032 -1579417600 -182190080 
735313920 -1242300416 1576534016 -401342464 1916010496 -61865984 -2039480320 277610496 -1700003840 617086976 -1360527360 956563456 -1021050880 1296039936 -681574400 1635516416 -342097920 1974992896 -2621440 -1980497920 336855040 -1641021440 676331520 -1301544960 1015808000 -962068480 1355284480 -622592000 1694760960 -283115520 2034237440 56360960 -1921253376 395837440 -1581776896 
-1584136192 1652817920 595066880 -2092433408 1144782848 86769664 -970981376 -2028994560 1208221696 150470656 -907542528 -1965293568 1271660544 213909504 -843841536 -1901854720 1335361536 277348352 -780402688 -1838415872 1398800384 341049344 -716963840 -1774714880 1462239232 404488192 -653524992 -1711276032 1525940224 467927040 -589824000 -1647837184 1589379072 531365888 -526385152 
-1448607744 -1586495488 -1724645376 -1862533120 -1466171392 -1604321280 -1742209024 -1880096768 -2018246656 2138832896 2000945152 1862795264 1724907520 1587019776 1448869888 1310982144 1173094400 1034944512 897056768 759169024 621019136 483131392 344981504 207093760 69206016 -68943872 -206831616 -344719360 -482869248 -620756992 -758644736 -896794624 -1034682368 -1172570112 -1310720000 
1142161408 1924136960 -1588854784 -807141376 -25165824 -840171520 -58195968 723779584 1505492992 -2007498752 -1225523200 -443547648 338165760 1120141312 1902116864 -1610874880 -829161472 -47185920 734789632 1516503040 -1996488704 -1214513152 -432537600 349175808 1131151360 1913126912 -1599864832 -818151424 -36175872 745799680 1527513088 -1985478656 -1203503104 -421527552 360185856 
1893203968 -699924480 1001914368 -1591214080 110362624 1812201472 -213909504 1487929344 -1105461248 596377600 -1996750848 -294912000 1406926848 -1186463744 515375104 -2077753344 -375914496 1325924352 -1267466240 434372608 2136211456 -456916992 1244921856 -1348206592 353370112 2055208960 -537919488 1163919360 -1429209088 272367616 1974206464 -618921984 1082916864 -1510211584 191365120 
804519936 -868745216 1752956928 79691776 -1593573376 1027866624 -645398528 412090368 -1261174784 1360527360 -312737792 -1986002944 635699200 -1037565952 1584136192 -89391104 -1762656256 859045888 -814219264 1807482880 134217728 -1539047424 1082654720 -590872576 2030829568 357564416 -1315700736 1306001408 -367263744 -2040528896 581173248 -1092091904 1529348096 -143917056 -1817182208 
-2123890688 1417674752 664272896 -89128960 -842530816 -1595932672 1945370624 1191968768 1038352384 284950528 -468451328 -1221853184 -1975255040 1566310400 812908544 59506688 -693895168 -1447297024 2094268416 1340604416 587202560 -166199296 -919601152 -1673003008 1868562432 1115160576 361758720 -391643136 -1145044992 -1898446848 1643118592 889716736 136314880 -617086976 -1370488832 
1697644544 1864105984 2030567424 -2097938432 -1931476992 -1765015552 -1598291968 -1431830528 -1265369088 1664614400 1831075840 1997537280 -2130968576 -1964507136 -1798045696 -1631584256 -1465122816 -1298661376 -1132199936 -965738496 -799277056 -632815616 -466354176 -299892736 -133431296 33030144 199491584 365953024 532414464 698875904 865337344 1031798784 1198260224 1364721664 1531183104 
-615251968 471072768 1557397504 -1651245056 -564920320 521404416 1607729152 -1600913408 -514326528 571998208 -2004353024 -918028288 168296448 1254621184 -1953759232 -867434496 218890240 1305214976 -1903427584 -817102848 269221888 1355546624 -1853095936 -766771200 319815680 1406140416 -1802502144 -716177408 370147328 1456472064 -1752170496 -665845760 420478976 1507065856 -1701576704 
-473169920 1533018112 -755761152 1250689024 -1038090240 968097792 -1320681472 685506560 -1603272704 403177472 -1885601792 -1378091008 628097024 -1660682240 345505792 -1943273472 63176704 2069364736 -219414528 1786773504 -502005760 1504182272 -784334848 1221853184 -1066926080 939261952 -1349517312 656932864 -1631846400 374341632 -1914437632 91750400 2097938432 -190578688 1815609344 
2124152832 755236864 -613416960 -1982332928 943718400 -425197568 -1793851392 1132199936 -236716032 -1605632000 1320681472 -48234496 -752091136 -2121007104 805306368 -563609600 -1932525568 993525760 -375128064 -1744044032 1182007296 -186646528 -1555562496 1370488832 1572864 -1367080960 1558970368 190054400 -1178861568 1747451904 378535936 -990380032 1935671296 567017472 -801898496 
-1413218304 -1862270976 1983905792 1534853120 1085800448 637009920 187957248 -261095424 -709885952 -1158938624 -1607991296 -2056781824 1789132800 -125829120 -574881792 -1023934464 -1472724992 -1921777664 1924136960 1475346432 1026293760 577241088 128450560 -320602112 -769654784 -1218445312 -1667497984 -2116550656 1729626112 1280573440 831520768 382730240 -66322432 -515375104 -964165632 
1799618560 -2024538112 -1553465344 -1082654720 -611581952 -140771328 330039296 801112064 1271922688 1742995456 -2081161216 -1610350592 -1139277824 -668467200 500170752 971243520 1442054144 1913126912 -1911029760 -1440219136 -969146368 -498335744 -27262976 443547648 914358272 1385431040 1856241664 -1967652864 -1496842240 -1026031616 -554958848 -84148224 386924544 857735168 1328545792 
-1122238464 268435456 1659371520 -1244921856 146014208 1536688128 -1367605248 23330816 1414004736 -1490026496 -99352576 1291583488 -1612709888 -221773824 1168900096 1126432768 -1777860608 -386924544 1003749376 -1900281856 -509607936 881328128 -2022965248 -632029184 758644736 -2145386496 -754712576 636223488 2026897408 -877133824 513540096 1904476160 -999817216 391118848 1781792768 
-1589116928 721682432 -1262747648 1048051712 -936378368 1374420992 -610009088 1700790272 -283377664 2027159552 42991616 -1941438464 369360896 -1615069184 695730176 -1288699904 1752432640 -231735296 2079064064 94633984 -1889533952 421003264 -1563164672 747372544 -1236795392 1073741824 -910426112 1400373248 -584056832 1726742528 -257687552 2053111808 68681728 -1915486208 395313152 
399245312 -665059328 -1729363968 1501036544 436731904 -627572736 -1692139520 1538523136 474218496 -590348288 -1654652928 1575747584 511442944 -552861696 -1617428480 1613234176 548929536 -1916272640 1314390016 249823232 -814481408 -1878786048 1351614464 287309824 -777256960 -1841561600 1389101056 324534272 -739770368 -1804075008 1426325504 362020864 -702283776 -1766850560 1463812096 
548143104 403439616 258998272 114556928 -30146560 -174587904 -319029248 -463470592 -608174080 -752615424 -897056768 -1041760256 -1186201600 -1330642944 -1475084288 -1619787776 -1764229120 -1908670464 -1290010624 -1434714112 -1579155456 -1723596800 -1868300288 -2012741632 2137784320 1993342976 1848639488 1704198144 1559756800 1415053312 1270611968 1126170624 981729280 837025792 692584448 
-1142947840 -367788032 407633920 1183055872 1958477824 -1561067520 -785907712 -10485760 764936192 1540358144 -1979187200 -1204027392 -428605440 346816512 1122238464 1897660416 -1622147072 -846725120 -71303168 -664010752 111411200 886833152 1661992960 -1857552384 -1082130432 -306708480 468713472 1243873280 2019295232 -1500250112 -724828160 50593792 825753600 1601175552 -1918369792 
-378798080 1316225024 -1283457024 411828224 2107113472 -492568576 1202716672 -1396965376 298319872 1993342976 -606339072 1088946176 -1510735872 184549376 1879834624 -719847424 975175680 -1624506368 70778880 1766064128 -37748736 1657536512 -942407680 752877568 -1846804480 -151519232 1543766016 -1055916032 639369216 -1960574976 -265289728 1429995520 -1169686528 525598720 -2074083328 
-1454637056 1160511488 -519307264 2095841280 416022528 -1263796224 1351352320 -328466432 -2008285184 606863360 -1072955392 1542193152 -137625600 -1817444352 797704192 -882376704 1732771840 52953088 -1626865664 988282880 -691535872 588251136 -1091567616 1523580928 -156237824 -1836056576 779091968 -900726784 1714421760 34603008 -1645215744 969932800 -709885952 1905000448 225181696 
-74973184 -834928640 -1594884096 1940127744 1180172288 420216832 -339738624 -1099694080 -1859649536 1675362304 915406848 155451392 -604504064 -1364459520 -2124414976 1410596864 650641408 -109314048 -869269504 -1629224960 1905786880 1145831424 1214513152 454557696 -305397760 -1065353216 -1825308672 1709703168 949747712 189792256 -570163200 -1330118656 -2090074112 1444937728 684982272 
-535298048 -375128064 -215220224 -55312384 104595456 264503296 424411136 584318976 744226816 904134656 1064042496 1223950336 1384120320 1544028160 1703936000 1863843840 2023751680 -2111307776 -1951399936 -1791492096 -1631584256 -1471676416 -1311768576 1840513024 2000420864 -2134376448 -1974468608 -1814560768 -1654652928 -1494745088 -1334837248 -1174929408 -1015021568 -855113728 -695205888 
1459879936 -1755316224 -675545088 404226048 1483997184 -1730936832 -651165696 428605440 1508376576 -1706819584 -627048448 452984832 1532755968 -1682440192 -602669056 477102080 1556873216 -1658060800 -578289664 501481472 1581252608 -1633943552 -554172416 525860864 -1828192256 -748421120 331350016 1411121152 -1803812864 -724041728 355729408 1435500544 -1779695616 -699924480 380108800 
1615069184 -680263680 1319370752 -975699968 1023934464 -1271398400 728236032 -1566834688 432799744 -1862533120 137101312 2136997888 -158334976 1841299456 -454033408 1545601024 -749469696 1250164736 -1045168128 954466304 -1340604416 659030016 -1636302848 363331584 -1931739136 -1202192384 797704192 -1497628672 502005760 -1793327104 206569472 -2088763392 -89128960 1910505472 -384565248 
-69468160 -1444937728 1474822144 99352576 -1276116992 1643380736 268173312 -1107296256 1812201472 436994048 -938475520 1981022208 605814784 -769654784 -2145124352 774635520 -600834048 -1976303616 943456256 -432013312 -1807482880 1112276992 -263192576 -1638662144 1280835584 -94371840 -575930368 -1951399936 968359936 -407109632 -1782579200 1137180672 -238288896 -1613758464 1306001408 
701235200 245628928 -209715200 -665321472 -1120927744 -1576271872 -2031878144 1807482880 1352138752 896532480 441188352 -14417920 -470024192 -925368320 -1380974592 -1836318720 2003042304 1547436032 1092091904 636485632 181141504 -274464768 -730071040 -1185415168 -1641021440 -2096365568 1742995456 50331648 -405274624 -860880896 -1316225024 -1771831296 2067791872 1612185600 1156579328 
-368050176 96468992 560726016 1025245184 1489502208 1954021376 -1876688896 -1412169728 -947912704 -483393536 -19136512 445382656 909639680 1374158848 1838415872 -1992294400 -1527775232 -1063518208 -598999040 -134742016 329777152 794034176 1258553344 1722810368 -2107637760 -1643380736 -1178861568 -714604544 676331520 1140850688 1605107712 2069626880 -1761083392 -1296826368 -832307200 
1018167296 -1892417536 -508297216 876085248 -2034761728 -650379264 733741056 2118123520 -792723456 591659008 1975779328 -934805504 449314816 1833697280 -1076887552 307232768 1691615232 -1219231744 165150720 1549271040 -1361313792 22806528 1407188992 -1503657984 -119275520 1265106944 -1645740032 -261357568 1122762752 1302593536 -1608253440 -223870976 1160249344 -1750335488 -366215168 
564396032 -1426325504 877920256 -1113063424 1191182336 -799801344 1504444416 -486277120 1817706496 -173015040 2131230720 140247040 -1850474496 453509120 -1537212416 767033344 -1223950336 1080295424 -910426112 1393557504 -597164032 1706819584 -283901952 2020343808 29360128 -1961361408 342622208 -1648099328 656146432 -1334837248 1928593408 -62128128 -2052849664 251133952 -1739587584 
-1728839680 1495007232 424148992 -646709248 -1717829632 1506279424 435421184 -635699200 -1706557440 1517551616 446693376 -624427008 -1695285248 1528823808 457703424 -613154816 -1684013056 1539833856 468975616 -601882624 -1672740864 1551106048 480247808 -590610432 -1661730816 1562378240 491520000 -579600384 -1650458624 1573650432 502530048 -1740111872 1483997184 412876800 -657981440 
-1567096832 -1718353920 -1869348864 -2020343808 2123628544 1972633600 1821376512 1670381568 1519386624 1368391680 1217134592 1066139648 915144704 764149760 612892672 461897728 310902784 159907840 8912896 -142344192 -293339136 -444334080 -595329024 -746586112 -897581056 -1048576000 -1199570944 -1350828032 -1501822976 -1652817920 -1803812864 -1954807808 -1114112000 -1265106944 -1416101888 
1049886720 1818492928 -1707606016 -938737664 -169869312 598999040 1367867392 2136735744 -1389625344 -620756992 148111360 916979712 1685848064 -1840250880 -1071644672 -302776320 466092032 1234960384 2003828736 -1522270208 -753401856 15204352 784072704 1552941056 -1973157888 -1204289536 -435421184 333185024 1102053376 1870921728 -1655177216 -886308864 -117440512 -487849984 281018368 
1826881536 -779354112 909377536 -1696858112 -8126464 1680605184 -925630464 763101184 -1843134464 -154402816 1534328832 -1071906816 616562688 -1989672960 -300941312 1387790336 -1218445312 470286336 -2135949312 -447217664 1241513984 -1364721664 324009984 2012741632 -593494016 1094975488 -1511260160 177471488 1866203136 -740032512 948699136 -1657536512 31195136 1719926784 138149888 
RESULT of PG * Gt of Matrix with size 35 X 35


16777216 16777216 16777216 16777216 16777216 16777216 16777216 16777216 16777216 16777216 16777216 16777216 17039360 17039360 17039360 17039360 17039360 17039360 17039360 17039360 17039360 17039360 17039360 17039360 17301504 17301504 17301504 17301504 17301504 17301504 17301504 17301504 17301504 17301504 17301504 
17301504 16777216 16777216 16777216 16777216 16777216 16777216 16777216 16777216 16777216 16777216 16777216 17039360 17039360 17039360 17039360 17039360 17039360 17039360 17039360 17039360 17039360 17039360 17039360 17301504 17301504 17301504 17301504 17301504 17301504 17301504 17301504 17301504 17301504 17301504 
17301504 17301504 16777216 16777216 16777216 16777216 16777216 16777216 16777216 16777216 16777216 16777216 17039360 17039360 17039360 17039360 17039360 17039360 17039360 17039360 17039360 17039360 17039360 17039360 17301504 17301504 17301504 17301504 17301504 17301504 17301504 17301504 17301504 17301504 17301504 
17301504 17301504 17563648 16777216 16777216 16777216 16777216 16777216 16777216 16777216 16777216 16777216 17039360 17039360 17039360 17039360 17039360 17039360 17039360 17039360 17039360 17039360 17039360 17039360 17301504 17301504 17301504 17301504 17301504 17301504 17301504 17301504 17301504 17301504 17301504 
17301504 17301504 17563648 17563648 16777216 16777216 16777216 16777216 16777216 16777216 16777216 16777216 17039360 17039360 17039360 17039360 17039360 17039360 17039360 17039360 17039360 17039360 17039360 17039360 17301504 17301504 17301504 17301504 17301504 17301504 17301504 17301504 17301504 17301504 17301504 
17301504 17301504 17563648 17563648 17563648 16777216 16777216 16777216 16777216 16777216 16777216 16777216 17039360 17039360 17039360 17039360 17039360 17039360 17039360 17039360 17039360 17039360 17039360 17039360 17301504 17301504 17301504 17301504 17301504 17301504 17301504 17301504 17301504 17301504 17301504 
17301504 17301504 17563648 17563648 17563648 17563648 16777216 16777216 16777216 16777216 16777216 16777216 17039360 17039360 17039360 17039360 17039360 17039360 17039360 17039360 17039360 17039360 17039360 17039360 17301504 17301504 17301504 17301504 17301504 17301504 17301504 17301504 17301504 17301504 17301504 
17301504 17563648 17563648 17563648 17563648 17563648 17563648 16777216 16777216 16777216 16777216 16777216 17039360 17039360 17039360 17039360 17039360 17039360 17039360 17039360 17039360 17039360 17039360 17039360 17301504 17301504 17301504 17301504 17301504 17301504 17301504 17301504 17301504 17301504 17301504 
17301504 17563648 17563648 17563648 17563648 17563648 17563648 17563648 16777216 16777216 16777216 16777216 17039360 17039360 17039360 17039360 17039360 17039360 17039360 17039360 17039360 17039360 17039360 17039360 17301504 17301504 17301504 17301504 17301504 17301504 17301504 17301504 17301504 17301504 17301504 
17301504 17563648 17563648 17563648 17563648 17563648 17563648 17563648 17563648 16777216 16777216 16777216 17039360 17039360 17039360 17039360 17039360 17039360 17039360 17039360 17039360 17039360 17039360 17039360 17301504 17301504 17301504 17301504 17301504 17301504 17301504 17301504 17301504 17301504 17301504 
17301504 17563648 17563648 17563648 17563648 17563648 17563648 17563648 17563648 17563648 16777216 16777216 17039360 17039360 17039360 17039360 17039360 17039360 17039360 17039360 17039360 17039360 17039360 17039360 17301504 17301504 17301504 17301504 17301504 17301504 17301504 17301504 17301504 17301504 17301504 
17301504 17563648 17563648 17563648 17563648 17563648 17563648 17563648 17563648 17563648 17563648 16777216 17039360 17039360 17039360 17039360 17039360 17039360 17039360 17039360 17039360 17039360 17039360 17039360 17301504 17301504 17301504 17301504 17301504 17301504 17301504 17301504 17301504 17301504 17301504 
17301504 17563648 17563648 17563648 17563648 17563648 17563648 17563648 17563648 17563648 17563648 17563648 17039360 17039360 17039360 17039360 17039360 17039360 17039360 17039360 17039360 17039360 17039360 17039360 17301504 17301504 17301504 17301504 17301504 17301504 17301504 17301504 17301504 17301504 17301504 
17301504 17563648 17563648 17563648 17563648 17563648 17563648 17563648 17563648 17563648 17563648 17563648 17563648 17039360 17039360 17039360 17039360 17039360 17039360 17039360 17039360 17039360 17039360 17039360 17301504 17301504 17301504 17301504 17301504 17301504 17301504 17301504 17301504 17301504 17301504 
17301504 17563648 17563648 17563648 17563648 17563648 17563648 17563648 17563648 17563648 17563648 17563648 17563648 17563648 17039360 17039360 17039360 17039360 17039360 17039360 17039360 17039360 17039360 17039360 17301504 17301504 17301504 17301504 17301504 17301504 17301504 17301504 17301504 17301504 17301504 
17301504 17563648 17563648 17563648 17563648 17563648 17563648 17563648 17563648 17563648 17563648 17563648 17563648 17563648 17825792 17039360 17039360 17039360 17039360 17039360 17039360 17039360 17039360 17039360 17301504 17301504 17301504 17301504 17301504 17301504 17301504 17301504 17301504 17301504 17301504 
17301504 17563648 17563648 17563648 17563648 17563648 17563648 17563648 17563648 17563648 17563648 17563648 17563648 17563648 17825792 17825792 17039360 17039360 17039360 17039360 17039360 17039360 17039360 17039360 17301504 17301504 17301504 17301504 17301504 17301504 17301504 17301504 17301504 17301504 17301504 
17301504 17563648 17563648 17563648 17563648 17563648 17563648 17563648 17563648 17563648 17563648 17563648 17563648 17563648 17825792 17825792 17825792 17039360 17039360 17039360 17039360 17039360 17039360 17039360 17301504 17301504 17301504 17301504 17301504 17301504 17301504 17301504 17301504 17301504 17301504 
17301504 17563648 17563648 17563648 17563648 17563648 17563648 17563648 17563648 17563648 17563648 17563648 17563648 17825792 17825792 17825792 17825792 17825792 17039360 17039360 17039360 17039360 17039360 17039360 17301504 17301504 17301504 17301504 17301504 17301504 17301504 17301504 17301504 17301504 17301504 
17301504 17563648 17563648 17563648 17563648 17563648 17563648 17563648 17563648 17563648 17563648 17563648 17563648 17825792 17825792 17825792 17825792 17825792 17825792 17039360 17039360 17039360 17039360 17039360 17301504 17301504 17301504 17301504 17301504 17301504 17301504 17301504 17301504 17301504 17301504 
17301504 17563648 17563648 17563648 17563648 17563648 17563648 17563648 17563648 17563648 17563648 17563648 17563648 17825792 17825792 17825792 17825792 17825792 17825792 17825792 17039360 17039360 17039360 17039360 17301504 17301504 17301504 17301504 17301504 17301504 17301504 17301504 17301504 17301504 17301504 
17301504 17563648 17563648 17563648 17563648 17563648 17563648 17563648 17563648 17563648 17563648 17563648 17563648 17825792 17825792 17825792 17825792 17825792 17825792 17825792 17825792 17039360 17039360 17039360 17301504 17301504 17301504 17301504 17301504 17301504 17301504 17301504 17301504 17301504 17301504 
17301504 17563648 17563648 17563648 17563648 17563648 17563648 17563648 17563648 17563648 17563648 17563648 17563648 17825792 17825792 17825792 17825792 17825792 17825792 17825792 17825792 17825792 17039360 17039360 17301504 17301504 17301504 17301504 17301504 17301504 17301504 17301504 17301504 17301504 17301504 
17301504 17563648 17563648 17563648 17563648 17563648 17563648 17563648 17563648 17563648 17563648 17563648 17563648 17825792 17825792 17825792 17825792 17825792 17825792 17825792 17825792 17825792 17825792 17039360 17301504 17301504 17301504 17301504 17301504 17301504 17301504 17301504 17301504 17301504 17301504 
17301504 17563648 17563648 17563648 17563648 17563648 17563648 17563648 17563648 17563648 17563648 17563648 17563648 17825792 17825792 17825792 17825792 17825792 17825792 17825792 17825792 17825792 17825792 17825792 17301504 17301504 17301504 17301504 17301504 17301504 17301504 17301504 17301504 17301504 17301504 
17301504 17563648 17563648 17563648 17563648 17563648 17563648 17563648 17563648 17563648 17563648 17563648 17563648 17825792 17825792 17825792 17825792 17825792 17825792 17825792 17825792 17825792 17825792 17825792 17825792 17301504 17301504 17301504 17301504 17301504 17301504 17301504 17301504 17301504 17301504 
17301504 17563648 17563648 17563648 17563648 17563648 17563648 17563648 17563648 17563648 17563648 17563648 17563648 17825792 17825792 17825792 17825792 17825792 17825792 17825792 17825792 17825792 17825792 17825792 17825792 18087936 17301504 17301504 17301504 17301504 17301504 17301504 17301504 17301504 17301504 
17301504 17563648 17563648 17563648 17563648 17563648 17563648 17563648 17563648 17563648 17563648 17563648 17563648 17825792 17825792 17825792 17825792 17825792 17825792 17825792 17825792 17825792 17825792 17825792 17825792 18087936 18087936 17301504 17301504 17301504 17301504 17301504 17301504 17301504 17301504 
17301504 17563648 17563648 17563648 17563648 17563648 17563648 17563648 17563648 17563648 17563648 17563648 17563648 17825792 17825792 17825792 17825792 17825792 17825792 17825792 17825792 17825792 17825792 17825792 17825792 18087936 18087936 18087936 17301504 17301504 17301504 17301504 17301504 17301504 17301504 
17301504 17563648 17563648 17563648 17563648 17563648 17563648 17563648 17563648 17563648 17563648 17563648 17563648 17825792 17825792 17825792 17825792 17825792 17825792 17825792 17825792 17825792 17825792 17825792 17825792 18087936 18087936 18087936 18087936 17301504 17301504 17301504 17301504 17301504 17301504 
17301504 17301504 17563648 17563648 17563648 17563648 17563648 17563648 17563648 17563648 17563648 17563648 17563648 17825792 17825792 17825792 17825792 17825792 17825792 17825792 17825792 17825792 17825792 17825792 17825792 18087936 18087936 18087936 18087936 18087936 17301504 17301504 17301504 17301504 17301504 
17301504 17301504 17563648 17563648 17563648 17563648 17563648 17563648 17563648 17563648 17563648 17563648 17563648 17563648 17825792 17825792 17825792 17825792 17825792 17825792 17825792 17825792 17825792 17825792 17825792 18087936 18087936 18087936 18087936 18087936 18087936 17301504 17301504 17301504 17301504 
17301504 17301504 17563648 17563648 17563648 17563648 17563648 17563648 17563648 17563648 17563648 17563648 17563648 17563648 17825792 17825792 17825792 17825792 17825792 17825792 17825792 17825792 17825792 17825792 17825792 18087936 18087936 18087936 18087936 18087936 18087936 18087936 17301504 17301504 17301504 
17301504 17301504 17563648 17563648 17563648 17563648 17563648 17563648 17563648 17563648 17563648 17563648 17563648 17563648 17825792 17825792 17825792 17825792 17825792 17825792 17825792 17825792 17825792 17825792 17825792 18087936 18087936 18087936 18087936 18087936 18087936 18087936 18087936 17301504 17301504 
17301504 17301504 17563648 17563648 17563648 17563648 17563648 17563648 17563648 17563648 17563648 17563648 17563648 17563648 17825792 17825792 17825792 17825792 17825792 17825792 17825792 17825792 17825792 17825792 17825792 18087936 18087936 18087936 18087936 18087936 18087936 18087936 18087936 18087936 17301504 
RESULT of Pt * G of Matrix with size 35 X 35


-204472320 396361728 996933632 1597505536 -2096889856 -1496317952 -895746048 -294912000 305659904 906231808 1506803712 2107375616 -1587019776 -986185728 -385613824 214958080 815529984 1416101888 2016673792 -1677459456 -1076887552 -476315648 124256256 724828160 1325400064 1926234112 -1768161280 -1167589376 -567017472 33554432 634126336 1234960384 1835532288 -1858863104 -1258291200 
-780926976 247463936 848822272 1450180608 2051538944 -1641807872 -1040449536 -439091200 162267136 763625472 1364983808 1966342144 -1727266816 -1125908480 -524550144 76808192 678166528 1279524864 1880883200 -1812725760 -1211367424 -610009088 -8650752 592707584 1194065920 1795424256 -1898184704 -1296826368 -695468032 -94109696 507248640 1108606976 1709965312 -1983643648 -1382285312 
-905445376 -303300608 699400192 1301544960 1903689728 -1789132800 -1186988032 -584843264 17301504 619446272 1221328896 1823473664 -1869348864 -1267204096 -665059328 -62914560 539230208 1141374976 1743519744 -1949302784 -1347420160 -745275392 -143130624 459014144 1061158912 1663303680 -2029518848 -1427374080 -825229312 -223346688 378798080 980942848 1583087616 -2109734912 -1507590144 
-1031536640 -428867584 174063616 1151336448 1754267648 -1937768448 -1334837248 -732168192 -129236992 473694208 1076625408 1679294464 -2012741632 -1409810432 -806879232 -204210176 398721024 1001652224 1604583424 -2087714816 -1484783616 -881852416 -278921216 323747840 926679040 1529610240 2132541440 -1559494656 -956825600 -353894400 249036800 851968000 1454637056 2057568256 -1634467840 
-1159200768 -555745280 47972352 651427840 1603272704 -2087976960 -1484259328 -880803840 -277086208 326369280 930086912 1533804544 2137260032 -1553989632 -950534144 -346816512 256901120 860356608 1464074240 2067791872 -1623719936 -1020002304 -416546816 187170816 790888448 1394343936 1998061568 -1693188096 -1089732608 -486014976 117440512 721158144 1324875776 1928331264 -1762918400 
-1288437760 -684195840 -79691776 524550144 1129054208 2055208960 -1635254272 -1031012352 -426508288 177733632 782237696 1386479616 1990983680 -1699741696 -1095237632 -490995712 113508352 717750272 1322254336 1926496256 -1763966976 -1159725056 -555220992 49020928 653262848 1257766912 1862008832 -1828454400 -1224212480 -619708416 -15466496 589037568 1193279488 1797783552 -1892941824 
-1419247616 -813957120 -208928768 396099584 1001390080 1606418432 -1787822080 -1182531584 -577503232 27525120 632815616 1237843968 1842872320 -1846804480 -1241776128 -636747776 -31457280 573571072 1178599424 1783889920 -1906049024 -1301020672 -695730176 -90701824 514588672 1119617024 1724645376 -1965031424 -1360003072 -754974720 -149684224 455344128 1060372480 1665662976 -2024275968 
-1551368192 -945553408 -339476480 266338304 872153088 1477967872 2083782656 -1335885824 -730071040 -123994112 481820672 1087635456 1693450240 -1995702272 -1389625344 -783810560 -177995776 427819008 1033895936 1639710720 -2049441792 -1443627008 -837812224 -231735296 374079488 979894272 1585709056 -2103443456 -1497366528 -891551744 -285736960 320077824 926154752 1531969536 2137784320 
-1685061632 -1078460416 -471859200 135004160 741605376 1348206592 1954807808 -1733558272 -883949568 -277348352 329252864 935854080 1542455296 -2145910784 -1539047424 -932446208 -325844992 280756224 887357440 1493958656 2100559872 -1587806208 -981204992 -374603776 231997440 838598656 1445462016 2052063232 -1636302848 -1029701632 -423100416 183500800 790102016 1396703232 2003304448 
-1820065792 -1212678144 -605290496 1835008 609222656 1216610304 1823997952 -1863581696 -1256194048 -432013312 175374336 782761984 1390149632 1997537280 -1690042368 -1082654720 -475267072 132120576 739508224 1346633728 1954021376 -1733558272 -1126170624 -518782976 88604672 695992320 1303379968 1910767616 -1776812032 -1169424384 -562036736 45350912 652738560 1260126208 1867513856 
-1956904960 -1348730880 -740556800 -132382720 475529216 1083703296 1691877376 -1994915840 -1386741760 -778567680 19922944 628097024 1236271104 1844183040 -1842610176 -1234436096 -626262016 -18087936 589824000 1197998080 1806172160 -1880621056 -1272446976 -664272896 -56360960 551813120 1159987200 1768161280 -1918631936 -1310720000 -702545920 -94371840 513802240 1121976320 1729888256 
-2095054848 -1486094336 -877395968 -268435456 340525056 949485568 1558183936 -2127822848 -1518862336 -910163968 -301203456 471859200 1080819712 1689518080 -1996488704 -1387528192 -778829824 -169869312 439091200 1047789568 1656750080 -2029256704 -1420558336 -811597824 -202637312 406061056 1015021568 1623982080 -2062286848 -1453326336 -844365824 -235667456 373293056 982253568 1590951936 
2060189696 -1625030656 -1015545856 -405798912 203685888 813432832 1423179776 2032664576 -1652555776 -1043070976 -433324032 176160768 923795456 1533280256 2143027200 -1542193152 -932708352 -322961408 286523392 896270336 1505755136 2115502080 -1569980416 -960233472 -350748672 258998272 868483072 1478230016 2087976960 -1597505536 -987758592 -378273792 231473152 840957952 1450704896 
1919156224 -1765539840 -1155006464 -544735232 65536000 676069376 1286340608 1896873984 -1787822080 -1177550848 -567017472 43253760 653787136 1375731712 1986002944 -1698430976 -1088159744 -477888512 132644864 742916096 1353449472 1963720704 -1720975360 -1110441984 -500170752 110362624 720633856 1331167232 1941438464 -1743257600 -1132724224 -522452992 88080384 698351616 1308622848 
1776287744 -1907359744 -1296302080 -685244416 -73924608 537133056 1148190720 1759248384 -1924399104 -1313341440 -702283776 -91226112 520093696 1131151360 1827667968 -1856241664 -1245184000 -633864192 -22806528 588251136 1199308800 1810628608 -1873281024 -1262223360 -651165696 -39845888 571211776 1182269440 1793589248 -1890320384 -1279262720 -668205056 -56885248 554172416 1165230080 
1632108544 -2050752512 -1438908416 -827064320 -215220224 396623872 1008467968 1620312064 -2062811136 -1450704896 -838860800 -227016704 384827392 996671488 1608515584 -2015363072 -1403518976 -791674880 -179830784 432013312 1043857408 1655963648 -2027159552 -1415315456 -803471360 -191627264 420216832 1032060928 1643905024 -2038956032 -1427111936 -815267840 -203423744 408420352 1020264448 
1486618624 2099249152 -1583087616 -970457088 -357826560 254803968 867434496 1480065024 2092695552 -1589641216 -977010688 -364380160 248250368 860880896 1473511424 2086141952 -1563426816 -950796288 -338165760 274464768 887095296 1499725824 2112356352 -1569980416 -957349888 -344719360 267911168 880541696 1493172224 2105802752 -1576534016 -963903488 -351272960 261357568 873988096 
1339293696 1952710656 -1728839680 -1115422720 -502005760 111411200 724566016 1337982976 1951399936 -1730150400 -1116733440 -503316480 110100480 723255296 1336672256 1950089216 -1731461120 -1111490560 -498073600 115081216 728498176 1341915136 1955332096 -1726218240 -1112801280 -499384320 113770496 727187456 1340604416 1954021376 -1727528960 -1114112000 -500695040 112459776 725876736 
1190658048 1804861440 -1876164608 -1261961216 -647757824 -33554432 580386816 1194590208 1808793600 -1871970304 -1258029056 -643825664 -29622272 584318976 1198522368 1812725760 -1868038144 -1254096896 -659554304 -45613056 568590336 1182793728 1796997120 -1884028928 -1269825536 -655622144 -41680896 572522496 1186725888 1800929280 -1880096768 -1265893376 -651689984 -37486592 576454656 
1040449536 1655439360 -2024800256 -1409810432 -795082752 -180092928 434896896 1049624576 1664614400 -2015625216 -1400635392 -785645568 -170917888 444071936 1058799616 1673789440 -2006188032 -1391460352 -776470528 -207618048 407109632 1022099456 1636827136 -2043150336 -1428160512 -813432832 -198443008 416284672 1031274496 1646264320 -2033975296 -1418985472 -804257792 -189267968 425459712 
888668160 1504444416 2119958528 -1559232512 -943718400 -327942144 287571968 903348224 1518862336 2134376448 -1544814592 -929300480 -313524224 301989888 917766144 1533280256 -2145910784 -1530396672 -914620416 -299106304 244318208 859832320 1475346432 2091122688 -1588330496 -972554240 -357040128 258736128 874250240 1490026496 2105540608 -1573650432 -958136320 -342622208 273154048 
735576064 1351876608 1968439296 -1710227456 -1093926912 -477364224 138936320 755236864 1371799552 1988100096 -1690566656 -1074003968 -457703424 158597120 774897664 1391460352 2007760896 -1670905856 -1054343168 -438042624 178257920 696254464 1312555008 1928855552 -1749811200 -1133248512 -516947968 99352576 715915264 1332215808 1948516352 -1729888256 -1113587712 -497287168 119275520 
580911104 1197998080 1815085056 -1862795264 -1245446144 -628359168 -11272192 605814784 1222901760 1840250880 -1837629440 -1220542464 -603455488 13631488 630718464 1248067584 1865154560 -1812725760 -1195638784 -578551808 38797312 655884288 1147928576 1765277696 -1912602624 -1295515648 -678428672 -61341696 556007424 1173094400 1790181376 -1887698944 -1270611968 -653524992 -36175872 
424673280 1042546688 1660420096 -2016673792 -1398800384 -780926976 -163053568 454819840 1072693248 1690566656 -1986527232 -1368391680 -750518272 -132644864 485228544 1103101952 1720975360 -1956118528 -1338245120 -720371712 -102498304 515375104 1133248512 1599864832 -2077229056 -1459093504 -841220096 -223346688 394526720 1012400128 1630273536 -2046820352 -1428946944 -811073536 -193200128 
266862592 885522432 1504182272 2122842112 -1553465344 -934805504 -316145664 302514176 921174016 1539833856 -2136473600 -1518075904 -899416064 -280756224 337903616 956563456 1575223296 -2101084160 -1482424320 -863764480 -245104640 373555200 992215040 1610612736 2051801088 -1624506368 -1005846528 -387186688 231473152 850132992 1468792832 2087452672 -1588854784 -970194944 -351535104 
107741184 727187456 1346633728 1965817856 -1709703168 -1090256896 -470810624 148635648 767819776 1387266048 2006712320 -1668808704 -1049624576 -430178304 189267968 808714240 1428160512 2047344640 -1628176384 -1008730112 -389283840 229900288 849346560 1468792832 2088239104 -1791229952 -1171783680 -552337408 67108864 686292992 1305739264 1925185536 -1750335488 -1130889216 -511705088 
-52953088 567279616 1187250176 1807482880 -1867251712 -1247281152 -627048448 -6815744 613154816 1233387520 1853358080 -1821376512 -1201143808 -581173248 39059456 659292160 1279262720 1899495424 -1775239168 -1155268608 -535035904 85196800 705167360 1325400064 1945370624 -1729363968 -1339293696 -719060992 -98828288 521142272 1141374976 1761345536 -1913389056 -1293156352 -673185792 
-215220224 405798912 1026555904 1647575040 -2026635264 -1405616128 -784859136 -163840000 456916992 1077936128 1698693120 -1975255040 -1354498048 -733478912 -112721920 508297216 1129054208 1750073344 -1924136960 -1303117824 -682360832 -61341696 559415296 1180434432 1801191424 -1872756736 -1251999744 -887357440 -266338304 354418688 975437824 1596194816 -2077753344 -1456996352 -835977216 
-378798080 242745344 864550912 1486094336 2107637760 -1565523968 -943980544 -322437120 299368448 920911872 1542717440 -2130706432 -1509163008 -887357440 -265814016 355729408 977534976 1599078400 -2074345472 -1452539904 -830996480 -209190912 412352512 1033895936 1655701504 -2017722368 -1396178944 -774373376 -435421184 186384384 807927808 1429471232 2051276800 -1622147072 -1000603648 
-543948800 78381056 700710912 1323040768 1945632768 -1727004672 -1104674816 -482344960 139984896 762576896 1384906752 2007236608 -1665400832 -1042808832 -420478976 201850880 824180736 1446772736 2069102592 -1603534848 -981204992 -358612992 263716864 886046720 1508376576 2130706432 -1541668864 -919339008 -297009152 16515072 638844928 1261436928 1883766784 -1788870656 -1166540800 
-710672384 -87556096 535560192 1158676480 1781792768 -1890058240 -1266941952 -643825664 -20709376 602669056 1225785344 1848901632 -1822949376 -1199833088 -576716800 46399488 669515776 1292632064 1915748352 -1755840512 -1132724224 -509607936 113508352 736624640 1359740928 1982857216 -1688993792 -1065877504 -442761216 180617216 468451328 1091567616 1714683904 -1957167104 -1333788672 
-878968832 -255066112 368836608 992739328 1616642048 -2054422528 -1430519808 -806617088 -182714368 441188352 1065091072 1688993792 -1982070784 -1358430208 -734527488 -110624768 513277952 1137180672 1761083392 -1909981184 -1286078464 -662175744 -38273024 585629696 1209532416 1833435136 -1837629440 -1213726720 -589824000 34078720 657981440 920387584 1544290304 -2126774272 -1502871552 
-1048576000 -424148992 200540160 825229312 1449918464 2074607616 -1595932672 -971243520 -346554368 278134784 902823936 1527513088 -2143027200 -1518338048 -893648896 -268959744 355729408 980418560 1604845568 -2065432576 -1440743424 -816054272 -191365120 433324032 1057751040 1682440192 -1987837952 -1363148800 -738459648 -113770496 510656512 1135345664 1372323840 1997012992 -1673265152 
-1220018176 -594542592 30932992 656146432 1281622016 1907097600 -1762394112 -1137180672 -511705088 113770496 738983936 1364459520 1989935104 -1679818752 -1054343168 -428867584 196345856 821821440 1447297024 2072772608 -1596981248 -971505664 -346030080 279183360 904658944 1530134528 -2139619328 -1514143744 -888668160 -263192576 362020864 987496448 1612972032 1824260096 -1845231616 
-1392771072 -766509056 -140247040 485752832 1112014848 1738014720 -1930690560 -1304690688 -678428672 -52166656 573833216 1200095232 1826095104 -1842610176 -1216610304 -590348288 35651584 661913600 1288175616 1914175488 -1754529792 -1128529920 -502267904 123731968 749993984 1375993856 2002255872 -1666449408 -1040449536 -414187520 211812352 838074368 1464074240 2090336256 -2018770944 
RESULT of [PG]t * G of Matrix with size 35 X 35


262144 1048576 1835008 2621440 3407872 3932160 4718592 5505024 6291456 6815744 7602176 8388608 9175040 9961472 10485760 11272192 12058624 12845056 13631488 14155776 14942208 15728640 16515072 17039360 17825792 18612224 19398656 20185088 20709376 21495808 22282240 23068672 23855104 24379392 25165824 
25165824 262144 1048576 1835008 2621440 3407872 3932160 4718592 5505024 6291456 7077888 7602176 8388608 9175040 9961472 10485760 11272192 12058624 12845056 13631488 14155776 14942208 15728640 16515072 17301504 17825792 18612224 19398656 20185088 20971520 21495808 22282240 23068672 23855104 24379392 
24641536 25165824 262144 1048576 1835008 2621440 3407872 3932160 4718592 5505024 6291456 7077888 7602176 8388608 9175040 9961472 10747904 11272192 12058624 12845056 13631488 14417920 14942208 15728640 16515072 17301504 17825792 18612224 19398656 20185088 20971520 21495808 22282240 23068672 23855104 
23855104 24641536 25427968 262144 1048576 1835008 2621440 3407872 3932160 4718592 5505024 6291456 7077888 7602176 8388608 9175040 9961472 10747904 11272192 12058624 12845056 13631488 14417920 14942208 15728640 16515072 17301504 18087936 18612224 19398656 20185088 20971520 21757952 22282240 23068672 
23068672 23855104 24641536 25427968 262144 1048576 1835008 2621440 3407872 3932160 4718592 5505024 6291456 7077888 7602176 8388608 9175040 9961472 10747904 11272192 12058624 12845056 13631488 14417920 14942208 15728640 16515072 17301504 18087936 18874368 19398656 20185088 20971520 21757952 22544384 
22544384 23068672 23855104 24641536 25427968 262144 1048576 1835008 2621440 3407872 3932160 4718592 5505024 6291456 7077888 7864320 8388608 9175040 9961472 10747904 11534336 12058624 12845056 13631488 14417920 15204352 15728640 16515072 17301504 18087936 18874368 19398656 20185088 20971520 21757952 
21757952 22544384 23330816 23855104 24641536 25427968 262144 1048576 1835008 2621440 3407872 3932160 4718592 5505024 6291456 7077888 7864320 8388608 9175040 9961472 10747904 11534336 12058624 12845056 13631488 14417920 15204352 15728640 16515072 17301504 18087936 18874368 19660800 20185088 20971520 
20971520 21757952 22544384 23330816 24117248 24641536 25427968 262144 1048576 1835008 2621440 3407872 4194304 4718592 5505024 6291456 7077888 7864320 8388608 9175040 9961472 10747904 11534336 12320768 12845056 13631488 14417920 15204352 15990784 16515072 17301504 18087936 18874368 19660800 20447232 
20447232 20971520 21757952 22544384 23330816 24117248 24903680 25427968 262144 1048576 1835008 2621440 3407872 4194304 4718592 5505024 6291456 7077888 7864320 8388608 9175040 9961472 10747904 11534336 12320768 12845056 13631488 14417920 15204352 15990784 16777216 17301504 18087936 18874368 19660800 
19660800 20447232 21233664 21757952 22544384 23330816 24117248 24903680 25690112 262144 1048576 1835008 2621440 3407872 4194304 4718592 5505024 6291456 7077888 7864320 8650752 9175040 9961472 10747904 11534336 12320768 12845056 13631488 14417920 15204352 15990784 16777216 17301504 18087936 18874368 
18874368 19660800 20447232 21233664 22020096 22544384 23330816 24117248 24903680 25690112 262144 1048576 1835008 2621440 3407872 4194304 4718592 5505024 6291456 7077888 7864320 8650752 9175040 9961472 10747904 11534336 12320768 13107200 13631488 14417920 15204352 15990784 16777216 17563648 18087936 
18350080 18874368 19660800 20447232 21233664 22020096 22806528 23330816 24117248 24903680 25690112 262144 1048576 1835008 2621440 3407872 4194304 4718592 5505024 6291456 7077888 7864320 8650752 9175040 9961472 10747904 11534336 12320768 13107200 13631488 14417920 15204352 15990784 16777216 17563648 
17563648 18350080 18874368 19660800 20447232 21233664 22020096 22806528 23592960 24117248 24903680 25690112 262144 1048576 1835008 2621440 3407872 4194304 4718592 5505024 6291456 7077888 7864320 8650752 9437184 9961472 10747904 11534336 12320768 13107200 13893632 14417920 15204352 15990784 16777216 
16777216 17563648 18350080 19136512 19660800 20447232 21233664 22020096 22806528 23592960 24379392 24903680 25690112 262144 1048576 1835008 2621440 3407872 4194304 4980736 5505024 6291456 7077888 7864320 8650752 9437184 9961472 10747904 11534336 12320768 13107200 13893632 14680064 15204352 15990784 
15990784 16777216 17563648 18350080 19136512 19922944 20447232 21233664 22020096 22806528 23592960 24379392 25165824 25690112 262144 1048576 1835008 2621440 3407872 4194304 4980736 5505024 6291456 7077888 7864320 8650752 9437184 9961472 10747904 11534336 12320768 13107200 13893632 14680064 15204352 
15466496 15990784 16777216 17563648 18350080 19136512 19922944 20709376 21233664 22020096 22806528 23592960 24379392 25165824 25952256 262144 1048576 1835008 2621440 3407872 4194304 4980736 5505024 6291456 7077888 7864320 8650752 9437184 10223616 10747904 11534336 12320768 13107200 13893632 14680064 
14680064 15466496 16252928 16777216 17563648 18350080 19136512 19922944 20709376 21495808 22020096 22806528 23592960 24379392 25165824 25952256 262144 1048576 1835008 2621440 3407872 4194304 4980736 5505024 6291456 7077888 7864320 8650752 9437184 10223616 10747904 11534336 12320768 13107200 13893632 
13893632 14680064 15466496 16252928 16777216 17563648 18350080 19136512 19922944 20709376 21495808 22282240 22806528 23592960 24379392 25165824 25952256 262144 1048576 1835008 2621440 3407872 4194304 4980736 5767168 6291456 7077888 7864320 8650752 9437184 10223616 11010048 11534336 12320768 13107200 
13107200 13893632 14680064 15466496 16252928 17039360 17563648 18350080 19136512 19922944 20709376 21495808 22282240 23068672 23592960 24379392 25165824 25952256 262144 1048576 1835008 2621440 3407872 4194304 4980736 5767168 6291456 7077888 7864320 8650752 9437184 10223616 11010048 11534336 12320768 
12320768 13107200 13893632 14680064 15466496 16252928 17039360 17825792 18350080 19136512 19922944 20709376 21495808 22282240 23068672 23855104 24379392 25165824 25952256 262144 1048576 1835008 2621440 3407872 4194304 4980736 5767168 6291456 7077888 7864320 8650752 9437184 10223616 11010048 11796480 
11796480 12582912 13107200 13893632 14680064 15466496 16252928 17039360 17825792 18612224 19136512 19922944 20709376 21495808 22282240 23068672 23855104 24641536 25165824 25952256 262144 1048576 1835008 2621440 3407872 4194304 4980736 5767168 6291456 7077888 7864320 8650752 9437184 10223616 11010048 
11010048 11796480 12582912 13107200 13893632 14680064 15466496 16252928 17039360 17825792 18612224 19398656 19922944 20709376 21495808 22282240 23068672 23855104 24641536 25427968 25952256 262144 1048576 1835008 2621440 3407872 4194304 4980736 5767168 6553600 7077888 7864320 8650752 9437184 10223616 
10223616 11010048 11796480 12582912 13369344 13893632 14680064 15466496 16252928 17039360 17825792 18612224 19398656 20185088 20709376 21495808 22282240 23068672 23855104 24641536 25427968 26214400 262144 1048576 1835008 2621440 3407872 4194304 4980736 5767168 6553600 7077888 7864320 8650752 9437184 
9437184 10223616 11010048 11796480 12582912 13369344 14155776 14680064 15466496 16252928 17039360 17825792 18612224 19398656 20185088 20971520 21495808 22282240 23068672 23855104 24641536 25427968 26214400 262144 1048576 1835008 2621440 3407872 4194304 4980736 5767168 6553600 7077888 7864320 8650752 
8650752 9437184 10223616 11010048 11796480 12582912 13369344 14155776 14942208 15466496 16252928 17039360 17825792 18612224 19398656 20185088 20971520 21757952 22282240 23068672 23855104 24641536 25427968 26214400 262144 1048576 1835008 2621440 3407872 4194304 4980736 5767168 6553600 7340032 7864320 
7864320 8650752 9437184 10223616 11010048 11796480 12582912 13369344 14155776 14942208 15728640 16252928 17039360 17825792 18612224 19398656 20185088 20971520 21757952 22544384 23330816 23855104 24641536 25427968 26214400 262144 1048576 1835008 2621440 3407872 4194304 4980736 5767168 6553600 7340032 
7340032 8126464 8650752 9437184 10223616 11010048 11796480 12582912 13369344 14155776 14942208 15728640 16515072 17039360 17825792 18612224 19398656 20185088 20971520 21757952 22544384 23330816 24117248 24641536 25427968 26214400 262144 1048576 1835008 2621440 3407872 4194304 4980736 5767168 6553600 
6553600 7340032 8126464 8650752 9437184 10223616 11010048 11796480 12582912 13369344 14155776 14942208 15728640 16515072 17301504 17825792 18612224 19398656 20185088 20971520 21757952 22544384 23330816 24117248 24903680 25690112 26214400 262144 1048576 1835008 2621440 3407872 4194304 4980736 5767168 
5767168 6553600 7340032 8126464 8912896 9437184 10223616 11010048 11796480 12582912 13369344 14155776 14942208 15728640 16515072 17301504 18087936 18612224 19398656 20185088 20971520 21757952 22544384 23330816 24117248 24903680 25690112 26476544 262144 1048576 1835008 2621440 3407872 4194304 4980736 
4980736 5767168 6553600 7340032 8126464 8912896 9699328 10223616 11010048 11796480 12582912 13369344 14155776 14942208 15728640 16515072 17301504 18087936 18874368 19398656 20185088 20971520 21757952 22544384 23330816 24117248 24903680 25690112 26476544 262144 1048576 1835008 2621440 3407872 4194304 
4194304 4980736 5767168 6553600 7340032 8126464 8912896 9699328 10485760 11010048 11796480 12582912 13369344 14155776 14942208 15728640 16515072 17301504 18087936 18874368 19660800 20447232 20971520 21757952 22544384 23330816 24117248 24903680 25690112 26476544 262144 1048576 1835008 2621440 3407872 
3407872 4194304 4980736 5767168 6553600 7340032 8126464 8912896 9699328 10485760 11272192 11796480 12582912 13369344 14155776 14942208 15728640 16515072 17301504 18087936 18874368 19660800 20447232 21233664 22020096 22544384 23330816 24117248 24903680 25690112 26476544 262144 1048576 1835008 2621440 
2621440 3407872 4194304 4980736 5767168 6553600 7340032 8126464 8912896 9699328 10485760 11272192 12058624 12582912 13369344 14155776 14942208 15728640 16515072 17301504 18087936 18874368 19660800 20447232 21233664 22020096 22806528 23592960 24117248 24903680 25690112 26476544 262144 1048576 1835008 
1835008 2621440 3407872 4194304 4980736 5767168 6553600 7340032 8126464 8912896 9699328 10485760 11272192 12058624 12845056 13369344 14155776 14942208 15728640 16515072 17301504 18087936 18874368 19660800 20447232 21233664 22020096 22806528 23592960 24379392 25165824 25690112 26476544 262144 1048576 
1048576 1835008 2621440 3407872 4194304 4980736 5767168 6553600 7340032 8126464 8912896 9699328 10485760 11272192 12058624 12845056 13631488 14155776 14942208 15728640 16515072 17301504 18087936 18874368 19660800 20447232 21233664 22020096 22806528 23592960 24379392 25165824 25952256 26738688 262144 
RESULT of Pt * Gt of Matrix with size 35 X 35


324009984 950272000 1576534016 -2092433408 -1466171392 -840171520 -213909504 412090368 1038352384 1664614400 -2004353024 -1378091008 -752091136 -125829120 500170752 1126432768 1752432640 -1916272640 -1290010624 -664010752 -37748736 588251136 1214513152 1840513024 -1828192256 -1202192384 -575930368 50331648 676331520 1302593536 1928593408 -1740111872 -1114112000 -487849984 138149888 
1826881536 801636352 -1947467776 -401342464 1144782848 -1604321280 -58195968 1487929344 -1261174784 284950528 1831075840 -918028288 628097024 -2121007104 -574881792 971243520 -1777860608 -231735296 1314390016 -1434714112 111411200 1657536512 -1091567616 454557696 2000420864 -748421120 797704192 -1951399936 -405274624 1140850688 -1608253440 -62128128 1483997184 -1265106944 281018368 
1049886720 -779354112 1279000576 -549978112 1916010496 86769664 -1742209024 723779584 -1105461248 1360527360 -468451328 1997537280 168296448 -1660682240 805306368 -1023934464 1442054144 -386924544 2079064064 249823232 -1579155456 886833152 -942407680 1523580928 -305397760 -2134376448 331350016 -1497628672 968359936 -860880896 1605107712 -223870976 -2052849664 412876800 -1416101888 
-1567096832 1818492928 909377536 1756626944 847249408 -61865984 -970981376 -1880096768 1505492992 596377600 -312737792 -1221853184 -2130968576 1254621184 345505792 -563609600 -1472724992 1913126912 1003749376 94633984 -814481408 -1723596800 1661992960 752877568 -156237824 -1065353216 -1974468608 1411121152 502005760 -407109632 -1316225024 2069626880 1160249344 251133952 -657981440 
-1728839680 -1718353920 -1707606016 -1696858112 -2060976128 -2050228224 -2039480320 -2028994560 -2018246656 -2007498752 -1996750848 -1986002944 -1975255040 -1964507136 -1953759232 -1943273472 -1932525568 -1921777664 -1911029760 -1900281856 -1889533952 -1878786048 -1868300288 -1857552384 -1846804480 -1836056576 -1825308672 -1814560768 -1803812864 -1793327104 -1782579200 -1771831296 -1761083392 -1750335488 -1739587584 
564396032 1495007232 -1869348864 -938737664 -8126464 -1583611904 -653000704 277610496 1208221696 2138832896 -1225523200 -294912000 635699200 1566310400 -1798045696 -867434496 63176704 993525760 1924136960 -1440219136 -509607936 421003264 1351614464 -2012741632 -1082130432 -151519232 779091968 1709703168 -1654652928 -724041728 206569472 1137180672 2067791872 -1296826368 -366215168 
1018167296 -1426325504 424148992 -2020343808 -169869312 1680605184 -1105985536 744488960 -1700003840 150470656 2000945152 -443547648 1406926848 -1037565952 812908544 -1631584256 218890240 2069364736 -375128064 1475346432 -969146368 881328128 -1563164672 287309824 2137784320 -306708480 1543766016 -900726784 949747712 -1494745088 355729408 -2088763392 -238288896 1612185600 -832307200 
-368050176 -1892417536 877920256 -646709248 2123628544 598999040 -925630464 -628621312 2141716480 617086976 -907542528 1862795264 338165760 -1186463744 1584136192 59506688 -1465122816 1305214976 -219414528 -1744044032 1026293760 -498335744 -2022965248 747372544 -777256960 1993342976 468713472 -1055916032 1714421760 189792256 -1334837248 1435500544 -89128960 -1613758464 1156579328 
701235200 96468992 -508297216 -1113063424 -1717829632 1972633600 1367867392 763101184 -151257088 -756023296 -1360527360 -1965293568 1724907520 1120141312 515375104 -89391104 -693895168 -1298661376 -1903427584 1786773504 1182007296 577241088 -27262976 -632029184 -1236795392 -1841561600 1848639488 1243873280 639369216 34603008 -570163200 -1174929408 -1779695616 1910505472 1306001408 
-69468160 245628928 560726016 876085248 1191182336 1506279424 1821376512 2136735744 -1843134464 326369280 641466368 956563456 1271660544 1587019776 1902116864 -2077753344 -1762656256 -1447297024 -1132199936 -817102848 -502005760 -186646528 128450560 443547648 758644736 1073741824 1389101056 1704198144 2019295232 -1960574976 -1645215744 -1330118656 -1015021568 -699924480 -384565248 
1615069184 -1444937728 -209715200 1025245184 -2034761728 -799801344 435421184 1670381568 -1389625344 -154402816 803733504 2038693888 -1021050880 213909504 1448869888 -1610874880 -375914496 859045888 2094268416 -965738496 269221888 1504182272 -1555562496 -320602112 914358272 -2145386496 -910426112 324534272 1559756800 -1500250112 -265289728 969932800 -2090074112 -855113728 380108800 
1459879936 -680263680 1474822144 -665321472 1489502208 -650379264 1504444416 -635699200 1519386624 -620756992 1534328832 1281097728 -858783744 1296039936 -843841536 1310982144 -829161472 1325924352 -814219264 1340604416 -799277056 1355546624 -784334848 1370488832 -769654784 1385431040 -754712576 1400373248 -739770368 1415053312 -724828160 1429995520 -709885952 1444937728 -695205888 
-535298048 -1755316224 1319370752 99352576 -1120927744 1954021376 733741056 -486277120 -1706557440 1368391680 148111360 -1071906816 1758724096 538443776 -681574400 -1901854720 1173094400 -47185920 -1267466240 1807482880 587202560 -632815616 -1853095936 1221853184 1572864 -1218445312 1856241664 636223488 -584056832 -1804075008 1270611968 50593792 -1169686528 1905000448 684982272 
-74973184 -375128064 -675545088 -975699968 -1276116992 -1576271872 -1876688896 2118123520 1817706496 1517551616 1217134592 916979712 616562688 -2058878976 1935933440 1635516416 1335361536 1034944512 734789632 434372608 134217728 -166199296 -466354176 -766771200 -1066926080 -1367080960 -1667497984 -1967652864 2026897408 1726742528 1426325504 1126170624 825753600 525598720 225181696 
-1454637056 -834928640 -215220224 404226048 1023934464 1643380736 -2031878144 -1412169728 -792723456 -173015040 446693376 1066139648 1685848064 -1989672960 -1581514752 -961806336 -342097920 277348352 897056768 1516503040 2136211456 -1539047424 -919601152 -299892736 319815680 939261952 1558970368 -2116550656 -1496842240 -877133824 -257687552 362020864 981729280 1601175552 -2074083328 
-378798080 1160511488 -1594884096 -55312384 1483997184 -1271398400 268173312 1807482880 -947912704 591659008 2131230720 -624427008 915144704 -1840250880 -300941312 -1103888384 435421184 1974992896 -780402688 759169024 -1996488704 -456916992 1082654720 -1673003008 -133431296 1406140416 -1349517312 190054400 1729626112 -1026031616 513540096 2053111808 -702283776 837025792 -1918369792 
-1142947840 1316225024 -519307264 1940127744 104595456 -1730936832 728236032 -1107296256 1352138752 -483393536 1975779328 140247040 -1695285248 764149760 -1071644672 1387790336 -626524160 1832910848 -2621440 -1838415872 621019136 -1214513152 1244921856 -590872576 1868562432 33030144 -1802502144 656932864 -1178861568 1280573440 -554958848 1904476160 68681728 -1766850560 692584448 
548143104 -367788032 -1283457024 2095841280 1180172288 264503296 -651165696 -1566834688 1812201472 896532480 -19136512 -934805504 -1850474496 1528823808 612892672 -302776320 -1218445312 -149159936 -1064828928 -1980497920 1398800384 483131392 -432537600 -1348206592 2030829568 1115160576 199491584 -716177408 -1631846400 1747451904 831520768 -84148224 -999817216 -1915486208 1463812096 
399245312 403439616 407633920 411828224 416022528 420216832 424411136 428605440 432799744 436994048 441188352 445382656 449314816 453509120 457703424 461897728 466092032 470286336 328466432 332660736 336855040 341049344 344981504 349175808 353370112 357564416 361758720 365953024 370147328 374341632 378535936 382730240 386924544 391118848 395313152 
-1589116928 -665059328 258998272 1183055872 2107113472 -1263796224 -339738624 584318976 1508376576 -1862533120 -938475520 -14417920 909639680 1833697280 -1537212416 -613154816 310902784 1234960384 -2135949312 805830656 1729888256 -1641021440 -716963840 207093760 1131151360 2055208960 -1315700736 -391643136 532414464 1456472064 -1914437632 -990380032 -66322432 857735168 1781792768 
-1122238464 721682432 -1729363968 114556928 1958477824 -492568576 1351352320 -1099694080 744226816 -1706819584 137101312 1981022208 -470024192 1374158848 -1076887552 767033344 -1684013056 159907840 2003828736 -447217664 1283194880 -1167589376 676331520 -1774714880 69206016 1913126912 -537919488 1306001408 -1145044992 698875904 -1752170496 91750400 1935671296 -515375104 1328545792 
1799618560 268435456 -1262747648 1501036544 -30146560 -1561067520 1202716672 -328466432 -1859649536 904134656 -627048448 2136997888 605814784 -925368320 1838415872 307232768 -1223950336 1539833856 8912896 -1522270208 1241513984 1760821248 229638144 -1301544960 1462239232 -68943872 -1599864832 1163919360 -367263744 -1898446848 865337344 -665845760 2097938432 567017472 -964165632 
-1413218304 -2024538112 1659371520 1048051712 436731904 -174587904 -785907712 -1396965376 -2008285184 1675362304 1064042496 452984832 -158334976 -769654784 -1380974592 -1992294400 1691615232 1080295424 468975616 -142344192 -753401856 -1364721664 -2056781824 1626865664 1015808000 404488192 -206831616 -818151424 -1429209088 -2040528896 1643118592 1031798784 420478976 -190578688 -801898496 
2124152832 -1862270976 -1553465344 -1244921856 -936378368 -627572736 -319029248 -10485760 298319872 606863360 915406848 1223950336 1532755968 1841299456 -2145124352 -1836318720 -1527775232 -1219231744 -910426112 -601882624 -293339136 15204352 324009984 -1579155456 -1270611968 -962068480 -653524992 -344719360 -36175872 272367616 581173248 889716736 1198260224 1507065856 1815609344 
-473169920 755236864 1983905792 -1082654720 146014208 1374420992 -1692139520 -463470592 764936192 1993342976 -1072955392 155451392 1384120320 -1682440192 -454033408 774635520 2003042304 -1063518208 165150720 1393557504 -1672740864 -444334080 784072704 2012741632 -1101791232 126615552 1355284480 -1711276032 -482869248 745799680 1974206464 -1092091904 136314880 1364721664 -1701576704 
-615251968 1533018112 -613416960 1534853120 -611581952 1536688128 -610009088 1538523136 -608174080 1540358144 -606339072 1542193152 -604504064 1544028160 -602669056 1545601024 -600834048 1547436032 -598999040 1549271040 -597164032 1551106048 -595329024 1552941056 -593494016 -624427008 1524105216 -622592000 1525940224 -620756992 1527513088 -618921984 1529348096 -617086976 1531183104 
1697644544 471072768 -755761152 -1982332928 1085800448 -140771328 -1367605248 1700790272 474218496 -752615424 -1979187200 1088946176 -137625600 -1364459520 1703936000 477102080 -749469696 -1976303616 1092091904 -134742016 -1361313792 1706819584 480247808 -746586112 -1973157888 1094975488 -146800640 -1373634560 1694760960 467927040 -758644736 -1985478656 1082916864 -143917056 -1370488832 
-2123890688 1864105984 1557397504 1250689024 943718400 637009920 330039296 23330816 -283377664 -590348288 -897056768 -1204027392 -1510735872 -1817444352 -2124414976 1863843840 1556873216 1250164736 943456256 636485632 329777152 22806528 -283901952 -590610432 -897581056 -1204289536 -1511260160 330563584 23855104 -283115520 -589824000 -896794624 -1203503104 -1510211584 -1817182208 
804519936 1417674752 2030567424 -1651245056 -1038090240 -425197568 187957248 801112064 1414004736 2027159552 -1654652928 -1041760256 -428605440 184549376 797704192 1410596864 2023751680 -1658060800 -1045168128 -432013312 181141504 794034176 1407188992 2020343808 -1661730816 -1048576000 -435421184 177471488 807927808 1421082624 2034237440 -1647837184 -1034682368 -421527552 191365120 
1893203968 -868745216 664272896 -2097938432 -564920320 968097792 -1793851392 -261095424 1271922688 -1490026496 42991616 1575747584 -1186201600 346816512 1879834624 -882376704 650641408 -2111307776 -578289664 954466304 -1807482880 -274464768 1258553344 -1503657984 29360128 1562378240 -1199570944 333185024 1866203136 1285554176 -1476657152 56360960 1589379072 -1172570112 360185856 
1142161408 -699924480 1752956928 -89128960 -1931476992 521404416 -1320681472 1132199936 -709885952 1742995456 -99352576 -1941438464 511442944 -1330642944 1122238464 -719847424 1732771840 -109314048 -1951399936 501481472 -1340604416 1112276992 -730071040 1722810368 -119275520 -1961361408 491520000 -1350828032 1102053376 -740032512 1762918400 -79167488 -1921253376 531365888 -1310720000 
-1448607744 1924136960 1001914368 79691776 -842530816 -1765015552 1607729152 685506560 -236716032 -1158938624 -2081161216 1291583488 369360896 -552861696 -1475084288 1897660416 975175680 52953088 -869269504 -1791492096 1581252608 659030016 -263192576 -1185415168 -2107637760 1265106944 342622208 -579600384 -1501822976 1870921728 948699136 -2054684672 1318060032 395837440 -526385152 
-1584136192 -1586495488 -1588854784 -1591214080 -1593573376 -1595932672 -1598291968 -1600913408 -1603272704 -1605632000 -1607991296 -1610350592 -1612709888 -1615069184 -1617428480 -1619787776 -1622147072 -1624506368 -1626865664 -1629224960 -1631584256 -1633943552 -1636302848 -1638662144 -1641021440 -1643380736 -1645740032 -1648099328 -1650458624 -1652817920 -1655177216 -1657536512 -1577058304 -1579417600 -1581776896 
735313920 1652817920 -1724645376 -807141376 110362624 1027866624 1945370624 -1431830528 -514326528 403177472 1320681472 -2056781824 -1139277824 -221773824 695730176 1613234176 -1764229120 -846725120 70778880 988282880 1905786880 -1471676416 -554172416 363331584 1280835584 -2096365568 -1178861568 -261357568 656146432 1573650432 -1803812864 -886308864 31195136 -1099694080 -182190080 
1215299584 -1242300416 595066880 -1862533120 -25165824 1812201472 -645398528 1191968768 -1265369088 571998208 -1885601792 -48234496 1789132800 -668467200 1168900096 -1288699904 548929536 -1908670464 -71303168 1766064128 -691535872 1145831424 -1311768576 525860864 -1931739136 -94371840 1742995456 -714604544 1122762752 -1334837248 502530048 -1954807808 -117440512 1719926784 -622329856 
RESULT of [PG]t * Gt of Matrix with size 35 X 35


