if numbers are 0, that is GOOD, that means HDLsimulation and Matlab results are identical as they should be

0 0 0 0 0 0 0 0 0 0 
0 0 0 0 0 0 0 0 0 0 
0 0 0 0 0 0 0 0 0 0 
0 0 0 0 0 0 0 0 0 0 
0 0 0 0 0 0 0 0 0 0 
0 0 0 0 0 0 0 0 0 0 
0 0 0 0 0 0 0 0 0 0 
0 0 0 0 0 0 0 0 0 0 
0 0 0 0 0 0 0 0 0 0 
0 0 0 0 0 0 0 0 0 0 
INITIAL DATA of Matrix with size 10 X 10


0 0 0 0 0 0 0 0 0 0 
0 0 0 0 0 0 0 0 0 0 
0 0 0 0 0 0 0 0 0 0 
0 0 0 0 0 0 0 0 0 0 
0 0 0 0 0 0 0 0 0 0 
0 0 0 0 0 0 0 0 0 0 
0 0 0 0 0 0 0 0 0 0 
0 0 0 0 0 0 0 0 0 0 
0 0 0 0 0 0 0 0 0 0 
0 0 0 0 0 0 0 0 0 0 
RESULT of P * G of Matrix with size 10 X 10


1572864 1572864 1572864 1572864 1835008 1835008 1835008 1835008 1835008 1835008 
4718592 3932160 4194304 4194304 4194304 4194304 4456448 4456448 4456448 4718592 
7602176 7602176 6291456 6553600 6553600 6815744 6815744 7077888 7077888 7340032 
10223616 10223616 10485760 8912896 8912896 9175040 9437184 9437184 9699328 9961472 
12582912 12845056 13107200 13369344 11272192 11534336 11796480 11796480 12058624 12320768 
14942208 15204352 15728640 15990784 16252928 13631488 13893632 14155776 14417920 14680064 
17301504 17825792 18087936 18350080 18612224 19136512 15990784 16252928 16777216 17039360 
19660800 19922944 20447232 20709376 21233664 21495808 22020096 18350080 18874368 19136512 
21757952 22020096 22544384 23068672 23330816 23855104 24379392 24903680 20709376 21233664 
23592960 24117248 24641536 25165824 25690112 26214400 26738688 27262976 27525120 23330816 
RESULT of P G * G of Matrix with size 10 X 10


0 0 0 0 0 0 0 0 0 0 
0 0 0 0 0 0 0 0 0 0 
0 0 0 0 0 0 0 0 0 0 
0 0 0 0 0 0 0 0 0 0 
0 0 0 0 0 0 0 0 0 0 
0 0 0 0 0 0 0 0 0 0 
0 0 0 0 0 0 0 0 0 0 
0 0 0 0 0 0 0 0 0 0 
0 0 0 0 0 0 0 0 0 0 
0 0 0 0 0 0 0 0 0 0 
RESULT of P * Gt of Matrix with size 10 X 10


0 262144 524288 1048576 1310720 1572864 1835008 2097152 2359296 2621440 
7602176 524288 1310720 2097152 2883584 3670016 4456448 5242880 6029312 6815744 
11272192 12582912 786432 2097152 3407872 4718592 6029312 7340032 8650752 9961472 
13631488 15466496 17301504 1048576 2883584 4718592 6553600 8388608 10223616 12058624 
15466496 17563648 19922944 22282240 1572864 3932160 6029312 8388608 10747904 13107200 
15990784 18612224 21495808 24379392 27262976 1835008 4718592 7602176 10223616 13107200 
15466496 18874368 22020096 25427968 28835840 31981568 2359296 5505024 8912896 12058624 
14155776 17825792 21757952 25427968 29360128 33292288 36962304 2621440 6291456 10223616 
11534336 15990784 20185088 24641536 28835840 33292288 37486592 41943040 2883584 7340032 
8126464 12845056 17825792 22544384 27525120 32243712 37224448 41943040 46923776 3407872 
RESULT of PG * Gt of Matrix with size 10 X 10


0 0 0 0 0 0 0 0 0 0 
0 0 0 0 0 0 0 0 0 0 
0 0 0 0 0 0 0 0 0 0 
0 0 0 0 0 0 0 0 0 0 
0 0 0 0 0 0 0 0 0 0 
0 0 0 0 0 0 0 0 0 0 
0 0 0 0 0 0 0 0 0 0 
0 0 0 0 0 0 0 0 0 0 
0 0 0 0 0 0 0 0 0 0 
0 0 0 0 0 0 0 0 0 0 
RESULT of Pt * G of Matrix with size 10 X 10


14680064 14942208 15466496 15728640 15990784 16252928 16515072 17039360 17301504 17563648 
17825792 14942208 15204352 15728640 15990784 16252928 16515072 16777216 17301504 17563648 
17825792 18087936 15204352 15466496 15990784 16252928 16515072 16777216 17039360 17563648 
17825792 18087936 18350080 15466496 15728640 15990784 16515072 16777216 17039360 17301504 
17825792 18087936 18350080 18612224 15728640 15990784 16252928 16777216 17039360 17301504 
17563648 18087936 18350080 18612224 18874368 15990784 16252928 16515072 17039360 17301504 
17563648 17825792 18350080 18612224 18874368 19398656 16252928 16515072 16777216 17301504 
17563648 17825792 18087936 18612224 18874368 19136512 19660800 16515072 16777216 17039360 
17301504 17825792 18087936 18350080 18874368 19136512 19398656 19922944 16777216 17039360 
17301504 17563648 18087936 18350080 18612224 19136512 19398656 19660800 20185088 16777216 
RESULT of [PG]t * G of Matrix with size 10 X 10


0 0 0 0 0 0 0 0 0 0 
0 0 0 0 0 0 0 0 0 0 
0 0 0 0 0 0 0 0 0 0 
0 0 0 0 0 0 0 0 0 0 
0 0 0 0 0 0 0 0 0 0 
0 0 0 0 0 0 0 0 0 0 
0 0 0 0 0 0 0 0 0 0 
0 0 0 0 0 0 0 0 0 0 
0 0 0 0 0 0 0 0 0 0 
0 0 0 0 0 0 0 0 0 0 
RESULT of Pt * Gt of Matrix with size 10 X 10


0 524288 786432 1048576 1572864 1835008 2359296 2621440 2883584 3407872 
8126464 262144 1310720 2097152 2883584 3932160 4718592 5505024 6291456 7340032 
11534336 12845056 524288 2097152 3407872 4718592 6029312 7602176 8912896 10223616 
14155776 15990784 17825792 1048576 2883584 4718592 6553600 8388608 10223616 12058624 
15466496 17825792 20185088 22544384 1310720 3670016 6029312 8388608 10747904 13107200 
15990784 18874368 21757952 24641536 27525120 1572864 4456448 7340032 10223616 13107200 
15466496 18612224 22020096 25427968 28835840 32243712 1835008 5242880 8650752 12058624 
13631488 17563648 21495808 25427968 29360128 33292288 37224448 2097152 6029312 9961472 
11272192 15466496 19922944 24379392 28835840 33292288 37486592 41943040 2359296 6815744 
7602176 12582912 17301504 22282240 27262976 31981568 36962304 41943040 46923776 2621440 
RESULT of [PG]t * Gt of Matrix with size 10 X 10


