if numbers are 0, that is GOOD, that means HDLsimulation and Matlab results are identical as they should be

0 0 0 0 0 0 0 0 0 0 0 
0 0 0 0 0 0 0 0 0 0 0 
0 0 0 0 0 0 0 0 0 0 0 
0 0 0 0 0 0 0 0 0 0 0 
0 0 0 0 0 0 0 0 0 0 0 
0 0 0 0 0 0 0 0 0 0 0 
0 0 0 0 0 0 0 0 0 0 0 
0 0 0 0 0 0 0 0 0 0 0 
0 0 0 0 0 0 0 0 0 0 0 
0 0 0 0 0 0 0 0 0 0 0 
0 0 0 0 0 0 0 0 0 0 0 
INITIAL DATA of Matrix with size 11 X 11


0 0 0 0 0 0 0 0 0 0 0 
0 0 0 0 0 0 0 0 0 0 0 
0 0 0 0 0 0 0 0 0 0 0 
0 0 0 0 0 0 0 0 0 0 0 
0 0 0 0 0 0 0 0 0 0 0 
0 0 0 0 0 0 0 0 0 0 0 
0 0 0 0 0 0 0 0 0 0 0 
0 0 0 0 0 0 0 0 0 0 0 
0 0 0 0 0 0 0 0 0 0 0 
0 0 0 0 0 0 0 0 0 0 0 
0 0 0 0 0 0 0 0 0 0 0 
RESULT of P * G of Matrix with size 11 X 11


3145728 3145728 3407872 3407872 3407872 3407872 3407872 3670016 3670016 3670016 3670016 
9175040 7864320 8126464 8126464 8388608 8388608 8650752 8650752 8912896 8912896 9175040 
14417920 14680064 12582912 12845056 13107200 13107200 13369344 13631488 13893632 14155776 14417920 
19660800 19922944 20185088 17301504 17563648 17825792 18087936 18350080 18874368 19136512 19398656 
24641536 24903680 25427968 25690112 22020096 22282240 22806528 23068672 23592960 23855104 24117248 
29360128 29884416 30408704 30932992 31195136 26738688 27000832 27525120 28049408 28573696 28835840 
34078720 34603008 35127296 35651584 36175872 36700160 31457280 31981568 32505856 33030144 33554432 
38535168 39059456 39845888 40370176 41156608 41680896 42205184 35913728 36700160 37224448 38010880 
42729472 43515904 44302336 45088768 45613056 46399488 47185920 47710208 40632320 41418752 42205184 
46923776 47710208 48496640 49283072 50069504 50855936 51642368 52428800 53215232 45350912 46137344 
50855936 51904512 52690944 53477376 54525952 55312384 56098816 57147392 57933824 58720256 50069504 
RESULT of P G * G of Matrix with size 11 X 11


0 0 0 0 0 0 0 0 0 0 0 
0 0 0 0 0 0 0 0 0 0 0 
0 0 0 0 0 0 0 0 0 0 0 
0 0 0 0 0 0 0 0 0 0 0 
0 0 0 0 0 0 0 0 0 0 0 
0 0 0 0 0 0 0 0 0 0 0 
0 0 0 0 0 0 0 0 0 0 0 
0 0 0 0 0 0 0 0 0 0 0 
0 0 0 0 0 0 0 0 0 0 0 
0 0 0 0 0 0 0 0 0 0 0 
0 0 0 0 0 0 0 0 0 0 0 
RESULT of P * Gt of Matrix with size 11 X 11


262144 786432 1310720 1835008 2097152 2621440 3145728 3670016 4194304 4718592 5242880 
14680064 786432 2359296 3670016 4980736 6553600 7864320 9175040 10485760 12058624 13369344 
22020096 24379392 1572864 3670016 6029312 8388608 10747904 12845056 15204352 17563648 19660800 
27525120 30670848 33816576 2097152 5242880 8388608 11534336 14942208 18087936 21233664 24379392 
31195136 35389440 39321600 43515904 2883584 6815744 11010048 14942208 19136512 23068672 27262976 
33292288 38273024 42991616 47972352 52953088 3407872 8388608 13369344 18350080 23330816 28311552 
33292288 39059456 45088768 50855936 56885248 62652416 3932160 9961472 15728640 21495808 27525120 
31719424 38535168 45088768 51904512 58720256 65536000 72089600 4718592 11534336 18087936 24903680 
28311552 35913728 43515904 51118080 58720256 66322432 74186752 81788928 5242880 12845056 20709376 
23068672 31457280 40108032 48496640 57147392 65798144 74186752 82837504 91226112 6029312 14417920 
15990784 25427968 34865152 44302336 53739520 63176704 72613888 82051072 91488256 100925440 6553600 
RESULT of PG * Gt of Matrix with size 11 X 11


0 0 0 0 0 0 0 0 0 0 0 
0 0 0 0 0 0 0 0 0 0 0 
0 0 0 0 0 0 0 0 0 0 0 
0 0 0 0 0 0 0 0 0 0 0 
0 0 0 0 0 0 0 0 0 0 0 
0 0 0 0 0 0 0 0 0 0 0 
0 0 0 0 0 0 0 0 0 0 0 
0 0 0 0 0 0 0 0 0 0 0 
0 0 0 0 0 0 0 0 0 0 0 
0 0 0 0 0 0 0 0 0 0 0 
0 0 0 0 0 0 0 0 0 0 0 
RESULT of Pt * G of Matrix with size 11 X 11


31981568 32505856 33030144 33554432 34078720 34865152 35389440 35913728 36438016 36962304 37486592 
38010880 32505856 33030144 33554432 34078720 34603008 35127296 35913728 36438016 36962304 37486592 
38010880 38535168 32768000 33292288 34078720 34603008 35127296 35651584 36175872 36962304 37486592 
38010880 38535168 39059456 33292288 33816576 34340864 34865152 35651584 36175872 36700160 37224448 
37748736 38273024 39059456 39583744 33554432 34340864 34865152 35389440 35913728 36700160 37224448 
37748736 38273024 38797312 39583744 40108032 34078720 34603008 35389440 35913728 36438016 36962304 
37486592 38273024 38797312 39321600 39845888 40632320 34603008 35127296 35651584 36438016 36962304 
37486592 38010880 38535168 39321600 39845888 40370176 41156608 34865152 35651584 36175872 36700160 
37224448 37748736 38535168 39059456 39583744 40370176 40894464 41680896 35389440 35913728 36700160 
36962304 37748736 38273024 39059456 39583744 40108032 40894464 41418752 41943040 35913728 36438016 
36962304 37486592 38010880 38797312 39321600 40108032 40632320 41418752 41943040 42467328 36175872 
RESULT of [PG]t * G of Matrix with size 11 X 11


0 0 0 0 0 0 0 0 0 0 0 
0 0 0 0 0 0 0 0 0 0 0 
0 0 0 0 0 0 0 0 0 0 0 
0 0 0 0 0 0 0 0 0 0 0 
0 0 0 0 0 0 0 0 0 0 0 
0 0 0 0 0 0 0 0 0 0 0 
0 0 0 0 0 0 0 0 0 0 0 
0 0 0 0 0 0 0 0 0 0 0 
0 0 0 0 0 0 0 0 0 0 0 
0 0 0 0 0 0 0 0 0 0 0 
0 0 0 0 0 0 0 0 0 0 0 
RESULT of Pt * Gt of Matrix with size 11 X 11


262144 786432 1572864 2097152 2883584 3407872 3932160 4718592 5242880 6029312 6553600 
15990784 786432 2359296 3670016 5242880 6815744 8388608 9961472 11534336 12845056 14417920 
23068672 25427968 1310720 3670016 6029312 8388608 11010048 13369344 15728640 18087936 20709376 
28311552 31457280 34865152 1835008 4980736 8388608 11534336 14942208 18350080 21495808 24903680 
31719424 35913728 40108032 44302336 2097152 6553600 10747904 14942208 19136512 23330816 27525120 
33292288 38535168 43515904 48496640 53739520 2621440 7864320 12845056 18087936 23068672 28311552 
33292288 39059456 45088768 51118080 57147392 63176704 3145728 9175040 15204352 21233664 27262976 
31195136 38273024 45088768 51904512 58720256 65798144 72613888 3670016 10485760 17563648 24379392 
27525120 35389440 42991616 50855936 58720256 66322432 74186752 82051072 4194304 12058624 19660800 
22020096 30670848 39321600 47972352 56885248 65536000 74186752 82837504 91488256 4718592 13369344 
14680064 24379392 33816576 43515904 52953088 62652416 72089600 81788928 91226112 100925440 5242880 
RESULT of [PG]t * Gt of Matrix with size 11 X 11


