if numbers are 0, that is GOOD, that means HDLsimulation and Matlab results are identical as they should be

0 0 0 0 0 0 0 0 0 0 0 0 0 0 0 0 0 0 0 
0 0 0 0 0 0 0 0 0 0 0 0 0 0 0 0 0 0 0 
0 0 0 0 0 0 0 0 0 0 0 0 0 0 0 0 0 0 0 
0 0 0 0 0 0 0 0 0 0 0 0 0 0 0 0 0 0 0 
0 0 0 0 0 0 0 0 0 0 0 0 0 0 0 0 0 0 0 
0 0 0 0 0 0 0 0 0 0 0 0 0 0 0 0 0 0 0 
0 0 0 0 0 0 0 0 0 0 0 0 0 0 0 0 0 0 0 
0 0 0 0 0 0 0 0 0 0 0 0 0 0 0 0 0 0 0 
0 0 0 0 0 0 0 0 0 0 0 0 0 0 0 0 0 0 0 
0 0 0 0 0 0 0 0 0 0 0 0 0 0 0 0 0 0 0 
0 0 0 0 0 0 0 0 0 0 0 0 0 0 0 0 0 0 0 
0 0 0 0 0 0 0 0 0 0 0 0 0 0 0 0 0 0 0 
0 0 0 0 0 0 0 0 0 0 0 0 0 0 0 0 0 0 0 
0 0 0 0 0 0 0 0 0 0 0 0 0 0 0 0 0 0 0 
0 0 0 0 0 0 0 0 0 0 0 0 0 0 0 0 0 0 0 
0 0 0 0 0 0 0 0 0 0 0 0 0 0 0 0 0 0 0 
0 0 0 0 0 0 0 0 0 0 0 0 0 0 0 0 0 0 0 
0 0 0 0 0 0 0 0 0 0 0 0 0 0 0 0 0 0 0 
0 0 0 0 0 0 0 0 0 0 0 0 0 0 0 0 0 0 0 
INITIAL DATA of Matrix with size 19 X 19


0 0 0 0 0 0 0 0 0 0 0 0 0 0 0 0 0 0 0 
0 0 0 0 0 0 0 0 0 0 0 0 0 0 0 0 0 0 0 
0 0 0 0 0 0 0 0 0 0 0 0 0 0 0 0 0 0 0 
0 0 0 0 0 0 0 0 0 0 0 0 0 0 0 0 0 0 0 
262144 262144 262144 262144 262144 262144 262144 262144 262144 262144 262144 262144 262144 262144 262144 262144 262144 262144 262144 
262144 262144 262144 262144 262144 262144 262144 262144 262144 262144 262144 262144 262144 262144 262144 262144 262144 262144 262144 
262144 262144 262144 262144 262144 262144 262144 262144 262144 262144 262144 262144 262144 262144 262144 262144 262144 262144 262144 
262144 262144 262144 262144 262144 524288 524288 262144 262144 262144 262144 262144 262144 262144 262144 262144 262144 262144 262144 
524288 524288 524288 524288 524288 524288 524288 524288 524288 524288 524288 524288 524288 524288 524288 524288 524288 524288 524288 
524288 524288 524288 524288 524288 524288 524288 524288 524288 524288 524288 524288 524288 524288 524288 524288 524288 524288 524288 
524288 524288 524288 524288 524288 524288 524288 524288 524288 524288 524288 524288 524288 524288 524288 524288 524288 524288 524288 
524288 524288 524288 524288 524288 524288 524288 786432 786432 786432 786432 524288 524288 524288 524288 524288 524288 524288 524288 
786432 786432 786432 786432 786432 786432 786432 786432 786432 786432 786432 786432 786432 786432 786432 786432 786432 786432 786432 
786432 786432 786432 786432 786432 786432 786432 786432 786432 786432 786432 786432 786432 786432 786432 786432 786432 786432 786432 
786432 786432 786432 786432 786432 786432 786432 786432 786432 786432 786432 786432 786432 786432 786432 786432 786432 786432 786432 
786432 786432 786432 786432 786432 786432 786432 786432 786432 786432 1048576 1048576 1048576 1048576 1048576 786432 786432 786432 786432 
1048576 1048576 1048576 1048576 1048576 1048576 1048576 1048576 1048576 1048576 1048576 1048576 1048576 1048576 1048576 1048576 786432 786432 1048576 
1048576 1048576 1048576 1048576 1048576 1048576 1048576 1048576 1048576 1048576 1048576 1048576 1048576 1048576 1048576 1048576 1048576 1048576 1048576 
1048576 1048576 1048576 1048576 1048576 1048576 1048576 1048576 1048576 1048576 1048576 1048576 1048576 1048576 1048576 1048576 1048576 1048576 1048576 
RESULT of P * G of Matrix with size 19 X 19


149684224 150470656 151519232 152305664 153092096 153878528 154927104 155713536 156499968 157548544 158334976 159121408 159907840 160956416 161742848 162529280 163577856 164364288 165150720 
405012480 367263744 369360896 371458048 373555200 375652352 377749504 379846656 381943808 384040960 386138112 388235264 390332416 392429568 394526720 396623872 398721024 400818176 402915328 
641466368 644874240 584581120 587988992 591396864 594542592 597950464 601358336 604766208 607911936 611319808 614727680 618135552 621281280 624689152 628097024 631504896 634650624 638058496 
875298816 880017408 884473856 802160640 806617088 811335680 815792128 820248576 824967168 829423616 834142208 838598656 843317248 847773696 852492288 856948736 861667328 866123776 870842368 
1106771968 1112801280 1118568448 1124335616 1019478016 1025245184 1031012352 1037041664 1042808832 1048576000 1054343168 1060372480 1066139648 1071906816 1077673984 1083441152 1089470464 1095237632 1101004800 
1335885824 1342963712 1350041600 1357119488 1364197376 1236795392 1243873280 1250951168 1258029056 1265106944 1272184832 1279262720 1286340608 1293418496 1300496384 1307574272 1314652160 1321730048 1328807936 
1562378240 1570766848 1578893312 1587281920 1595670528 1603796992 1454374912 1462763520 1470889984 1479278592 1487667200 1495793664 1504182272 1512570880 1520959488 1529085952 1537474560 1545863168 1553989632 
1786511360 1795948544 1805385728 1815085056 1824522240 1834221568 1843658752 1671692288 1681391616 1690828800 1700528128 1709965312 1719664640 1729101824 1738539008 1748238336 1757675520 1767374848 1776812032 
2008023040 2018770944 2029518848 2040266752 2051014656 2062024704 2072772608 2083520512 1889271808 1900019712 1910767616 1921515520 1932525568 1943273472 1954021376 1964769280 1975517184 1986265088 1997275136 
2226913280 2238971904 2251030528 2263089152 2275147776 2287206400 2299265024 2311323648 2323382272 2106589184 2118647808 2130706432 2142765056 2154823680 2166882304 2178940928 2190999552 2203058176 2215116800 
2443706368 2456813568 2470182912 2483552256 2496659456 2510028800 2523136000 2536505344 2549874688 2562981888 2324168704 2337538048 2350645248 2364014592 2377121792 2390491136 2403860480 2416967680 2430337024 
2657615872 2672295936 2686713856 2701131776 2715811840 2730229760 2744909824 2759327744 2773745664 2788425728 2802843648 2541486080 2556166144 2570584064 2585264128 2599682048 2614099968 2628780032 2643197952 
2869428224 2885156864 2900885504 2916614144 2932342784 2948071424 2963800064 2979528704 2995257344 3011248128 3026976768 3042705408 2759065600 2774794240 2790522880 2806251520 2821980160 2837708800 2853699584 
3078356992 3095396352 3112435712 3129475072 3146514432 3163553792 3180331008 3197370368 3214409728 3231449088 3248488448 3265527808 3282567168 2976382976 2993422336 3010461696 3027501056 3044540416 3061579776 
3285188608 3303276544 3321626624 3339714560 3358064640 3376414720 3394502656 3412852736 3430940672 3449290752 3467640832 3485728768 3504078848 3522166784 3193962496 3212050432 3230400512 3248750592 3266838528 
3489398784 3508797440 3528196096 3547856896 3567255552 3586654208 3606052864 3625713664 3645112320 3664510976 3684171776 3703570432 3722969088 3742629888 3762028544 3411279872 3430940672 3450339328 3469737984 
3690987520 3711696896 3732406272 3753115648 3773825024 3794534400 3815243776 3835953152 3856662528 3877371904 3898081280 3919052800 3939762176 3960471552 3981180928 4001890304 3628859392 3649568768 3670278144 
3890216960 3912237056 3933995008 3956015104 3978035200 4000055296 4022075392 4043833344 4065853440 4087873536 4109893632 4131913728 4153671680 4175691776 4197711872 4219731968 4241489920 3846176768 3868196864 
4086824960 4110155776 4133224448 4156555264 4179623936 4202954752 4226023424 4249354240 4272422912 4295753728 4319084544 4342153216 4365484032 4388552704 4411883520 4434952192 4458283008 4481351680 4063756288 
RESULT of P G * G of Matrix with size 19 X 19


0 0 0 0 0 0 0 0 0 0 0 0 0 0 0 0 0 0 0 
0 0 0 0 0 0 0 0 0 0 0 0 0 0 0 0 0 0 0 
262144 262144 0 0 0 0 0 0 0 0 0 0 0 0 0 0 0 262144 262144 
262144 262144 262144 0 0 0 0 0 0 0 0 0 0 0 262144 262144 262144 262144 262144 
262144 262144 524288 524288 0 0 0 0 0 0 0 0 262144 262144 262144 262144 262144 262144 262144 
524288 524288 524288 524288 524288 0 0 0 0 0 0 0 262144 262144 262144 262144 262144 262144 262144 
524288 524288 524288 524288 524288 786432 0 0 0 0 0 0 262144 262144 262144 262144 262144 262144 524288 
524288 524288 524288 786432 786432 786432 786432 0 0 0 0 0 262144 262144 262144 262144 262144 524288 524288 
524288 524288 786432 786432 786432 786432 786432 1048576 0 0 0 0 262144 262144 262144 262144 262144 524288 524288 
524288 524288 786432 786432 786432 786432 1048576 1048576 1048576 0 0 0 0 262144 262144 262144 262144 524288 524288 
524288 524288 786432 786432 786432 1048576 1048576 1048576 1048576 1310720 0 0 0 0 262144 262144 262144 524288 524288 
524288 524288 786432 786432 786432 1048576 1048576 1048576 1048576 1310720 1310720 0 0 0 262144 262144 262144 262144 524288 
524288 524288 786432 786432 786432 1048576 1048576 1048576 1310720 1310720 1310720 1572864 0 0 0 262144 262144 262144 524288 
524288 524288 786432 786432 786432 1048576 1048576 1048576 1310720 1310720 1310720 1572864 1572864 0 0 0 262144 262144 262144 
524288 524288 524288 786432 786432 1048576 1048576 1048576 1310720 1310720 1310720 1572864 1572864 1835008 0 0 0 262144 262144 
262144 524288 524288 786432 786432 786432 1048576 1048576 1310720 1310720 1310720 1572864 1572864 1835008 1835008 0 0 262144 262144 
262144 262144 524288 524288 786432 786432 1048576 1048576 1048576 1310720 1310720 1572864 1572864 1835008 1835008 2097152 0 0 262144 
262144 262144 524288 524288 524288 786432 786432 1048576 1048576 1310720 1310720 1572864 1572864 1835008 1835008 2097152 2097152 0 0 
0 262144 262144 524288 524288 786432 786432 1048576 1048576 1310720 1310720 1572864 1572864 1835008 1835008 2097152 2097152 2097152 0 
RESULT of P * Gt of Matrix with size 19 X 19


8650752 21233664 33816576 46399488 58982400 71565312 84410368 96993280 109576192 122159104 134742016 147324928 159907840 172752896 185335808 197918720 210501632 223084544 235667456 
676593664 24903680 61079552 97255424 133431296 169607168 206045184 242221056 278396928 314572800 350748672 386924544 423100416 459276288 495714304 531890176 568066048 604241920 640417792 
1057751040 1117519872 41156608 100925440 160694272 220725248 280494080 340262912 400031744 459800576 519569408 579338240 639107072 698875904 758906880 818675712 878444544 938213376 997982208 
1391722496 1475084288 1558446080 57671680 141033472 224395264 307757056 391118848 474480640 557842432 641204224 724566016 807927808 891289600 974651392 1058275328 1141637120 1224998912 1308360704 
1678508032 1785462784 1892417536 1999372288 73924608 180879360 287834112 394788864 501743616 608698368 715653120 822607872 929562624 1036517376 1143472128 1250689024 1357643776 1464598528 1571553280 
1918107648 2048655360 2179203072 2309750784 2440298496 90177536 220725248 351272960 481820672 612368384 742916096 873463808 1004011520 1134559232 1265369088 1395916800 1526464512 1657012224 1787559936 
2110521344 2264662016 2418802688 2572943360 2727084032 2881224704 106430464 260571136 414711808 568852480 722993152 877133824 1031536640 1185677312 1339817984 1493958656 1648099328 1802240000 1956380672 
2255749120 2433482752 2611216384 2788950016 2966683648 3144417280 3322150912 122945536 300679168 478412800 656146432 833880064 1011613696 1189347328 1367080960 1544814592 1722548224 1900281856 2078015488 
2353790976 2555117568 2756444160 2957770752 3159097344 3360423936 3561750528 3763077120 139198464 340525056 541851648 743178240 944504832 1145831424 1347158016 1548484608 1749811200 1951137792 2152464384 
2404646912 2629566464 2854486016 3079405568 3304325120 3529244672 3754164224 3979083776 4204003328 155451392 380370944 605290496 830210048 1055129600 1280049152 1504968704 1729888256 1954807808 2179727360 
2408316928 2656829440 2905341952 3153854464 3402366976 3650879488 3899392000 4147904512 4396417024 4644929536 171704320 420216832 668729344 917241856 1165754368 1414266880 1662779392 1911291904 2159804416 
2364801024 2636906496 2909011968 3181117440 3453222912 3725328384 3997433856 4269539328 4541644800 4813750272 5085855744 188219392 460324864 732430336 1004535808 1276379136 1548484608 1820590080 2092695552 
2274099200 2569797632 2865496064 3161194496 3456892928 3752591360 4048289792 4343988224 4639686656 4935385088 5231083520 5526781952 204472320 500170752 795869184 1091567616 1387266048 1682964480 1978400768 
2136473600 2455764992 2774794240 3094085632 3413377024 3732668416 4051959808 4371251200 4690542592 5009833984 5329125376 5648416768 5967446016 220725248 540016640 859308032 1178599424 1497890816 1817182208 
1951399936 2294284288 2637168640 2980052992 3322675200 3665559552 4008443904 4351328256 4694212608 5037096960 5379981312 5722865664 6065750016 6408372224 237240320 579862528 922746880 1265631232 1608515584 
1719140352 2085617664 2452094976 2818572288 3185049600 3551526912 3917742080 4284219392 4650696704 5017174016 5383651328 5750128640 6116605952 6482821120 6849298432 253493248 619970560 986447872 1352663040 
1439956992 1829765120 2219835392 2609905664 2999975936 3390046208 3780116480 4170186752 4559994880 4950065152 5340135424 5730205696 6120275968 6510346240 6900154368 7290224640 269746176 659816448 1049886720 
1113325568 1526988800 1940652032 2354053120 2767716352 3181379584 3595042816 4008706048 4422369280 4835770368 5249433600 5663096832 6076760064 6490423296 6904086528 7317487616 7731150848 285999104 699662336 
739508224 1176764416 1614020608 2051276800 2488532992 2925527040 3362783232 3800039424 4237295616 4674551808 5111808000 5548802048 5986058240 6423314432 6860570624 7297826816 7734820864 8172077056 302514176 
RESULT of PG * Gt of Matrix with size 19 X 19


524288 524288 524288 524288 524288 524288 786432 786432 786432 786432 786432 786432 786432 786432 786432 786432 786432 786432 786432 
786432 524288 524288 524288 524288 524288 786432 786432 786432 786432 786432 786432 786432 786432 786432 786432 786432 786432 786432 
786432 786432 524288 524288 524288 524288 786432 786432 786432 786432 786432 786432 786432 786432 786432 786432 786432 786432 786432 
786432 786432 786432 524288 524288 524288 786432 786432 786432 786432 786432 786432 786432 786432 786432 786432 786432 786432 786432 
786432 786432 786432 786432 524288 524288 786432 786432 786432 786432 786432 786432 786432 786432 786432 786432 786432 786432 786432 
786432 786432 786432 786432 786432 524288 786432 786432 786432 786432 786432 786432 786432 786432 786432 786432 786432 786432 786432 
786432 786432 786432 786432 786432 786432 786432 786432 786432 786432 786432 786432 786432 786432 786432 786432 786432 786432 786432 
786432 786432 786432 786432 786432 786432 786432 786432 786432 786432 786432 786432 786432 786432 786432 786432 786432 786432 786432 
786432 786432 786432 786432 786432 786432 786432 786432 786432 786432 786432 786432 786432 786432 786432 786432 786432 786432 786432 
786432 786432 786432 786432 786432 786432 786432 786432 786432 786432 786432 786432 786432 786432 786432 786432 786432 786432 786432 
786432 786432 786432 786432 786432 786432 786432 786432 786432 786432 786432 786432 786432 786432 786432 786432 786432 786432 786432 
786432 786432 786432 786432 786432 786432 786432 786432 786432 786432 786432 786432 786432 786432 786432 786432 786432 786432 786432 
786432 786432 786432 786432 786432 786432 786432 786432 786432 786432 786432 786432 786432 786432 786432 786432 786432 786432 786432 
786432 786432 786432 786432 786432 786432 786432 786432 786432 786432 786432 786432 786432 786432 786432 786432 786432 786432 786432 
786432 786432 786432 786432 786432 786432 786432 786432 786432 786432 786432 786432 786432 786432 786432 786432 786432 786432 786432 
786432 786432 786432 786432 786432 786432 786432 786432 786432 786432 786432 786432 786432 786432 786432 786432 786432 786432 786432 
786432 786432 786432 786432 786432 786432 786432 786432 786432 786432 786432 786432 786432 786432 786432 786432 786432 786432 786432 
786432 786432 786432 786432 786432 786432 786432 786432 786432 786432 786432 786432 786432 786432 786432 786432 786432 786432 786432 
786432 786432 786432 786432 786432 786432 786432 786432 786432 786432 786432 786432 786432 786432 786432 786432 786432 786432 786432 
RESULT of Pt * G of Matrix with size 19 X 19


2640838656 2656043008 2670985216 2686189568 2701393920 2716598272 2731540480 2746744832 2761949184 2777153536 2792357888 2807300096 2822504448 2837708800 2852913152 2868117504 2883059712 2898264064 2913468416 
2926051328 2652110848 2667315200 2682519552 2697723904 2713190400 2728394752 2743599104 2758803456 2774007808 2789212160 2804416512 2819620864 2834825216 2850029568 2865233920 2880438272 2895642624 2910846976 
2923429888 2938634240 2663645184 2678849536 2694316032 2709520384 2724724736 2739929088 2755395584 2770599936 2785804288 2801270784 2816475136 2831679488 2846883840 2862350336 2877554688 2892759040 2908225536 
2920546304 2936012800 2951217152 2675179520 2690383872 2705850368 2721054720 2736521216 2751725568 2767192064 2782396416 2797862912 2813067264 2828533760 2844000256 2859204608 2874671104 2889875456 2905341952 
2917662720 2933129216 2948595712 2963800064 2686451712 2701918208 2717384704 2732851200 2748055552 2763522048 2778988544 2794455040 2809921536 2825125888 2840592384 2856058880 2871525376 2886991872 2902196224 
2914516992 2929983488 2945712128 2961178624 2976645120 2697986048 2713452544 2728919040 2744385536 2759852032 2775318528 2790785024 2806251520 2821718016 2837184512 2852651008 2868117504 2883584000 2899050496 
2911371264 2927099904 2942566400 2958032896 2973499392 2989228032 2709520384 2724986880 2740453376 2756182016 2771648512 2787115008 2802581504 2818310144 2833776640 2849243136 2864709632 2880438272 2895904768 
2908225536 2923692032 2939420672 2954887168 2970615808 2986082304 3001810944 2720792576 2736521216 2751987712 2767716352 2783182848 2798911488 2814640128 2830106624 2845835264 2861301760 2877030400 2892496896 
2904817664 2920284160 2936012800 2951741440 2967470080 2982936576 2998665216 3014393856 2732326912 2748055552 2763784192 2779250688 2794979328 2810707968 2826436608 2841903104 2857631744 2873360384 2889089024 
2901147648 2916876288 2932604928 2948333568 2964062208 2979790848 2995519488 3011248128 3026976768 2743861248 2759589888 2775318528 2791047168 2806775808 2822504448 2838233088 2853961728 2869690368 2885419008 
2897477632 2913206272 2928934912 2944925696 2960654336 2976382976 2992111616 3008102400 3023831040 3039559680 2755133440 2771124224 2786852864 2802581504 2818310144 2834300928 2850029568 2865758208 2881748992 
2893545472 2909536256 2925264896 2941255680 2956984320 2972975104 2988703744 3004694528 3020423168 3036413952 3052142592 2766667776 2782396416 2798387200 2814377984 2830106624 2846097408 2861826048 2877816832 
2889613312 2905604096 2921594880 2937323520 2953314304 2969305088 2985295872 3001024512 3017015296 3033006080 3048996864 3064987648 2778202112 2793930752 2809921536 2825912320 2841903104 2857631744 2873622528 
2885419008 2901409792 2917400576 2933653504 2949644288 2965635072 2981625856 2997616640 3013607424 3029598208 3045588992 3061579776 3077570560 2789474304 2805465088 2821455872 2837446656 2853437440 2869428224 
2881224704 2897477632 2913468416 2929459200 2945449984 2961702912 2977693696 2993684480 3009937408 3025928192 3041918976 3057909760 3074162688 3090153472 2801008640 2816999424 2832990208 2849243136 2865233920 
2877030400 2893021184 2909274112 2925264896 2941517824 2957508608 2973761536 2989752320 3006005248 3021996032 3038248960 3054239744 3070492672 3086745600 3102736384 2812542976 2828533760 2844786688 2860777472 
2872573952 2888564736 2904817664 2921070592 2937323520 2953314304 2969567232 2985820160 3002073088 3018326016 3034316800 3050569728 3066822656 3083075584 3099066368 3115319296 2823815168 2840068096 2856321024 
2867855360 2884108288 2900361216 2916614144 2932867072 2949120000 2965372928 2981625856 2997878784 3014131712 3030384640 3046637568 3062890496 3079143424 3095396352 3111649280 3127902208 2835349504 2851602432 
2863136768 2879389696 2895642624 2912157696 2928410624 2944663552 2960916480 2977431552 2993684480 3009937408 3026452480 3042705408 3058958336 3075211264 3091726336 3107979264 3124232192 3140485120 2846883840 
RESULT of [PG]t * G of Matrix with size 19 X 19


0 0 0 0 262144 262144 262144 262144 524288 524288 524288 524288 786432 786432 786432 786432 786432 1048576 1048576 
1048576 0 0 0 0 262144 262144 262144 262144 524288 524288 524288 524288 786432 786432 786432 786432 786432 1048576 
1048576 1048576 0 0 0 0 262144 262144 262144 262144 524288 524288 524288 524288 786432 786432 786432 786432 1048576 
1048576 1048576 1048576 0 0 0 0 262144 262144 262144 262144 524288 524288 524288 524288 786432 786432 786432 786432 
786432 1048576 1048576 1048576 0 0 0 0 262144 262144 262144 262144 524288 524288 524288 524288 786432 786432 786432 
786432 786432 1048576 1048576 1048576 0 0 0 0 262144 262144 262144 262144 524288 524288 524288 524288 786432 786432 
786432 786432 786432 1048576 1048576 1048576 0 0 0 0 262144 262144 262144 262144 524288 524288 524288 524288 786432 
786432 786432 786432 786432 1048576 1048576 1048576 0 0 0 0 262144 262144 262144 262144 524288 524288 524288 524288 
524288 786432 786432 786432 786432 1048576 1048576 1048576 0 0 0 0 262144 262144 262144 262144 524288 524288 524288 
524288 524288 786432 786432 786432 786432 1048576 1048576 1048576 0 0 0 0 262144 262144 262144 262144 524288 524288 
524288 524288 524288 786432 786432 786432 786432 1048576 1048576 1048576 0 0 0 0 262144 262144 262144 262144 524288 
524288 524288 524288 524288 786432 786432 786432 786432 1048576 1048576 1048576 0 0 0 0 262144 262144 262144 262144 
262144 524288 524288 524288 524288 786432 786432 786432 786432 1048576 1048576 1048576 0 0 0 0 262144 262144 262144 
262144 262144 524288 524288 524288 524288 786432 786432 786432 786432 1048576 1048576 1048576 0 0 0 0 262144 262144 
262144 262144 262144 524288 524288 524288 524288 786432 786432 786432 1048576 1048576 1048576 1048576 0 0 0 0 262144 
262144 262144 262144 262144 524288 524288 524288 786432 786432 786432 786432 1048576 1048576 1048576 1048576 0 0 0 0 
0 262144 262144 262144 262144 524288 524288 524288 786432 786432 786432 786432 1048576 1048576 1048576 1048576 0 0 0 
0 0 262144 262144 262144 524288 524288 524288 524288 786432 786432 786432 786432 1048576 1048576 1048576 1048576 0 0 
0 0 0 262144 262144 262144 524288 524288 524288 524288 786432 786432 786432 786432 1048576 1048576 1048576 1048576 0 
RESULT of Pt * Gt of Matrix with size 19 X 19


8650752 24903680 41156608 57671680 73924608 90177536 106430464 122945536 139198464 155451392 171704320 188219392 204472320 220725248 237240320 253493248 269746176 285999104 302514176 
739508224 21233664 61079552 100925440 141033472 180879360 220725248 260571136 300679168 340525056 380370944 420216832 460324864 500170752 540016640 579862528 619970560 659816448 699662336 
1113325568 1176764416 33816576 97255424 160694272 224395264 287834112 351272960 414711808 478412800 541851648 605290496 668729344 732430336 795869184 859308032 922746880 986447872 1049886720 
1439956992 1526988800 1614020608 46399488 133431296 220725248 307757056 394788864 481820672 568852480 656146432 743178240 830210048 917241856 1004535808 1091567616 1178599424 1265631232 1352663040 
1719140352 1829765120 1940652032 2051276800 58982400 169607168 280494080 391118848 501743616 612368384 722993152 833880064 944504832 1055129600 1165754368 1276379136 1387266048 1497890816 1608515584 
1951399936 2085617664 2219835392 2354053120 2488532992 71565312 206045184 340262912 474480640 608698368 742916096 877133824 1011613696 1145831424 1280049152 1414266880 1548484608 1682964480 1817182208 
2136473600 2294284288 2452094976 2609905664 2767716352 2925527040 84410368 242221056 400031744 557842432 715653120 873463808 1031536640 1189347328 1347158016 1504968704 1662779392 1820590080 1978400768 
2274099200 2455764992 2637168640 2818572288 2999975936 3181379584 3362783232 96993280 278396928 459800576 641204224 822607872 1004011520 1185677312 1367080960 1548484608 1729888256 1911291904 2092695552 
2364801024 2569797632 2774794240 2980052992 3185049600 3390046208 3595042816 3800039424 109576192 314572800 519569408 724566016 929562624 1134559232 1339817984 1544814592 1749811200 1954807808 2159804416 
2408316928 2636906496 2865496064 3094085632 3322675200 3551526912 3780116480 4008706048 4237295616 122159104 350748672 579338240 807927808 1036517376 1265369088 1493958656 1722548224 1951137792 2179727360 
2404646912 2656829440 2909011968 3161194496 3413377024 3665559552 3917742080 4170186752 4422369280 4674551808 134742016 386924544 639107072 891289600 1143472128 1395916800 1648099328 1900281856 2152464384 
2353790976 2629566464 2905341952 3181117440 3456892928 3732668416 4008443904 4284219392 4559994880 4835770368 5111808000 147324928 423100416 698875904 974651392 1250689024 1526464512 1802240000 2078015488 
2255749120 2555117568 2854486016 3153854464 3453222912 3752591360 4051959808 4351328256 4650696704 4950065152 5249433600 5548802048 159907840 459276288 758906880 1058275328 1357643776 1657012224 1956380672 
2110521344 2433482752 2756444160 3079405568 3402366976 3725328384 4048289792 4371251200 4694212608 5017174016 5340135424 5663096832 5986058240 172752896 495714304 818675712 1141637120 1464598528 1787559936 
1918107648 2264662016 2611216384 2957770752 3304325120 3650879488 3997433856 4343988224 4690542592 5037096960 5383651328 5730205696 6076760064 6423314432 185335808 531890176 878444544 1224998912 1571553280 
1678508032 2048655360 2418802688 2788950016 3159097344 3529244672 3899392000 4269539328 4639686656 5009833984 5379981312 5750128640 6120275968 6490423296 6860570624 197918720 568066048 938213376 1308360704 
1391722496 1785462784 2179203072 2572943360 2966683648 3360423936 3754164224 4147904512 4541644800 4935385088 5329125376 5722865664 6116605952 6510346240 6904086528 7297826816 210501632 604241920 997982208 
1057751040 1475084288 1892417536 2309750784 2727084032 3144417280 3561750528 3979083776 4396417024 4813750272 5231083520 5648416768 6065750016 6482821120 6900154368 7317487616 7734820864 223084544 640417792 
676593664 1117519872 1558446080 1999372288 2440298496 2881224704 3322150912 3763077120 4204003328 4644929536 5085855744 5526781952 5967446016 6408372224 6849298432 7290224640 7731150848 8172077056 235667456 
RESULT of [PG]t * Gt of Matrix with size 19 X 19


