if numbers are 0, that is GOOD, that means HDLsimulation and Matlab results are identical as they should be

0 0 0 0 0 0 0 0 0 0 0 0 0 0 0 0 0 0 0 0 
0 0 0 0 0 0 0 0 0 0 0 0 0 0 0 0 0 0 0 0 
0 0 0 0 0 0 0 0 0 0 0 0 0 0 0 0 0 0 0 0 
0 0 0 0 0 0 0 0 0 0 0 0 0 0 0 0 0 0 0 0 
0 0 0 0 0 0 0 0 0 0 0 0 0 0 0 0 0 0 0 0 
0 0 0 0 0 0 0 0 0 0 0 0 0 0 0 0 0 0 0 0 
0 0 0 0 0 0 0 0 0 0 0 0 0 0 0 0 0 0 0 0 
0 0 0 0 0 0 0 0 0 0 0 0 0 0 0 0 0 0 0 0 
0 0 0 0 0 0 0 0 0 0 0 0 0 0 0 0 0 0 0 0 
0 0 0 0 0 0 0 0 0 0 0 0 0 0 0 0 0 0 0 0 
0 0 0 0 0 0 0 0 0 0 0 0 0 0 0 0 0 0 0 0 
0 0 0 0 0 0 0 0 0 0 0 0 0 0 0 0 0 0 0 0 
0 0 0 0 0 0 0 0 0 0 0 0 0 0 0 0 0 0 0 0 
0 0 0 0 0 0 0 0 0 0 0 0 0 0 0 0 0 0 0 0 
0 0 0 0 0 0 0 0 0 0 0 0 0 0 0 0 0 0 0 0 
0 0 0 0 0 0 0 0 0 0 0 0 0 0 0 0 0 0 0 0 
0 0 0 0 0 0 0 0 0 0 0 0 0 0 0 0 0 0 0 0 
0 0 0 0 0 0 0 0 0 0 0 0 0 0 0 0 0 0 0 0 
0 0 0 0 0 0 0 0 0 0 0 0 0 0 0 0 0 0 0 0 
0 0 0 0 0 0 0 0 0 0 0 0 0 0 0 0 0 0 0 0 
INITIAL DATA of Matrix with size 20 X 20


0 0 0 0 0 0 0 0 0 0 0 0 0 0 0 0 0 0 0 0 
0 0 0 0 0 0 0 0 0 0 0 0 0 0 0 0 0 0 0 0 
0 0 0 0 0 0 0 0 0 0 0 0 0 0 0 0 0 0 0 0 
262144 262144 262144 262144 262144 262144 262144 262144 262144 262144 262144 262144 262144 262144 262144 262144 262144 262144 262144 262144 
262144 262144 262144 262144 262144 262144 262144 262144 262144 262144 262144 262144 262144 262144 262144 262144 262144 262144 262144 262144 
262144 262144 262144 262144 262144 262144 262144 262144 262144 262144 262144 262144 262144 262144 262144 262144 262144 262144 262144 262144 
524288 524288 524288 524288 524288 524288 262144 262144 262144 262144 262144 524288 524288 524288 524288 524288 524288 524288 524288 524288 
524288 524288 524288 524288 524288 524288 524288 524288 524288 524288 524288 524288 524288 524288 524288 524288 524288 524288 524288 524288 
524288 524288 524288 524288 524288 524288 524288 524288 524288 524288 524288 524288 524288 524288 524288 524288 524288 524288 524288 524288 
524288 786432 786432 786432 786432 786432 786432 786432 786432 524288 524288 524288 524288 524288 524288 524288 524288 524288 524288 524288 
786432 786432 786432 786432 786432 786432 786432 786432 786432 786432 786432 786432 786432 786432 786432 786432 786432 786432 786432 786432 
786432 786432 786432 786432 786432 786432 786432 786432 786432 786432 786432 786432 786432 786432 786432 786432 786432 786432 786432 786432 
786432 786432 786432 786432 786432 786432 786432 786432 1048576 1048576 1048576 1048576 786432 786432 786432 786432 786432 786432 786432 786432 
1048576 1048576 1048576 1048576 1048576 1048576 1048576 1048576 1048576 1048576 1048576 1048576 1048576 786432 1048576 1048576 1048576 1048576 1048576 1048576 
1048576 1048576 1048576 1048576 1048576 1048576 1048576 1048576 1048576 1048576 1048576 1048576 1048576 1048576 1048576 1048576 1048576 1048576 1048576 1048576 
1048576 1048576 1048576 1048576 1048576 1048576 1048576 1048576 1048576 1048576 1048576 1048576 1048576 1310720 1310720 1048576 1048576 1048576 1048576 1048576 
1048576 1048576 1310720 1310720 1310720 1310720 1310720 1310720 1310720 1310720 1310720 1310720 1310720 1310720 1310720 1310720 1048576 1048576 1048576 1048576 
1310720 1310720 1310720 1310720 1310720 1310720 1310720 1310720 1310720 1310720 1310720 1310720 1310720 1310720 1310720 1310720 1310720 1310720 1310720 1310720 
1310720 1310720 1310720 1310720 1310720 1310720 1310720 1310720 1310720 1310720 1310720 1310720 1310720 1310720 1310720 1310720 1310720 1310720 1310720 1310720 
1310720 1310720 1310720 1310720 1310720 1310720 1310720 1310720 1572864 1572864 1572864 1572864 1572864 1572864 1572864 1572864 1572864 1572864 1572864 1310720 
RESULT of P * G of Matrix with size 20 X 20


214433792 215482368 216530944 217579520 218628096 219938816 220987392 222035968 223084544 224395264 225443840 226492416 227540992 228589568 229900288 230948864 231997440 233046016 234356736 235405312 
577503232 526123008 528744448 531365888 534249472 536870912 539492352 542375936 544997376 547618816 550502400 553123840 555745280 558628864 561250304 563871744 566755328 569376768 571998208 574881792 
915406848 919601152 837550080 842006528 846200832 850657280 854851584 859308032 863502336 867958784 872153088 876609536 880803840 885260288 889454592 893911040 898105344 902299648 906756096 910950400 
1249902592 1255931904 1261961216 1149239296 1155268608 1161297920 1167065088 1173094400 1178861568 1184890880 1190920192 1196687360 1202716672 1208483840 1214513152 1220280320 1226309632 1232338944 1238106112 1244135424 
1581514752 1588854784 1596456960 1604059136 1460928512 1468530688 1476132864 1483735040 1491075072 1498677248 1506279424 1513619456 1521221632 1528823808 1536163840 1543766016 1551368192 1558970368 1566310400 1573912576 
1909719040 1918894080 1927806976 1936982016 1946157056 1772617728 1781792768 1790967808 1800142848 1809317888 1818492928 1827405824 1836580864 1845755904 1854930944 1864105984 1873018880 1882193920 1891368960 1900544000 
2234777600 2245525504 2256011264 2266759168 2277507072 2288254976 2084306944 2095054848 2105802752 2116550656 2127298560 2138046464 2148794368 2159542272 2170290176 2181038080 2191785984 2202533888 2213281792 2224029696 
2556428288 2568749056 2581069824 2593390592 2605711360 2618032128 2630352896 2395996160 2408316928 2420899840 2433220608 2445541376 2457862144 2470182912 2482503680 2494824448 2507145216 2519465984 2531786752 2544107520 
2874933248 2889089024 2902982656 2916876288 2930769920 2944663552 2958819328 2972712960 2707685376 2721841152 2735734784 2749628416 2763522048 2777415680 2791309312 2805465088 2819358720 2833252352 2847145984 2861039616 
3190554624 3206021120 3221487616 3236954112 3252682752 3268149248 3283615744 3299344384 3314810880 3019374592 3035103232 3050569728 3066036224 3081764864 3097231360 3112697856 3128164352 3143892992 3159359488 3174825984 
3502505984 3519807488 3536846848 3554148352 3571187712 3588489216 3605528576 3622567936 3639869440 3656908800 3331063808 3348365312 3365404672 3382706176 3399745536 3416784896 3434086400 3451125760 3468427264 3485466624 
3811573760 3830448128 3849060352 3867934720 3886546944 3905421312 3924033536 3942907904 3961520128 3980394496 3999006720 3642753024 3661627392 3680239616 3699113984 3717726208 3736600576 3755474944 3774087168 3792961536 
4117495808 4137680896 4158128128 4178313216 4198760448 4219207680 4239392768 4259840000 4280287232 4300472320 4320919552 4341366784 3954442240 3974889472 3995336704 4015521792 4035969024 4056416256 4076601344 4097048576 
4420009984 4441767936 4463788032 4485808128 4507828224 4529848320 4551606272 4573626368 4595646464 4617666560 4639424512 4661444608 4683464704 4266131456 4288151552 4310171648 4332191744 4353949696 4375969792 4397989888 
4719378432 4742709248 4766302208 4789895168 4813488128 4837081088 4860674048 4884267008 4907859968 4931452928 4954783744 4978376704 5001969664 5025562624 4577820672 4601413632 4625006592 4648599552 4672192512 4695785472 
5015339008 5040504832 5065670656 5090836480 5116002304 5141168128 5166333952 5191499776 5216665600 5241831424 5266997248 5292163072 5317328896 5342494720 5367660544 4889509888 4914675712 4939841536 4965007360 4990173184 
5308416000 5335154688 5361893376 5388632064 5415370752 5442109440 5468848128 5495848960 5522587648 5549326336 5576065024 5602803712 5629542400 5656281088 5683019776 5710020608 5201199104 5227937792 5254676480 5281677312 
5598085120 5626396672 5654708224 5683281920 5711593472 5739905024 5768216576 5796790272 5825101824 5853413376 5881724928 5910298624 5938610176 5966921728 5995233280 6023806976 6052118528 5512888320 5541199872 5569773568 
5884608512 5914492928 5944639488 5974523904 6004408320 6034554880 6064439296 6094323712 6124470272 6154354688 6184501248 6214385664 6244270080 6274416640 6304301056 6334185472 6364332032 6394216448 5824577536 5854724096 
6167986176 6199443456 6231162880 6262620160 6294339584 6325796864 6357516288 6388973568 6420692992 6452150272 6483607552 6515326976 6546784256 6578503680 6609960960 6641680384 6673137664 6704857088 6736314368 6136266752 
RESULT of P G * G of Matrix with size 20 X 20


0 0 0 0 0 0 0 0 0 0 0 0 0 0 0 0 0 0 0 0 
0 0 0 0 0 0 0 0 0 0 0 0 0 0 0 0 0 0 0 0 
262144 262144 0 0 0 0 0 0 0 0 0 0 0 0 0 262144 262144 262144 262144 262144 
262144 262144 524288 0 0 0 0 0 0 0 0 0 262144 262144 262144 262144 262144 262144 262144 262144 
524288 524288 524288 524288 0 0 0 0 0 0 0 262144 262144 262144 262144 262144 262144 262144 524288 524288 
524288 524288 524288 786432 786432 0 0 0 0 0 0 262144 262144 262144 262144 262144 262144 524288 524288 524288 
524288 786432 786432 786432 786432 786432 0 0 0 0 0 262144 262144 262144 262144 262144 524288 524288 524288 524288 
786432 786432 786432 786432 1048576 1048576 1048576 0 0 0 0 262144 262144 262144 262144 262144 524288 524288 524288 524288 
786432 786432 786432 1048576 1048576 1048576 1048576 1310720 0 0 0 0 262144 262144 262144 262144 524288 524288 524288 786432 
786432 786432 786432 1048576 1048576 1048576 1310720 1310720 1310720 0 0 0 262144 262144 262144 262144 524288 524288 524288 786432 
786432 786432 1048576 1048576 1048576 1048576 1310720 1310720 1310720 1572864 0 0 0 262144 262144 262144 524288 524288 524288 786432 
786432 786432 1048576 1048576 1048576 1310720 1310720 1310720 1572864 1572864 1572864 0 0 0 262144 262144 262144 524288 524288 786432 
786432 786432 1048576 1048576 1048576 1310720 1310720 1310720 1572864 1572864 1835008 1835008 0 0 0 262144 262144 524288 524288 524288 
786432 786432 786432 1048576 1048576 1310720 1310720 1310720 1572864 1572864 1835008 1835008 2097152 0 0 262144 262144 262144 524288 524288 
524288 786432 786432 1048576 1048576 1310720 1310720 1310720 1572864 1572864 1835008 1835008 2097152 2097152 0 0 262144 262144 524288 524288 
524288 786432 786432 1048576 1048576 1048576 1310720 1310720 1572864 1572864 1835008 1835008 2097152 2097152 2359296 0 0 262144 262144 524288 
524288 524288 786432 786432 1048576 1048576 1310720 1310720 1572864 1572864 1835008 1835008 2097152 2097152 2359296 2359296 0 0 262144 262144 
262144 524288 524288 786432 1048576 1048576 1310720 1310720 1572864 1572864 1835008 1835008 2097152 2097152 2359296 2359296 2621440 0 0 262144 
262144 262144 524288 786432 786432 1048576 1048576 1310720 1310720 1572864 1835008 1835008 2097152 2097152 2359296 2359296 2621440 2883584 0 0 
0 262144 524288 524288 786432 786432 1048576 1310720 1310720 1572864 1572864 1835008 2097152 2097152 2359296 2359296 2621440 2883584 2883584 0 
RESULT of P * Gt of Matrix with size 20 X 20


11534336 28835840 45875200 62914560 79953920 97255424 114294784 131334144 148635648 165675008 182714368 199753728 217055232 234094592 251133952 268173312 285474816 302514176 319553536 336592896 
968359936 33816576 83099648 132120576 181403648 230686720 279707648 328990720 378011648 427294720 476577792 525598720 574881792 624164864 673185792 722468864 771751936 820772864 870055936 919076864 
1518862336 1600126976 55836672 137363456 218628096 299892736 381157376 462422016 543686656 624951296 706215936 787480576 868745216 950009856 1031274496 1112539136 1193803776 1275068416 1356333056 1437597696 
2005139456 2118385664 2231631872 78118912 191365120 304873472 418119680 531628032 644874240 758120448 871628800 984875008 1098383360 1211629568 1324875776 1438384128 1551630336 1664876544 1778384896 1891631104 
2427191296 2572681216 2717908992 2863398912 100401152 245628928 391118848 536608768 682098688 827326464 972816384 1118306304 1263796224 1409024000 1554513920 1700003840 1845493760 1990983680 2136211456 2281701376 
2785017856 2962489344 3139960832 3317694464 3495165952 122421248 299892736 477364224 655097856 832569344 1010040832 1187512320 1364983808 1542455296 1719926784 1897660416 2075131904 2252603392 2430074880 2607546368 
3078881280 3288334336 3498049536 3707502592 3917217792 4126670848 144703488 354156544 563871744 773324800 983040000 1192493056 1402208256 1611661312 1821376512 2030829568 2240544768 2449997824 2659713024 2869166080 
3308519424 3550216192 3791912960 4033347584 4275044352 4516741120 4758437888 166723584 408420352 650117120 891813888 1133510656 1375207424 1616904192 1858338816 2100035584 2341732352 2583429120 2825125888 3066822656 
3473932288 3747610624 4021288960 4295229440 4568907776 4842586112 5116526592 5390204928 189005824 462684160 736362496 1010302976 1283981312 1557659648 1831337984 2105278464 2378956800 2652635136 2926313472 3200253952 
3575119872 3881041920 4186963968 4492623872 4798545920 5104467968 5410127872 5716049920 6021709824 211025920 516947968 822870016 1128529920 1434451968 1740111872 2046033920 2351955968 2657615872 2963537920 3269459968 
3612344320 3950247936 4288151552 4626055168 4963958784 5301862400 5639766016 5977669632 6315573248 6653476864 233308160 571211776 909115392 1247019008 1584922624 1922826240 2260729856 2598633472 2936537088 3274440704 
3585343488 3955228672 4325376000 4695261184 5065146368 5435293696 5805178880 6175326208 6545211392 6915096576 7285243904 255328256 625475584 995360768 1365508096 1735393280 2105278464 2475425792 2845310976 3215458304 
3494117376 3896246272 4298375168 4700241920 5102370816 5504499712 5906628608 6308495360 6710624256 7112753152 7514882048 7916748800 277610496 679739392 1081606144 1483735040 1885863936 2287992832 2690121728 3091988480 
3338665984 3773038592 4207149056 4641259520 5075369984 5509480448 5943590912 6377701376 6812073984 7246184448 7680294912 8114405376 8548515840 299630592 734003200 1168113664 1602224128 2036334592 2470445056 2904555520 
3119251456 3585605632 4051697664 4518051840 4984143872 5450498048 5916590080 6382944256 6849036288 7315390464 7781482496 8247836672 8713928704 9180282880 321912832 788267008 1254359040 1720713216 2186805248 2653159424 
2835611648 3333947392 3832283136 4330618880 4828954624 5327028224 5825363968 6323699712 6822035456 7320371200 7818706944 8317042688 8815378432 9313714176 9812049920 344195072 842268672 1340604416 1838940160 2337275904 
2487746560 3018063872 3548643328 4078960640 4609277952 5139857408 5670174720 6200492032 6730809344 7261388800 7791706112 8322023424 8852340736 9382920192 9913237504 10443554816 366215168 896532480 1427111936 1957429248 
2075918336 2638217216 3200778240 3763077120 4325638144 4888199168 5450498048 6013059072 6575620096 7137918976 7700480000 8263041024 8825339904 9387900928 9950461952 10512760832 11075321856 388497408 950796288 1513357312 
1599602688 2194145280 2788687872 3383230464 3977773056 4572315648 5166858240 5761400832 6355943424 6950486016 7545028608 8139571200 8734113792 9328656384 9923198976 10518003712 11112546304 11707088896 410517504 1005060096 
1059323904 1685848064 2312634368 2939158528 3565944832 4192468992 4818993152 5445779456 6072303616 6699089920 7325614080 7952138240 8578924544 9205448704 9832235008 10458759168 11085283328 11712069632 12338593792 432799744 
RESULT of PG * Gt of Matrix with size 20 X 20


786432 786432 786432 786432 786432 786432 786432 786432 786432 786432 786432 786432 786432 786432 1048576 1048576 1048576 1048576 1048576 1048576 
1048576 786432 786432 786432 786432 786432 786432 786432 786432 786432 786432 786432 786432 786432 1048576 1048576 1048576 1048576 1048576 1048576 
1048576 1048576 786432 786432 786432 786432 786432 786432 786432 786432 786432 786432 786432 786432 1048576 1048576 1048576 1048576 1048576 1048576 
1048576 1048576 1048576 786432 786432 786432 786432 786432 786432 786432 786432 786432 786432 786432 1048576 1048576 1048576 1048576 1048576 1048576 
1048576 1048576 1048576 1048576 786432 786432 786432 786432 786432 786432 786432 786432 786432 786432 1048576 1048576 1048576 1048576 1048576 1048576 
1048576 1048576 1048576 1048576 1048576 786432 786432 786432 786432 786432 786432 786432 786432 786432 1048576 1048576 1048576 1048576 1048576 1048576 
1048576 1048576 1048576 1048576 1048576 1048576 786432 786432 786432 786432 786432 786432 786432 786432 1048576 1048576 1048576 1048576 1048576 1048576 
1048576 1048576 1048576 1048576 1048576 1048576 1048576 786432 786432 786432 786432 786432 786432 786432 1048576 1048576 1048576 1048576 1048576 1048576 
1048576 1048576 1048576 1048576 1048576 1048576 1048576 1048576 786432 786432 786432 786432 786432 786432 1048576 1048576 1048576 1048576 1048576 1048576 
1048576 1048576 1048576 1048576 1048576 1048576 1048576 1048576 1048576 786432 786432 786432 786432 786432 1048576 1048576 1048576 1048576 1048576 1048576 
1048576 1048576 1048576 1048576 1048576 1048576 1048576 1048576 1048576 1048576 786432 786432 786432 786432 1048576 1048576 1048576 1048576 1048576 1048576 
1048576 1048576 1048576 1048576 1048576 1048576 1048576 1048576 1048576 1048576 1048576 786432 786432 786432 1048576 1048576 1048576 1048576 1048576 1048576 
1048576 1048576 1048576 1048576 1048576 1048576 1048576 1048576 1048576 1048576 1048576 1048576 786432 786432 1048576 1048576 1048576 1048576 1048576 1048576 
1048576 1048576 1048576 1048576 1048576 1048576 1048576 1048576 1048576 1048576 1048576 1048576 1048576 786432 1048576 1048576 1048576 1048576 1048576 1048576 
1048576 1048576 1048576 1048576 1048576 1048576 1048576 1048576 1048576 1048576 1048576 1048576 1048576 1048576 1048576 1048576 1048576 1048576 1048576 1048576 
1048576 1048576 1048576 1048576 1048576 1048576 1048576 1048576 1048576 1048576 1048576 1048576 1048576 1048576 1048576 1048576 1048576 1048576 1048576 1048576 
1048576 1048576 1048576 1048576 1048576 1048576 1048576 1048576 1048576 1048576 1048576 1048576 1048576 1048576 1048576 1048576 1048576 1048576 1048576 1048576 
1048576 1048576 1048576 1048576 1048576 1048576 1048576 1048576 1048576 1048576 1048576 1048576 1048576 1048576 1048576 1048576 1048576 1048576 1048576 1048576 
1048576 1048576 1048576 1048576 1048576 1048576 1048576 1048576 1048576 1048576 1048576 1048576 1048576 1048576 1048576 1048576 1048576 1048576 1048576 1048576 
1048576 1048576 1048576 1048576 1048576 1048576 1048576 1048576 1048576 1048576 1048576 1048576 1048576 1048576 1048576 1048576 1048576 1048576 1048576 1048576 
RESULT of Pt * G of Matrix with size 20 X 20


3992453120 4013162496 4033871872 4054581248 4075028480 4095737856 4116447232 4137156608 4157603840 4178313216 4199022592 4219469824 4240179200 4260888576 4281597952 4302045184 4322754560 4343463936 4364173312 4384620544 
4401922048 4008181760 4028891136 4049600512 4070309888 4091019264 4111728640 4132438016 4153147392 4173856768 4194566144 4215275520 4235984896 4256694272 4277403648 4298113024 4318822400 4339531776 4360241152 4381212672 
4397989888 4418961408 4023648256 4044619776 4065329152 4086038528 4107010048 4127719424 4148428800 4169400320 4190109696 4210819072 4231790592 4252499968 4273209344 4294180864 4314890240 4335599616 4356571136 4377280512 
4394319872 4415029248 4436000768 4039376896 4060086272 4081057792 4102029312 4122738688 4143710208 4164681728 4185391104 4206362624 4227334144 4248043520 4269015040 4289986560 4310695936 4331667456 4352376832 4373348352 
4390125568 4411097088 4432068608 4453040128 4054843392 4075814912 4096786432 4117757952 4138729472 4159700992 4180672512 4201644032 4222615552 4243587072 4264558592 4285530112 4306501632 4327473152 4348444672 4369416192 
4386193408 4407164928 4428136448 4449107968 4470341632 4070572032 4091543552 4112515072 4133486592 4154720256 4175691776 4196663296 4217896960 4238868480 4259840000 4280811520 4302045184 4323016704 4343988224 4364959744 
4381736960 4402970624 4423942144 4445175808 4466147328 4487380992 4086038528 4107272192 4128243712 4149477376 4170448896 4191682560 4212916224 4233887744 4255121408 4276092928 4297326592 4318298112 4339531776 4360503296 
4377280512 4398514176 4419747840 4440981504 4461953024 4483186688 4504420352 4101767168 4122738688 4143972352 4165206016 4186439680 4207673344 4228907008 4250140672 4271374336 4292345856 4313579520 4334813184 4356046848 
4372561920 4393795584 4415291392 4436525056 4457758720 4478992384 4500226048 4521459712 4117233664 4138467328 4159700992 4181196800 4202430464 4223664128 4244897792 4266131456 4287365120 4308860928 4330094592 4351328256 
4367843328 4389076992 4410572800 4431806464 4453302272 4474535936 4496031744 4517265408 4538761216 4132700160 4154195968 4175429632 4196925440 4218159104 4239654912 4260888576 4282384384 4303618048 4325113856 4346347520 
4362862592 4384358400 4405592064 4427087872 4448583680 4470079488 4491575296 4512808960 4534304768 4555800576 4148428800 4169924608 4191420416 4212654080 4234149888 4255645696 4277141504 4298375168 4319870976 4341366784 
4357619712 4379115520 4400611328 4422369280 4443865088 4465360896 4486856704 4508352512 4529848320 4551344128 4572839936 4163895296 4185391104 4207149056 4228644864 4250140672 4271636480 4293132288 4314628096 4336123904 
4352376832 4373872640 4395630592 4417126400 4438884352 4460380160 4481875968 4503633920 4525129728 4546887680 4568383488 4589879296 4179623936 4201119744 4222877696 4244373504 4265869312 4287627264 4309123072 4330881024 
4346871808 4368629760 4390387712 4411883520 4433641472 4455399424 4476895232 4498653184 4520411136 4542169088 4563664896 4585422848 4607180800 4195090432 4216848384 4238606336 4260102144 4281860096 4303618048 4325376000 
4341366784 4363124736 4384882688 4406640640 4428398592 4450156544 4471914496 4493672448 4515430400 4537188352 4558946304 4580704256 4602462208 4624220160 4210819072 4232577024 4254334976 4276092928 4297850880 4319608832 
4335599616 4357357568 4379115520 4401135616 4422893568 4444651520 4466671616 4488429568 4510187520 4532207616 4553965568 4575723520 4597743616 4619501568 4641259520 4226285568 4248305664 4270063616 4291821568 4313579520 
4329570304 4351590400 4373348352 4395368448 4417388544 4439146496 4461166592 4482924544 4504944640 4526964736 4548722688 4570742784 4592762880 4614520832 4636540928 4658298880 4242014208 4263772160 4285792256 4307812352 
4323540992 4345561088 4367581184 4389601280 4411621376 4433641472 4455399424 4477419520 4499439616 4521459712 4543479808 4565499904 4587520000 4609540096 4631560192 4653580288 4675600384 4257480704 4279500800 4301520896 
4317249536 4339269632 4361289728 4383571968 4405592064 4427612160 4449632256 4471914496 4493934592 4515954688 4537974784 4560257024 4582277120 4604297216 4626317312 4648599552 4670619648 4692639744 4273209344 4295229440 
4310958080 4332978176 4355260416 4377280512 4399562752 4421582848 4443865088 4465885184 4488167424 4510187520 4532469760 4554489856 4576772096 4599054336 4621074432 4643356672 4665376768 4687659008 4709679104 4288675840 
RESULT of [PG]t * G of Matrix with size 20 X 20


0 0 0 262144 262144 262144 262144 524288 524288 524288 786432 786432 786432 786432 1048576 1048576 1048576 1310720 1310720 1310720 
1310720 0 0 0 262144 262144 262144 262144 524288 524288 524288 786432 786432 786432 1048576 1048576 1048576 1048576 1310720 1310720 
1310720 1310720 0 0 0 262144 262144 262144 262144 524288 524288 524288 786432 786432 786432 1048576 1048576 1048576 1048576 1310720 
1310720 1310720 1310720 0 0 0 262144 262144 262144 262144 524288 524288 524288 786432 786432 786432 1048576 1048576 1048576 1048576 
1048576 1310720 1310720 1310720 0 0 0 262144 262144 262144 262144 524288 524288 524288 786432 786432 786432 1048576 1048576 1048576 
1048576 1048576 1310720 1310720 1310720 0 0 0 262144 262144 262144 524288 524288 524288 524288 786432 786432 786432 1048576 1048576 
1048576 1048576 1310720 1310720 1310720 1310720 0 0 0 262144 262144 262144 524288 524288 524288 524288 786432 786432 786432 1048576 
1048576 1048576 1048576 1310720 1310720 1310720 1310720 0 0 0 262144 262144 262144 524288 524288 524288 524288 786432 786432 786432 
786432 1048576 1048576 1048576 1310720 1310720 1310720 1310720 0 0 0 262144 262144 262144 524288 524288 524288 524288 786432 786432 
786432 786432 1048576 1048576 1048576 1310720 1310720 1310720 1572864 0 0 0 262144 262144 262144 524288 524288 524288 524288 786432 
786432 786432 786432 1048576 1048576 1048576 1310720 1310720 1310720 1572864 0 0 0 262144 262144 262144 524288 524288 524288 524288 
524288 786432 786432 786432 1048576 1048576 1048576 1310720 1310720 1310720 1572864 0 0 0 262144 262144 262144 524288 524288 524288 
524288 786432 786432 786432 786432 1048576 1048576 1048576 1310720 1310720 1310720 1572864 0 0 0 262144 262144 262144 524288 524288 
524288 524288 786432 786432 786432 786432 1048576 1048576 1048576 1310720 1310720 1310720 1572864 0 0 0 262144 262144 262144 524288 
524288 524288 524288 786432 786432 786432 786432 1048576 1048576 1048576 1310720 1310720 1310720 1572864 0 0 0 262144 262144 262144 
262144 524288 524288 524288 786432 786432 786432 786432 1048576 1048576 1048576 1310720 1310720 1310720 1572864 0 0 0 262144 262144 
262144 262144 524288 524288 524288 786432 786432 786432 1048576 1048576 1048576 1048576 1310720 1310720 1310720 1572864 0 0 0 262144 
262144 262144 262144 524288 524288 524288 786432 786432 786432 1048576 1048576 1048576 1048576 1310720 1310720 1310720 1572864 0 0 0 
0 262144 262144 262144 524288 524288 524288 786432 786432 786432 1048576 1048576 1048576 1310720 1310720 1310720 1310720 1572864 0 0 
0 0 262144 262144 262144 524288 524288 524288 786432 786432 786432 1048576 1048576 1048576 1310720 1310720 1310720 1310720 1572864 0 
RESULT of Pt * Gt of Matrix with size 20 X 20


11534336 33816576 55836672 78118912 100401152 122421248 144703488 166723584 189005824 211025920 233308160 255328256 277610496 299630592 321912832 344195072 366215168 388497408 410517504 432799744 
1059323904 28835840 83099648 137363456 191365120 245628928 299892736 354156544 408420352 462684160 516947968 571211776 625475584 679739392 734003200 788267008 842268672 896532480 950796288 1005060096 
1599602688 1685848064 45875200 132120576 218628096 304873472 391118848 477364224 563871744 650117120 736362496 822870016 909115392 995360768 1081606144 1168113664 1254359040 1340604416 1427111936 1513357312 
2075918336 2194145280 2312634368 62914560 181403648 299892736 418119680 536608768 655097856 773324800 891813888 1010302976 1128529920 1247019008 1365508096 1483735040 1602224128 1720713216 1838940160 1957429248 
2487746560 2638217216 2788687872 2939158528 79953920 230686720 381157376 531628032 682098688 832569344 983040000 1133510656 1283981312 1434451968 1584922624 1735393280 1885863936 2036334592 2186805248 2337275904 
2835611648 3018063872 3200778240 3383230464 3565944832 97255424 279707648 462422016 644874240 827326464 1010040832 1192493056 1375207424 1557659648 1740111872 1922826240 2105278464 2287992832 2470445056 2653159424 
3119251456 3333947392 3548643328 3763077120 3977773056 4192468992 114294784 328990720 543686656 758120448 972816384 1187512320 1402208256 1616904192 1831337984 2046033920 2260729856 2475425792 2690121728 2904555520 
3338665984 3585605632 3832283136 4078960640 4325638144 4572315648 4818993152 131334144 378011648 624951296 871628800 1118306304 1364983808 1611661312 1858338816 2105278464 2351955968 2598633472 2845310976 3091988480 
3494117376 3773038592 4051697664 4330618880 4609277952 4888199168 5166858240 5445779456 148635648 427294720 706215936 984875008 1263796224 1542455296 1821376512 2100035584 2378956800 2657615872 2936537088 3215458304 
3585343488 3896246272 4207149056 4518051840 4828954624 5139857408 5450498048 5761400832 6072303616 165675008 476577792 787480576 1098383360 1409024000 1719926784 2030829568 2341732352 2652635136 2963537920 3274440704 
3612344320 3955228672 4298375168 4641259520 4984143872 5327028224 5670174720 6013059072 6355943424 6699089920 182714368 525598720 868745216 1211629568 1554513920 1897660416 2240544768 2583429120 2926313472 3269459968 
3575119872 3950247936 4325376000 4700241920 5075369984 5450498048 5825363968 6200492032 6575620096 6950486016 7325614080 199753728 574881792 950009856 1324875776 1700003840 2075131904 2449997824 2825125888 3200253952 
3473932288 3881041920 4288151552 4695261184 5102370816 5509480448 5916590080 6323699712 6730809344 7137918976 7545028608 7952138240 217055232 624164864 1031274496 1438384128 1845493760 2252603392 2659713024 3066822656 
3308519424 3747610624 4186963968 4626055168 5065146368 5504499712 5943590912 6382944256 6822035456 7261388800 7700480000 8139571200 8578924544 234094592 673185792 1112539136 1551630336 1990983680 2430074880 2869166080 
3078881280 3550216192 4021288960 4492623872 4963958784 5435293696 5906628608 6377701376 6849036288 7320371200 7791706112 8263041024 8734113792 9205448704 251133952 722468864 1193803776 1664876544 2136211456 2607546368 
2785017856 3288334336 3791912960 4295229440 4798545920 5301862400 5805178880 6308495360 6812073984 7315390464 7818706944 8322023424 8825339904 9328656384 9832235008 268173312 771751936 1275068416 1778384896 2281701376 
2427191296 2962489344 3498049536 4033347584 4568907776 5104467968 5639766016 6175326208 6710624256 7246184448 7781482496 8317042688 8852340736 9387900928 9923198976 10458759168 285474816 820772864 1356333056 1891631104 
2005139456 2572681216 3139960832 3707502592 4275044352 4842586112 5410127872 5977669632 6545211392 7112753152 7680294912 8247836672 8815378432 9382920192 9950461952 10518003712 11085283328 302514176 870055936 1437597696 
1518862336 2118385664 2717908992 3317694464 3917217792 4516741120 5116526592 5716049920 6315573248 6915096576 7514882048 8114405376 8713928704 9313714176 9913237504 10512760832 11112546304 11712069632 319553536 919076864 
968359936 1600126976 2231631872 2863398912 3495165952 4126670848 4758437888 5390204928 6021709824 6653476864 7285243904 7916748800 8548515840 9180282880 9812049920 10443554816 11075321856 11707088896 12338593792 336592896 
RESULT of [PG]t * Gt of Matrix with size 20 X 20


