if numbers are 0, that is GOOD, that means HDLsimulation and Matlab results are identical as they should be

0 0 0 0 0 0 0 
0 0 0 0 0 0 0 
0 0 0 0 0 0 0 
0 0 0 0 0 0 0 
0 0 0 0 0 0 0 
0 0 0 0 0 0 0 
0 0 0 0 0 0 0 
INITIAL DATA of Matrix with size 7 X 7


0 0 0 0 0 0 0 
0 0 0 0 0 0 0 
0 0 0 0 0 0 0 
0 0 0 0 0 0 0 
0 0 0 0 0 0 0 
0 0 0 0 0 0 0 
0 0 0 0 0 0 0 
RESULT of P * G of Matrix with size 7 X 7


0 0 0 0 0 0 0 
262144 262144 262144 262144 262144 262144 262144 
524288 524288 524288 524288 524288 524288 524288 
786432 786432 786432 524288 524288 786432 786432 
1048576 1048576 1048576 1048576 786432 786432 786432 
1048576 1048576 1310720 1310720 1310720 1048576 1048576 
1310720 1310720 1310720 1310720 1572864 1572864 1310720 
RESULT of P G * G of Matrix with size 7 X 7


0 0 0 0 0 0 0 
0 0 0 0 0 0 0 
0 0 0 0 0 0 0 
0 0 0 0 0 0 0 
0 0 0 0 0 0 0 
0 0 0 0 0 0 0 
0 0 0 0 0 0 0 
RESULT of P * Gt of Matrix with size 7 X 7


0 0 0 0 0 0 0 
524288 0 0 0 262144 262144 524288 
786432 786432 0 262144 262144 524288 524288 
786432 1048576 1310720 0 262144 524288 786432 
786432 1048576 1572864 1835008 0 262144 524288 
786432 1048576 1572864 1835008 2097152 0 524288 
524288 1048576 1310720 1835008 2097152 2621440 262144 
RESULT of PG * Gt of Matrix with size 7 X 7


0 0 0 0 0 0 0 
0 0 0 0 0 0 0 
0 0 0 0 0 0 0 
0 0 0 0 0 0 0 
0 0 0 0 0 0 0 
0 0 0 0 0 0 0 
0 0 0 0 0 0 0 
RESULT of Pt * G of Matrix with size 7 X 7


786432 786432 786432 786432 786432 786432 1048576 
1048576 786432 786432 786432 786432 786432 1048576 
1048576 1048576 786432 786432 786432 786432 786432 
1048576 1048576 1048576 786432 786432 786432 786432 
1048576 1048576 1048576 1048576 786432 786432 786432 
1048576 1048576 1048576 1048576 1048576 786432 786432 
786432 1048576 1048576 1048576 1048576 1048576 786432 
RESULT of [PG]t * G of Matrix with size 7 X 7


0 0 0 0 0 0 0 
0 0 0 0 0 0 0 
0 0 0 0 0 0 0 
0 0 0 0 0 0 0 
0 0 0 0 0 0 0 
0 0 0 0 0 0 0 
0 0 0 0 0 0 0 
RESULT of Pt * Gt of Matrix with size 7 X 7


0 0 0 0 0 0 262144 
524288 0 0 262144 262144 262144 524288 
786432 1048576 0 0 262144 524288 524288 
786432 1048576 1310720 0 262144 524288 786432 
786432 1048576 1572864 1835008 0 262144 524288 
786432 1048576 1572864 1835008 2097152 0 524288 
524288 786432 1310720 1835008 2097152 2621440 0 
RESULT of [PG]t * Gt of Matrix with size 7 X 7


