if numbers are 0, that is GOOD, that means HDLsimulation and Matlab results are identical as they should be

0 0 0 0 0 0 0 0 
0 0 0 0 0 0 0 0 
0 0 0 0 0 0 0 0 
0 0 0 0 0 0 0 0 
0 0 0 0 0 0 0 0 
0 0 0 0 0 0 0 0 
0 0 0 0 0 0 0 0 
0 0 0 0 0 0 0 0 
INITIAL DATA of Matrix with size 8 X 8


0 0 0 0 0 0 0 0 
0 0 0 0 0 0 0 0 
0 0 0 0 0 0 0 0 
0 0 0 0 0 0 0 0 
0 0 0 0 0 0 0 0 
0 0 0 0 0 0 0 0 
0 0 0 0 0 0 0 0 
0 0 0 0 0 0 0 0 
RESULT of P * G of Matrix with size 8 X 8


262144 262144 262144 262144 262144 262144 262144 262144 
1048576 786432 786432 786432 786432 786432 786432 786432 
1572864 1572864 1310720 1310720 1310720 1310720 1310720 1572864 
2097152 2097152 2097152 1835008 1835008 1835008 1835008 2097152 
2621440 2621440 2621440 2883584 2359296 2359296 2359296 2359296 
3145728 3145728 3145728 3407872 3407872 2621440 2883584 2883584 
3407872 3670016 3670016 3932160 3932160 3932160 3145728 3407872 
3932160 3932160 4194304 4194304 4456448 4456448 4718592 3670016 
RESULT of P G * G of Matrix with size 8 X 8


0 0 0 0 0 0 0 0 
0 0 0 0 0 0 0 0 
0 0 0 0 0 0 0 0 
0 0 0 0 0 0 0 0 
0 0 0 0 0 0 0 0 
0 0 0 0 0 0 0 0 
0 0 0 0 0 0 0 0 
0 0 0 0 0 0 0 0 
RESULT of P * Gt of Matrix with size 8 X 8


0 0 0 262144 262144 262144 262144 524288 
1572864 0 262144 524288 524288 786432 1048576 1310720 
2097152 2621440 0 524288 786432 1048576 1572864 1835008 
2621440 3145728 3670016 262144 786432 1048576 1572864 2097152 
2621440 3407872 3932160 4456448 262144 1048576 1572864 2097152 
2621440 3407872 4194304 4980736 5505024 524288 1048576 1835008 
2359296 3145728 3932160 4980736 5767168 6553600 524288 1310720 
1572864 2621440 3670016 4718592 5767168 6553600 7602176 524288 
RESULT of PG * Gt of Matrix with size 8 X 8


0 0 0 0 0 0 0 0 
0 0 0 0 0 0 0 0 
0 0 0 0 0 0 0 0 
0 0 0 0 0 0 0 0 
0 0 0 0 0 0 0 0 
0 0 0 0 0 0 0 0 
0 0 0 0 0 0 0 0 
0 0 0 0 0 0 0 0 
RESULT of Pt * G of Matrix with size 8 X 8


2359296 2359296 2359296 2621440 2621440 2621440 2883584 2883584 
2883584 2359296 2359296 2621440 2621440 2621440 2883584 2883584 
2883584 3145728 2359296 2621440 2621440 2621440 2883584 2883584 
2883584 3145728 3145728 2621440 2621440 2621440 2883584 2883584 
2883584 3145728 3145728 3145728 2621440 2621440 2621440 2883584 
2883584 2883584 3145728 3145728 3407872 2621440 2621440 2883584 
2883584 2883584 3145728 3145728 3145728 3407872 2621440 2883584 
2883584 2883584 3145728 3145728 3145728 3407872 3407872 2883584 
RESULT of [PG]t * G of Matrix with size 8 X 8


0 0 0 0 0 0 0 0 
0 0 0 0 0 0 0 0 
0 0 0 0 0 0 0 0 
0 0 0 0 0 0 0 0 
0 0 0 0 0 0 0 0 
0 0 0 0 0 0 0 0 
0 0 0 0 0 0 0 0 
0 0 0 0 0 0 0 0 
RESULT of Pt * Gt of Matrix with size 8 X 8


0 0 0 262144 262144 524288 524288 524288 
1572864 0 262144 524288 786432 1048576 1048576 1310720 
2359296 2621440 0 524288 786432 1048576 1572864 1835008 
2621440 3145728 3670016 262144 524288 1048576 1572864 2097152 
2621440 3407872 3932160 4718592 262144 786432 1572864 2097152 
2621440 3407872 4194304 4980736 5767168 262144 1048576 1835008 
2097152 3145728 3932160 4980736 5767168 6553600 262144 1310720 
1572864 2621440 3670016 4456448 5505024 6553600 7602176 524288 
RESULT of [PG]t * Gt of Matrix with size 8 X 8


