 
1         2         3         4         5         6         7         8         9         10        11        12        13        14        15        16        17        
34        18        19        20        21        22        23        24        25        26        27        28        29        30        31        32        33        
50        51        35        36        37        38        39        40        41        42        43        44        45        46        47        48        49        
66        67        68        52        53        54        55        56        57        58        59        60        61        62        63        64        65        
82        83        84        85        69        70        71        72        73        74        75        76        77        78        79        80        81        
98        99        100       101       102       86        87        88        89        90        91        92        93        94        95        96        97        
114       115       116       117       118       119       103       104       105       106       107       108       109       110       111       112       113       
130       131       132       133       134       135       136       120       121       122       123       124       125       126       127       128       129       
146       147       148       149       150       151       152       153       137       138       139       140       141       142       143       144       145       
162       163       164       165       166       167       168       169       170       154       155       156       157       158       159       160       161       
178       179       180       181       182       183       184       185       186       187       171       172       173       174       175       176       177       
194       195       196       197       198       199       200       201       202       203       204       188       189       190       191       192       193       
210       211       212       213       214       215       216       217       218       219       220       221       205       206       207       208       209       
226       227       228       229       230       231       232       233       234       235       236       237       238       222       223       224       225       
242       243       244       245       246       247       248       249       250       251       252       253       254       255       239       240       241       
258       259       260       261       262       263       264       265       266       267       268       269       270       271       272       256       257       
274       275       276       277       278       279       280       281       282       283       284       285       286       287       288       289       273       
INITIAL DATA
 

27897     28050     28203     28356     28509     28662     28815     28968     29121     29274     29427     29580     29733     29886     30039     30192     30345     
74562     67490     67932     68374     68816     69258     69700     70142     70584     71026     71468     71910     72352     72794     73236     73678     74120     
118048    118779    107083    107814    108545    109276    110007    110738    111469    112200    112931    113662    114393    115124    115855    116586    117317    
160956    161976    162996    146676    147696    148716    149736    150756    151776    152796    153816    154836    155856    156876    157896    158916    159936    
203286    204595    205904    207213    186269    187578    188887    190196    191505    192814    194123    195432    196741    198050    199359    200668    201977    
245038    246636    248234    249832    251430    225862    227460    229058    230656    232254    233852    235450    237048    238646    240244    241842    243440    
24068     25955     27842     29729     31616     33503     3311      5198      7085      8972      10859     12746     14633     16520     18407     20294     22181     
64664     66840     69016     71192     73368     75544     77720     42904     45080     47256     49432     51608     53784     55960     58136     60312     62488     
104682    107147    109612    112077    114542    117007    119472    121937    82497     84962     87427     89892     92357     94822     97287     99752     102217    
144122    146876    149630    152384    155138    157892    160646    163400    166154    122090    124844    127598    130352    133106    135860    138614    141368    
182984    186027    189070    192113    195156    198199    201242    204285    207328    210371    161683    164726    167769    170812    173855    176898    179941    
221268    224600    227932    231264    234596    237928    241260    244592    247924    251256    254588    201276    204608    207940    211272    214604    217936    
258974    451       4072      7693      11314     14935     18556     22177     25798     29419     33040     36661     240869    244490    248111    251732    255353    
33958     37868     41778     45688     49598     53508     57418     61328     65238     69148     73058     76968     80878     18318     22228     26138     30048     
70508     74707     78906     83105     87304     91503     95702     99901     104100    108299    112498    116697    120896    125095    57911     62110     66309     
106480    110968    115456    119944    124432    128920    133408    137896    142384    146872    151360    155848    160336    164824    169312    97504     101992    
141874    146651    151428    156205    160982    165759    170536    175313    180090    184867    189644    194421    199198    203975    208752    213529    137097    
RESULT of P * G
 

202289    173058    143827    114596    85365     56134     26903     259816    230585    201354    172123    142892    113661    84430     55199     25968     258881    
109234    188818    85540     244406    141128    37850     196716    93438     252304    149026    45748     204614    101336    260202    156924    53646     212512    
136912    221731    175347    260166    82841     167660    252479    75154     159973    244792    67467     152286    237105    59780     144599    229418    52093     
50540     61312     72084     161876    172648    183420    194192    204964    215736    226508    237280    248052    258824    7452      18224     28996     39768     
112262    48987     247856    184581    148405    85130     21855     220724    157449    94174     30899     229768    166493    103218    39943     238812    175537    
59934     184756    47434     172256    34934     134934    259756    122434    247256    109934    234756    97434     222256    84934     209756    72434     197256    
155700    206475    257250    45881     96656     147431    121463    172238    223013    11644     62419     113194    163969    214744    3375      54150     104925    
137416    114144    90872     67600     44328     21056     259928    107992    84720     61448     38176     14904     253776    230504    207232    183960    160688    
5082      169907    72588     237413    140094    42775     207600    110281    94521     259346    162027    64708     229533    132214    34895     199720    102401    
20842     111620    202398    31032     121810    212588    41222     132000    222778    81050     171828    462       91240     182018    10652     101430    192208    
184696    201427    218158    234889    251620    6207      22938     39669     56400     73131     67579     84310     101041    117772    134503    151234    167965    
234500    177184    119868    62552     5236      210064    152748    95432     38116     242944    185628    54108     258936    201620    144304    86988     29672     
170254    38891     169672    38309     169090    37727     168508    37145     167926    36563     167344    35981     40637     171418    40055     170836    39473     
254102    48692     105426    162160    218894    13484     70218     126952    183686    240420    35010     91744     148478    27166     83900     140634    197368    
223900    206587    189274    171961    154648    137335    120022    102709    85396     68083     50770     33457     16144     260975    13695     258526    241213    
79648     250432    159072    67712     238496    147136    55776     226560    135200    43840     214624    123264    31904     202688    111328    224       171008    
83490     180227    14820     111557    208294    42887     139624    236361    70954     167691    2284      99021     195758    30351     127088    223825    248897    
RESULT of P G * G
 
 
1785      4386      6987      9588      12189     14790     17391     19992     22593     25194     27795     30396     32997     35598     38199     40800     43401     
124610    4386      11900     19414     26928     34442     41956     49470     56984     64498     72012     79526     87040     94554     102068    109582    117096    
193392    205819    6987      19414     31841     44268     56695     69122     81549     93976     106403    118830    131257    143684    156111    168538    180965    
252348    7544      24884     9588      26928     44268     61608     78948     96288     113628    130968    148308    165648    182988    200328    217668    235008    
39334     61587     83840     106093    12189     34442     56695     78948     101201    123454    145707    167960    190213    212466    234719    256972    17081     
78638     105804    132970    160136    187302    14790     41956     69122     96288     123454    150620    177786    204952    232118    259284    24306     51472     
108116    140195    172274    204353    236432    6367      17391     49470     81549     113628    145707    177786    209865    241944    11879     43958     76037     
127768    164760    201752    238744    13592     50584     87576     19992     56984     93976     130968    167960    204952    241944    16792     53784     90776     
137594    179499    221404    1165      43070     84975     126880    168785    22593     64498     106403    148308    190213    232118    11879     53784     95689     
137594    184412    231230    15904     62722     109540    156358    203176    249994    25194     72012     118830    165648    212466    259284    43958     90776     
127768    179499    231230    20817     72548     124279    176010    227741    17328     69059     27795     79526     131257    182988    234719    24306     76037     
108116    164760    221404    15904     72548     129192    185836    242480    36980     93624     150268    30396     87040     143684    200328    256972    51472     
78638     140195    201752    1165      62722     124279    185836    247393    46806     108363    169920    231477    32997     94554     156111    217668    17081     
39334     105804    172274    238744    43070     109540    176010    242480    46806     113276    179746    246216    50542     35598     102068    168538    235008    
252348    61587     132970    204353    13592     84975     156358    227741    36980     108363    179746    251129    60368     131751    38199     109582    180965    
193392    7544      83840     160136    236432    50584     126880    203176    17328     93624     169920    246216    60368     136664    212960    40800     117096    
124610    205819    24884     106093    187302    6367      87576     168785    249994    69059     150268    231477    50542     131751    212960    32025     43401     
RESULT of P * Gt
 

61489     37266     13043     250964    226741    202518    178295    154072    129849    105626    81403     57180     32957     8734      246655    222432    198209    
7730      88850     116548    144246    171944    199642    227340    255038    20592     48290     75988     103686    131384    159082    186780    214478    242176    
261920    79395     116211    195830    13305     92924     172543    252162    69637     149256    228875    46350     125969    205588    23063     102682    182301    
150124    19520     151060    143572    12968     144508    13904     145444    14840     146380    15776     147316    16712     148252    17648     149188    18584     
196630    117947    39264     222725    170933    92250     13567     197028    118345    39662     223123    144440    65757     249218    170535    91852     13169     
139294    112532    85770     59008     32246     198294    171532    144770    118008    91246     64484     37722     10960     246342    219580    192818    166056    
240260    3275      28434     53593     78752     103911    225655    250814    13829     38988     64147     89306     114465    139624    164783    189942    215101    
237384    52320     129400    206480    21416     98496     175576    253016    67952     145032    222112    37048     114128    191208    6144      83224     160304    
130666    259667    126524    255525    122382    251383    118240    247241    18233     147234    14091     143092    9949      138950    5807      134808    1665      
182250    101028    19806     200728    119506    38284     219206    137984    56762     45594     226516    145294    64072     244994    163772    82550     1328      
129992    100691    71390     42089     12788     245631    216330    187029    157728    128427    72955     43654     14353     247196    217895    188594    159293    
236036    258656    19132     41752     64372     86992     109612    132232    154852    177472    200092    100316    122936    145556    168176    190796    213416    
238238    50635     125176    199717    12114     86655     161196    235737    48134     122675    197216    9613      127677    202218    14615     89156     163697    
136598    916       127378    253840    118158    244620    108938    235400    99718     226180    90498     216960    81278     155038    19356     145818    10136     
193260    109499    25738     204121    120360    36599     214982    131221    47460     225843    142082    58321     236704    152943    182399    98638     14877     
146080    114240    82400     50560     18720     249024    217184    185344    153504    121664    89824     57984     26144     256448    224608    209760    177920    
257202    15139     35220     55301     75382     95463     115544    135625    155706    175787    195868    215949    236030    256111    14048     34129     237121    
RESULT of PG * Gt
 
 
174841    177170    179499    181828    184157    186486    188815    191144    193473    195802    198131    200460    202789    205118    207447    209776    212105    
214706    177170    179516    181862    184208    186554    188900    191246    193592    195938    198284    200630    202976    205322    207668    210014    212360    
214944    217307    179499    181862    184225    186588    188951    191314    193677    196040    198403    200766    203129    205492    207855    210218    212581    
215148    217528    219908    181828    184208    186588    188968    191348    193728    196108    198488    200868    203248    205628    208008    210388    212768    
215318    217715    220112    222509    184157    186554    188951    191348    193745    196142    198539    200936    203333    205730    208127    210524    212921    
215454    217868    220282    222696    225110    186486    188900    191314    193728    196142    198556    200970    203384    205798    208212    210626    213040    
215556    217987    220418    222849    225280    227711    188815    191246    193677    196108    198539    200970    203401    205832    208263    210694    213125    
215624    218072    220520    222968    225416    227864    230312    191144    193592    196040    198488    200936    203384    205832    208280    210728    213176    
215658    218123    220588    223053    225518    227983    230448    232913    193473    195938    198403    200868    203333    205798    208263    210728    213193    
215658    218140    220622    223104    225586    228068    230550    233032    235514    195802    198284    200766    203248    205730    208212    210694    213176    
215624    218123    220622    223121    225620    228119    230618    233117    235616    238115    198131    200630    203129    205628    208127    210626    213125    
215556    218072    220588    223104    225620    228136    230652    233168    235684    238200    240716    200460    202976    205492    208008    210524    213040    
215454    217987    220520    223053    225586    228119    230652    233185    235718    238251    240784    243317    202789    205322    207855    210388    212921    
215318    217868    220418    222968    225518    228068    230618    233168    235718    238268    240818    243368    245918    205118    207668    210218    212768    
215148    217715    220282    222849    225416    227983    230550    233117    235684    238251    240818    243385    245952    248519    207447    210014    212581    
214944    217528    220112    222696    225280    227864    230448    233032    235616    238200    240784    243368    245952    248536    251120    209776    212360    
214706    217307    219908    222509    225110    227711    230312    232913    235514    238115    240716    243317    245918    248519    251120    253721    212105    
RESULT of Pt * G
 

136241    17410     160723    41892     185205    66374     209687    90856     234169    115338    258651    139820    20989     164302    45471     188784    69953     
45730     227970    151044    74118     259336    182410    105484    28558     213776    136850    59924     245142    168216    91290     14364     199582    122656    
56528     21507     57555     22534     249657    214636    179615    144594    109573    74552     39531     4510      231633    196612    161591    126570    91549     
245660    252544    259428    149284    156168    163052    169936    176820    183704    190588    197472    204356    211240    218124    225008    231892    238776    
88838     137627    186416    235205    241013    27658     76447     125236    174025    222814    9459      58248     107037    155826    204615    253404    40049     
110350    201044    29594     120288    210982    70598     161292    251986    80536     171230    261924    90474     181168    9718      100412    191106    19656     
48052     180651    51106     183705    54160     186759    162327    32782     165381    35836     168435    38890     171489    41944     174543    44998     177597    
164088    76448     250952    163312    75672     250176    162536    254056    166416    78776     253280    165640    78000     252504    164864    77224     251728    
196314    150579    104844    59109     13374     229783    184048    138313    83641     37906     254315    208580    162845    117110    71375     25640     242049    
144730    140900    137070    133240    129410    125580    121750    117920    114090    175370    171540    167710    163880    160050    156220    152390    148560    
9336      47411     85486     123561    161636    199711    237786    13717     51792     89867     4955      43030     81105     119180    157255    195330    233405    
52276     132256    212236    30072     110052    190032    7868      87848     167828    247808    65644     96684     176664    256644    74480     154460    234440    
11406     133291    255176    114917    236802    96543     218428    78169     200054    59795     181680    41421     188413    48154     170039    29780     151665    
148870    50516     214306    115952    17598     181388    83034     246824    148470    50116     213906    115552    17198     17998     181788    83434     247224    
202524    146075    89626     33177     238872    182423    125974    69525     13076     218771    162322    105873    49424     255119    109727    53278     258973    
172368    157824    143280    128736    114192    99648     85104     70560     56016     41472     26928     12384     259984    245440    230896    201456    186912    
58402     85763     113124    140485    167846    195207    222568    249929    15146     42507     69868     97229     124590    151951    179312    206673    31041     
RESULT of [PG]t * G
 
 
27897     67490     107083    146676    186269    225862    3311      42904     82497     122090    161683    201276    240869    18318     57911     97504     137097    
141874    28050     67932     107814    147696    187578    227460    5198      45080     84962     124844    164726    204608    244490    22228     62110     101992    
106480    146651    28203     68374     108545    148716    188887    229058    7085      47256     87427     127598    167769    207940    248111    26138     66309     
70508     110968    151428    28356     68816     109276    149736    190196    230656    8972      49432     89892     130352    170812    211272    251732    30048     
33958     74707     115456    156205    28509     69258     110007    150756    191505    232254    10859     51608     92357     133106    173855    214604    255353    
258974    37868     78906     119944    160982    28662     69700     110738    151776    192814    233852    12746     53784     94822     135860    176898    217936    
221268    451       41778     83105     124432    165759    28815     70142     111469    152796    194123    235450    14633     55960     97287     138614    179941    
182984    224600    4072      45688     87304     128920    170536    28968     70584     112200    153816    195432    237048    16520     58136     99752     141368    
144122    186027    227932    7693      49598     91503     133408    175313    29121     71026     112931    154836    196741    238646    18407     60312     102217    
104682    146876    189070    231264    11314     53508     95702     137896    180090    29274     71468     113662    155856    198050    240244    20294     62488     
64664     107147    149630    192113    234596    14935     57418     99901     142384    184867    29427     71910     114393    156876    199359    241842    22181     
24068     66840     109612    152384    195156    237928    18556     61328     104100    146872    189644    29580     72352     115124    157896    200668    243440    
245038    25955     69016     112077    155138    198199    241260    22177     65238     108299    151360    194421    29733     72794     115855    158916    201977    
203286    246636    27842     71192     114542    157892    201242    244592    25798     69148     112498    155848    199198    29886     73236     116586    159936    
160956    204595    248234    29729     73368     117007    160646    204285    247924    29419     73058     116697    160336    203975    30039     73678     117317    
118048    161976    205904    249832    31616     75544     119472    163400    207328    251256    33040     76968     120896    164824    208752    30192     74120     
74562     118779    162996    207213    251430    33503     77720     121937    166154    210371    254588    36661     80878     125095    169312    213529    30345     
RESULT of Pt * Gt
 

61489     88850     116211    143572    170933    198294    225655    253016    18233     45594     72955     100316    127677    155038    182399    209760    237121    
257202    37266     116548    195830    12968     92250     171532    250814    67952     147234    226516    43654     122936    202218    19356     98638     177920    
146080    15139     13043     144246    13305     144508    13567     144770    13829     145032    14091     145294    14353     145556    14615     145818    14877     
193260    114240    35220     250964    171944    92924     13904     197028    118008    38988     222112    143092    64072     247196    168176    89156     10136     
136598    109499    82400     55301     226741    199642    172543    145444    118345    91246     64147     37048     9949      244994    217895    190796    163697    
238238    916       25738     50560     75382     202518    227340    252162    14840     39662     64484     89306     114128    138950    163772    188594    213416    
236036    50635     127378    204121    18720     95463     178295    255038    69637     146380    223123    37722     114465    191208    5807      82550     159293    
129992    258656    125176    253840    120360    249024    115544    154072    20592     149256    15776     144440    10960     139624    6144      134808    1328      
182250    100691    19132     199717    118158    36599     217184    135625    129849    48290     228875    147316    65757     246342    164783    83224     1665      
130666    101028    71390     41752     12114     244620    214982    185344    155706    105626    75988     46350     16712     249218    219580    189942    160304    
237384    259667    19806     42089     64372     86655     108938    131221    153504    175787    81403     103686    125969    148252    170535    192818    215101    
240260    52320     126524    200728    12788     86992     161196    235400    47460     121664    195868    57180     131384    205588    17648     91852     166056    
139294    3275      129400    255525    119506    245631    109612    235737    99718     225843    89824     215949    32957     159082    23063     149188    13169     
196630    112532    28434     206480    122382    38284     216330    132232    48134     226180    142082    57984     236030    8734      186780    102682    18584     
150124    117947    85770     53593     21416     251383    219206    187029    154852    122675    90498     58321     26144     256111    246655    214478    182301    
261920    19520     39264     59008     78752     98496     118240    137984    157728    177472    197216    216960    236704    256448    14048     222432    242176    
7730      79395     151060    222725    32246     103911    175576    247241    56762     128427    200092    9613      81278     152943    224608    34129     198209    
RESULT of [PG]t * Gt
 
