 
1         2         3         4         5         6         7         
14        8         9         10        11        12        13        
20        21        15        16        17        18        19        
26        27        28        22        23        24        25        
32        33        34        35        29        30        31        
38        39        40        41        42        36        37        
44        45        46        47        48        49        43        
INITIAL DATA
 

812       840       868       896       924       952       980       
2352      1890      1967      2044      2121      2198      2275      
3598      3724      2968      3094      3220      3346      3472      
4746      4921      5096      4046      4221      4396      4571      
5796      6020      6244      6468      5124      5348      5572      
6748      7021      7294      7567      7840      6202      6475      
7602      7924      8246      8568      8890      9212      7280      
RESULT of P * G
 

143472    149744    156016    162288    168560    174832    181104    
168664    79582     94429     109276    124123    138970    153817    
132802    156224    15692     39114     62536     85958     109380    
79790     111787    143784    213946    245943    15796     47793     
9628      50200     90772     131344    150056    190628    231200    
184460    233607    20610     69757     118904    86166     135313    
79998     137720    195442    253164    48742     106464    22276     
RESULT of P G * G
 
 
140       336       532       728       924       1120      1316      
3570      336       875       1414      1953      2492      3031      
4942      5824      532       1414      2296      3178      4060      
5628      6853      8078      728       1953      3178      4403      
5628      7196      8764      10332     924       2492      4060      
4942      6853      8764      10675     12586     1120      3031      
3570      5824      8078      10332     12586     14840     1316      
RESULT of P * Gt
 

25872     61544     97216     132888    168560    204232    239904    
119670    69776     165473    261170    94723     190420    23973     
105858    261580    113680    7258      162980    56558     212280    
234140    187743    141346    157584    111187    64790     18393     
242372    256000    7484      21112     201488    215116    228744    
130554    204207    15716     89369     163022    245392    56901     
160830    32364     166042    37576     171254    42788     27152     
RESULT of PG * Gt
 
 
4760      4914      5068      5222      5376      5530      5684      
5880      4914      5075      5236      5397      5558      5719      
5908      6076      5068      5236      5404      5572      5740      
5922      6097      6272      5222      5397      5572      5747      
5922      6104      6286      6468      5376      5558      5740      
5908      6097      6286      6475      6664      5530      5719      
5880      6076      6272      6468      6664      6860      5684      
RESULT of Pt * G
 

47940     84494     121048    157602    194156    230710    5120      
40792     76262     114041    151820    189599    227378    3013      
37460     76464     104584    143588    182592    221596    260600    
31678     71907     112136    132906    173135    213364    253593    
23446     64900     106354    147808    161228    202682    244136    
12764     55443     98122     140801    183480    189550    232229    
261776    43536     87440     131344    175248    219152    217872    
RESULT of [PG]t * G
 
 
812       1890      2968      4046      5124      6202      7280      
7602      840       1967      3094      4221      5348      6475      
6748      7924      868       2044      3220      4396      5572      
5796      7021      8246      896       2121      3346      4571      
4746      6020      7294      8568      924       2198      3472      
3598      4921      6244      7567      8890      952       2275      
2352      3724      5096      6468      7840      9212      980       
RESULT of Pt * Gt
 

25872     69776     113680    157584    201488    245392    27152     
160830    61544     165473    7258      111187    215116    56901     
130554    32364     97216     261170    162980    64790     228744    
242372    204207    166042    132888    94723     56558     18393     
234140    256000    15716     37576     168560    190420    212280    
105858    187743    7484      89369     171254    204232    23973     
119670    261580    141346    21112     163022    42788     239904    
RESULT of [PG]t * Gt
 
