0,0,13,1,1,1,0,0,14,1,1,1,0,0,15,
1,1,27,0,0,11,1,1,28,0,0,12,1,1,29,
0,0,41,1,1,25,0,0,42,1,1,26,0,0,43,
1,1,55,0,0,39,1,1,56,0,0,40,1,1,57,
0,0,69,1,1,53,0,0,70,1,1,54,0,0,71,
1,1,83,0,0,67,1,1,84,0,0,68,1,1,85,
0,0,97,1,1,81,0,0,98,1,1,82,0,0,99,
1,1,111,0,0,95,1,1,112,0,0,96,1,1,113,
0,0,125,1,1,109,0,0,126,1,1,110,0,0,127,
1,1,139,0,0,123,1,1,140,0,0,124,1,1,141,
0,0,153,1,1,137,0,0,154,1,1,138,0,0,155,
1,1,167,0,0,151,1,1,168,0,0,152,1,1,169,
0,0,181,1,1,180,0,0,182,1,1,166,0,0,183,
1,1,210,0,0,194,1,1,196,0,0,195,1,1,197,
0,0,224,1,1,208,0,0,225,1,1,209,0,0,211,
47445,13286,66388,0,0,96255,52620,12326,167685,0,0,118485,57795,253935,196212,
0,0,159952,37095,20606,45856,0,0,108328,42270,12221,110857,0,0,218025,
45195,1886,98371,0,0,78071,50370,22526,174172,0,0,87751,55545,1991,111793,
0,0,89021,34845,220500,19586,0,0,81541,40020,201990,97271,0,0,160942,
22890,233925,6386,0,0,15077,27870,193620,92471,0,0,8936,33045,248460,80011,
0,0,228456,19095,14456,208927,0,0,1586,21090,24716,15332,0,0,90071,
47445,13286,177337,0,0,174949,52620,12326,251886,0,0,158707,57795,253935,22211,
0,0,224044,37095,20606,159301,0,0,203392,42270,12221,197584,0,0,24197,
45195,1886,180271,0,0,164969,50370,22526,229354,0,0,178561,55545,1991,204697,
0,0,158324,34845,220500,117512,0,0,168256,40020,201990,168509,0,0,220939,
22890,233925,78617,0,0,70091,27870,193620,134414,0,0,104927,33045,248460,142516,
0,0,50981,19095,14456,5145,0,0,90107,21090,24716,43436,0,0,151904,
47445,13286,10635,0,0,215547,52620,12326,58526,0,0,7890,57795,253935,101597,
0,0,219942,37095,20606,257415,0,0,13380,42270,12221,220557,0,0,66071,
45195,1886,212295,0,0,167458,50370,22526,203352,0,0,4211,55545,1991,16125,
126735,150042,65066,0,0,107578,53702,106087,212278,0,0,145451,78350,30364,145544,
0,0,137534,69594,95632,141826,0,0,141265,90012,209306,189043,0,0,180834,
168436,209459,135466,0,0,132557,209503,24770,164721,0,0,204539,109584,201256,86881,
0,0,67491,252361,234000,136869,0,0,130981,68124,229483,197481,0,0,232972,
86437,250367,231844,0,0,164611,138187,180373,113529,0,0,5170,9535,48303,91382,
0,0,143591,98745,134955,151614,0,0,134100,221440,251448,146377,0,0,113291,
126735,150042,87326,0,0,41876,53702,106087,16432,0,0,12144,78350,30364,202720,
0,0,261927,69594,95632,106929,0,0,216648,90012,209306,82541,0,0,21072,
168436,209459,16032,0,0,2387,209503,24770,67710,0,0,65951,109584,201256,71243,
0,0,47572,252361,234000,202078,0,0,107963,68124,229483,140592,0,0,117147,
86437,250367,175160,0,0,95092,138187,180373,11347,0,0,168567,9535,48303,228472,
0,0,200415,98745,134955,72935,0,0,47829,221440,251448,100579,0,0,60206,
126735,150042,118689,0,0,66641,53702,106087,207918,0,0,108076,78350,30364,44713,
0,0,192041,69594,95632,188720,0,0,210850,90012,209306,246425,0,0,51300,
168436,209459,159286,0,0,220383,209503,24770,45521,0,0,174263,109584,201256,214285,
134413,20664,69832,0,0,14775,150508,31254,131649,0,0,32805,166603,3369,186888,
0,0,47014,102223,23784,240002,0,0,90352,118318,26949,29419,0,0,156789,
102763,17664,255977,0,0,211695,118858,2604,48634,0,0,254177,134953,236863,91297,
0,0,210045,70573,232078,170010,0,0,249227,86668,234568,215145,0,0,41704,
72506,203951,180120,0,0,134799,85858,182098,226095,0,0,166290,101953,220138,5083,
0,0,130134,132523,18684,111655,0,0,163350,103886,261086,147654,0,0,207945,
134413,20664,103375,0,0,75325,150508,31254,137814,0,0,96715,166603,3369,172005,
0,0,92920,102223,23784,57577,0,0,117460,118318,26949,82210,0,0,156519,
102763,17664,64057,0,0,43883,118858,2604,91930,0,0,64867,134953,236863,116245,
0,0,40388,70573,232078,25616,0,0,58972,86668,234568,44273,0,0,86665,
72506,203951,16331,0,0,11543,85858,182098,32228,0,0,23111,101953,220138,49612,
0,0,8183,132523,18684,567,0,0,19001,103886,261086,6938,0,0,37118,
134413,20664,1017,0,0,228903,150508,31254,9428,0,0,792,166603,3369,21671,
0,0,240858,102223,23784,174129,0,0,1242,118318,26949,228243,0,0,10673,
102763,17664,163659,0,0,119242,118858,2604,218598,0,0,186219,134953,236863,1467,
182425,202120,125934,0,0,202464,37362,4289,160466,0,0,47841,33602,194576,251300,
0,0,230302,48632,104738,210924,0,0,257275,227718,76198,29439,0,0,48954,
117544,178189,219694,0,0,34851,210179,98964,136785,0,0,162485,65084,129724,29113,
0,0,66283,187439,128794,90297,0,0,173061,166462,254209,95239,0,0,158386,
229861,209623,83712,0,0,187333,145573,211031,157889,0,0,212724,154819,207597,134512,
0,0,230401,26175,27799,215528,0,0,232128,173362,169674,89457,0,0,206935,
182425,202120,229078,0,0,119534,37362,4289,33674,0,0,252594,33602,194576,199714,
0,0,26757,48632,104738,1749,0,0,53722,227718,76198,38063,0,0,225728,
117544,178189,87864,0,0,157081,210179,98964,202876,0,0,158563,65084,129724,40483,
0,0,21430,187439,128794,72592,0,0,111291,166462,254209,65518,0,0,81057,
229861,209623,226734,0,0,106672,145573,211031,88381,0,0,171469,154819,207597,30996,
0,0,46537,26175,27799,68277,0,0,225109,173362,169674,237199,0,0,141528,
182425,202120,230847,0,0,222157,37362,4289,138288,0,0,176562,33602,194576,216097,
0,0,241809,48632,104738,97876,0,0,181632,227718,76198,34967,0,0,53002,
117544,178189,150016,0,0,147007,210179,98964,101453,0,0,80347,65084,129724,64673,
47520,161551,223622,0,0,191044,47835,161457,118117,0,0,192008,48150,160058,64156,
0,0,41140,46890,162099,160964,0,0,226418,47205,161510,37867,0,0,121473,
47520,160941,164465,0,0,202741,47835,162287,42088,0,0,163757,48150,160888,226649,
0,0,203471,46890,158099,81466,0,0,163343,47205,156835,204021,0,0,41206,
46170,159071,80586,0,0,89837,46485,156367,203701,0,0,80756,46800,159993,163241,
0,0,86586,45540,161539,249555,0,0,80266,45855,162405,89854,0,0,203541,
47520,161551,247449,0,0,10931,47835,161457,88148,0,0,246207,48150,160058,81641,
0,0,14204,46890,162099,188883,0,0,249186,47205,161510,12440,0,0,90445,
47520,160941,190281,0,0,182147,47835,162287,14558,0,0,190167,48150,160888,249273,
0,0,181704,46890,158099,112724,0,0,189480,47205,156835,182383,0,0,13997,
46170,159071,110131,0,0,72387,46485,156367,180110,0,0,111885,46800,159993,187764,
0,0,71113,45540,161539,20853,0,0,110897,45855,162405,70610,0,0,181276,
47520,161551,21219,0,0,65445,47835,161457,71616,0,0,21036,48150,160058,111663,
0,0,65738,46890,162099,124099,0,0,21402,47205,161510,65779,0,0,72119,
47520,160941,121091,0,0,230360,47835,162287,64632,0,0,124695,48150,160888,21585,
8956,118037,226643,0,0,152638,114914,113950,228995,0,0,174829,52901,206608,130730,
0,0,102971,99219,132135,253033,0,0,63335,214287,3726,254524,0,0,230274,
231664,225714,215170,0,0,233180,242018,84472,6783,0,0,106835,168340,203974,133450,
0,0,252000,227910,24120,30020,0,0,36328,80656,197877,199622,0,0,30154,
43291,115701,28480,0,0,199532,41019,23325,188531,0,0,165163,62010,158524,152554,
0,0,240348,256189,145778,33071,0,0,161972,145094,201810,77134,0,0,72616,
8956,118037,172363,0,0,105806,114914,113950,14110,0,0,40281,52901,206608,135433,
0,0,260821,99219,132135,140297,0,0,47916,214287,3726,29381,0,0,210427,
231664,225714,181066,0,0,59596,242018,84472,70803,0,0,136276,168340,203974,234036,
0,0,66389,227910,24120,11538,0,0,228557,80656,197877,259352,0,0,95496,
43291,115701,44038,0,0,152824,41019,23325,105834,0,0,188904,62010,158524,252495,
0,0,87776,256189,145778,131876,0,0,87348,145094,201810,155808,0,0,422,
8956,118037,173828,0,0,193779,114914,113950,79444,0,0,142303,52901,206608,152400,
0,0,118220,99219,132135,51960,0,0,233085,214287,3726,232327,0,0,93597,
231664,225714,107969,0,0,30764,242018,84472,53929,0,0,234874,168340,203974,65806,
10284,216581,190894,0,0,173437,10360,215841,127554,0,0,115336,10436,213736,87002,
0,0,249427,10492,213291,26832,0,0,189448,10568,215731,250313,0,0,125286,
10264,216081,26349,0,0,62784,10340,214831,248346,0,0,26688,10416,212771,187807,
0,0,62871,10382,216526,83775,0,0,25815,10458,216746,62925,0,0,247070,
10184,213511,84796,0,0,136281,10230,214961,62622,0,0,84383,10306,214851,25086,
0,0,138447,10512,214421,140341,0,0,85944,10588,214386,136884,0,0,63108,
10284,216581,143236,0,0,200451,10360,215841,138615,0,0,142486,10436,213736,85697,
0,0,200761,10492,213291,188245,0,0,141856,10568,215731,201551,0,0,136413,
10264,216081,187759,0,0,229984,10340,214831,199581,0,0,188197,10416,212771,140086,
0,0,229738,10382,216526,205687,0,0,186931,10458,216746,230056,0,0,198011,
10184,213511,205130,0,0,249985,10230,214961,227935,0,0,206031,10306,214851,184603,
0,0,251413,10512,214421,1575,0,0,206554,10588,214386,249544,0,0,228697,
10284,216581,1605,0,0,87669,10360,215841,251692,0,0,1590,10436,213736,206388,
0,0,89023,10492,213291,127503,0,0,1620,10568,215731,88346,0,0,250381,
10264,216081,129627,0,0,190501,10340,214831,89700,0,0,128565,10416,212771,1635,
130354,150480,204893,0,0,233921,88250,164711,211401,0,0,160979,120680,64691,250152,
0,0,25098,65450,221523,112459,0,0,135847,130044,47634,28627,0,0,239940,
47790,231244,215906,0,0,101450,184758,39929,99905,0,0,220108,183184,92188,118699,
0,0,25038,134774,104458,171345,0,0,131379,179362,61636,95953,0,0,39593,
248664,52825,236023,0,0,142338,132068,79609,167053,0,0,147679,199076,202751,35135,
0,0,107527,13236,247623,182739,0,0,243375,104654,110806,129555,0,0,224935,
130354,150480,131695,0,0,64677,88250,164711,209572,0,0,224842,120680,64691,55858,
0,0,136239,65450,221523,104233,0,0,10618,130044,47634,8614,0,0,247888,
47790,231244,152394,0,0,2537,184758,39929,101800,0,0,152263,183184,92188,114781,
0,0,155193,134774,104458,47989,0,0,214704,179362,61636,2133,0,0,260574,
248664,52825,98724,0,0,4926,132068,79609,186057,0,0,1519,199076,202751,61173,
0,0,173972,13236,247623,43244,0,0,106019,104654,110806,256972,0,0,155448,
130354,150480,174888,0,0,137623,88250,164711,64568,0,0,161059,120680,64691,253961,
0,0,110504,65450,221523,133346,0,0,141026,130044,47634,187161,0,0,90728,
47790,231244,125370,0,0,162443,184758,39929,113221,0,0,141996,183184,92188,110644,
