1,2,3,4,5,6,7,8,9,10,11,12,13,14,15,16,17,18,19,20,21,22,23,24,25,26,27,28,29,30,
60,31,32,33,34,35,36,37,38,39,40,41,42,43,44,45,46,47,48,49,50,51,52,53,54,55,56,57,58,59,
89,90,61,62,63,64,65,66,67,68,69,70,71,72,73,74,75,76,77,78,79,80,81,82,83,84,85,86,87,88,
118,119,120,91,92,93,94,95,96,97,98,99,100,101,102,103,104,105,106,107,108,109,110,111,112,113,114,115,116,117,
147,148,149,150,121,122,123,124,125,126,127,128,129,130,131,132,133,134,135,136,137,138,139,140,141,142,143,144,145,146,
176,177,178,179,180,151,152,153,154,155,156,157,158,159,160,161,162,163,164,165,166,167,168,169,170,171,172,173,174,175,
205,206,207,208,209,210,181,182,183,184,185,186,187,188,189,190,191,192,193,194,195,196,197,198,199,200,201,202,203,204,
234,235,236,237,238,239,240,211,212,213,214,215,216,217,218,219,220,221,222,223,224,225,226,227,228,229,230,231,232,233,
263,264,265,266,267,268,269,270,241,242,243,244,245,246,247,248,249,250,251,252,253,254,255,256,257,258,259,260,261,262,
292,293,294,295,296,297,298,299,300,271,272,273,274,275,276,277,278,279,280,281,282,283,284,285,286,287,288,289,290,291,
321,322,323,324,325,326,327,328,329,330,301,302,303,304,305,306,307,308,309,310,311,312,313,314,315,316,317,318,319,320,
350,351,352,353,354,355,356,357,358,359,360,331,332,333,334,335,336,337,338,339,340,341,342,343,344,345,346,347,348,349,
379,380,381,382,383,384,385,386,387,388,389,390,361,362,363,364,365,366,367,368,369,370,371,372,373,374,375,376,377,378,
408,409,410,411,412,413,414,415,416,417,418,419,420,391,392,393,394,395,396,397,398,399,400,401,402,403,404,405,406,407,
437,438,439,440,441,442,443,444,445,446,447,448,449,450,421,422,423,424,425,426,427,428,429,430,431,432,433,434,435,436,
466,467,468,469,470,471,472,473,474,475,476,477,478,479,480,451,452,453,454,455,456,457,458,459,460,461,462,463,464,465,
495,496,497,498,499,500,501,502,503,504,505,506,507,508,509,510,481,482,483,484,485,486,487,488,489,490,491,492,493,494,
524,525,526,527,528,529,530,531,532,533,534,535,536,537,538,539,540,511,512,513,514,515,516,517,518,519,520,521,522,523,
553,554,555,556,557,558,559,560,561,562,563,564,565,566,567,568,569,570,541,542,543,544,545,546,547,548,549,550,551,552,
582,583,584,585,586,587,588,589,590,591,592,593,594,595,596,597,598,599,600,571,572,573,574,575,576,577,578,579,580,581,
611,612,613,614,615,616,617,618,619,620,621,622,623,624,625,626,627,628,629,630,601,602,603,604,605,606,607,608,609,610,
640,641,642,643,644,645,646,647,648,649,650,651,652,653,654,655,656,657,658,659,660,631,632,633,634,635,636,637,638,639,
669,670,671,672,673,674,675,676,677,678,679,680,681,682,683,684,685,686,687,688,689,690,661,662,663,664,665,666,667,668,
698,699,700,701,702,703,704,705,706,707,708,709,710,711,712,713,714,715,716,717,718,719,720,691,692,693,694,695,696,697,
727,728,729,730,731,732,733,734,735,736,737,738,739,740,741,742,743,744,745,746,747,748,749,750,721,722,723,724,725,726,
756,757,758,759,760,761,762,763,764,765,766,767,768,769,770,771,772,773,774,775,776,777,778,779,780,751,752,753,754,755,
785,786,787,788,789,790,791,792,793,794,795,796,797,798,799,800,801,802,803,804,805,806,807,808,809,810,781,782,783,784,
814,815,816,817,818,819,820,821,822,823,824,825,826,827,828,829,830,831,832,833,834,835,836,837,838,839,840,811,812,813,
843,844,845,846,847,848,849,850,851,852,853,854,855,856,857,858,859,860,861,862,863,864,865,866,867,868,869,870,841,842,
872,873,874,875,876,877,878,879,880,881,882,883,884,885,886,887,888,889,890,891,892,893,894,895,896,897,898,899,900,871,
8021,8486,8951,9416,9881,10346,10811,11276,11741,12206,12671,13136,13601,14066,14531,14996,15461,15926,16391,16856,17321,17786,18251,18716,19181,19646,20111,20576,21041,21506,
177862,138277,139642,141007,142372,143737,145102,146467,147832,149197,150562,151927,153292,154657,156022,157387,158752,160117,161482,162847,164212,165577,166942,168307,169672,171037,172402,173767,175132,176497,
69809,72074,6389,8654,10919,13184,15449,17714,19979,22244,24509,26774,29039,31304,33569,35834,38099,40364,42629,44894,47159,49424,51689,53954,56219,58484,60749,63014,65279,67544,
222100,225265,228430,136645,139810,142975,146140,149305,152470,155635,158800,161965,165130,168295,171460,174625,177790,180955,184120,187285,190450,193615,196780,199945,203110,206275,209440,212605,215770,218935,
110447,114512,118577,122642,4757,8822,12887,16952,21017,25082,29147,33212,37277,41342,45407,49472,53537,57602,61667,65732,69797,73862,77927,81992,86057,90122,94187,98252,102317,106382,
259138,1959,6924,11889,16854,135013,139978,144943,149908,154873,159838,164803,169768,174733,179698,184663,189628,194593,199558,204523,209488,214453,219418,224383,229348,234313,239278,244243,249208,254173,
143885,149750,155615,161480,167345,173210,3125,8990,14855,20720,26585,32450,38315,44180,50045,55910,61775,67640,73505,79370,85235,91100,96965,102830,108695,114560,120425,126290,132155,138020,
26832,33597,40362,47127,53892,60657,67422,133381,140146,146911,153676,160441,167206,173971,180736,187501,194266,201031,207796,214561,221326,228091,234856,241621,248386,255151,261916,6537,13302,20067,
170123,177788,185453,193118,200783,208448,216113,223778,1493,9158,16823,24488,32153,39818,47483,55148,62813,70478,78143,85808,93473,101138,108803,116468,124133,131798,139463,147128,154793,162458,
49470,58035,66600,75165,83730,92295,100860,109425,117990,131749,140314,148879,157444,166009,174574,183139,191704,200269,208834,217399,225964,234529,243094,251659,260224,6645,15210,23775,32340,40905,
189161,198626,208091,217556,227021,236486,245951,255416,2737,12202,262005,9326,18791,28256,37721,47186,56651,66116,75581,85046,94511,103976,113441,122906,132371,141836,151301,160766,170231,179696,
64908,75273,85638,96003,106368,116733,127098,137463,147828,158193,168558,130117,140482,150847,161212,171577,181942,192307,202672,213037,223402,233767,244132,254497,2718,13083,23448,33813,44178,54543,
200999,212264,223529,234794,246059,257324,6445,17710,28975,40240,51505,62770,260373,9494,20759,32024,43289,54554,65819,77084,88349,99614,110879,122144,133409,144674,155939,167204,178469,189734,
73146,85311,97476,109641,121806,133971,146136,158301,170466,182631,194796,206961,219126,128485,140650,152815,164980,177145,189310,201475,213640,225805,237970,250135,156,12321,24486,36651,48816,60981,
205637,218702,231767,244832,257897,8818,21883,34948,48013,61078,74143,87208,100273,113338,258741,9662,22727,35792,48857,61922,74987,88052,101117,114182,127247,140312,153377,166442,179507,192572,
74184,88149,102114,116079,130044,144009,157974,171939,185904,199869,213834,227799,241764,255729,7550,126853,140818,154783,168748,182713,196678,210643,224608,238573,252538,4359,18324,32289,46254,60219,
203075,217940,232805,247670,391,15256,30121,44986,59851,74716,89581,104446,119311,134176,149041,163906,257109,9830,24695,39560,54425,69290,84155,99020,113885,128750,143615,158480,173345,188210,
68022,83787,99552,115317,131082,146847,162612,178377,194142,209907,225672,241437,257202,10823,26588,42353,58118,125221,140986,156751,172516,188281,204046,219811,235576,251341,4962,20727,36492,52257,
193313,209978,226643,243308,259973,14494,31159,47824,64489,81154,97819,114484,131149,147814,164479,181144,197809,214474,255477,9998,26663,43328,59993,76658,93323,109988,126653,143318,159983,176648,
54660,72225,89790,107355,124920,142485,160050,177615,195180,212745,230310,247875,3296,20861,38426,55991,73556,91121,108686,123589,141154,158719,176284,193849,211414,228979,246544,1965,19530,37095,
176351,194816,213281,231746,250211,6532,24997,43462,61927,80392,98857,117322,135787,154252,172717,191182,209647,228112,246577,2898,253845,10166,28631,47096,65561,84026,102491,120956,139421,157886,
34098,53463,72828,92193,111558,130923,150288,169653,189018,208383,227748,247113,4334,23699,43064,62429,81794,101159,120524,139889,159254,121957,141322,160687,180052,199417,218782,238147,257512,14733,
152189,172454,192719,212984,233249,253514,11635,31900,52165,72430,92695,112960,133225,153490,173755,194020,214285,234550,254815,12936,33201,53466,252213,10334,30599,50864,71129,91394,111659,131924,
6336,27501,48666,69831,90996,112161,133326,154491,175656,196821,217986,239151,260316,19337,40502,61667,82832,103997,125162,146327,167492,188657,209822,120325,141490,162655,183820,204985,226150,247315,
120827,142892,164957,187022,209087,231152,253217,13138,35203,57268,79333,101398,123463,145528,167593,189658,211723,233788,255853,15774,37839,59904,81969,104034,250581,10502,32567,54632,76697,98762,
233518,256483,17304,40269,63234,86199,109164,132129,155094,178059,201024,223989,246954,7775,30740,53705,76670,99635,122600,145565,168530,191495,214460,237425,260390,118693,141658,164623,187588,210553,
82265,106130,129995,153860,177725,201590,225455,249320,11041,34906,58771,82636,106501,130366,154231,178096,201961,225826,249691,11412,35277,59142,83007,106872,130737,154602,248949,10670,34535,58400,
191356,216121,240886,3507,28272,53037,77802,102567,127332,152097,176862,201627,226392,251157,13778,38543,63308,88073,112838,137603,162368,187133,211898,236663,261428,24049,48814,117061,141826,166591,
36503,62168,87833,113498,139163,164828,190493,216158,241823,5344,31009,56674,82339,108004,133669,159334,184999,210664,236329,261994,25515,51180,76845,102510,128175,153840,179505,205170,247317,10838,
141994,168559,195124,221689,248254,12675,39240,65805,92370,118935,145500,172065,198630,225195,251760,16181,42746,69311,95876,122441,149006,175571,202136,228701,255266,19687,46252,72817,99382,115429,
63941,244702,163319,81936,553,181314,99931,18548,199309,117926,36543,217304,135921,54538,235299,153916,72533,253294,171911,90528,9145,189906,108523,27140,207901,126518,45135,225896,144513,63130,
198922,41913,65406,88899,112392,135885,159378,182871,206364,229857,253350,14699,38192,61685,85178,108671,132164,155657,179150,202643,226136,249629,10978,34471,57964,81457,104950,128443,151936,175429,
206345,72570,19885,148254,14479,142848,9073,137442,3667,132036,260405,126630,254999,121224,249593,115818,244187,110412,238781,105006,233375,99600,227969,94194,222563,88788,217157,83382,211751,77976,
4016,237261,208362,260001,231102,202203,173304,144405,115506,86607,57708,28809,262054,233155,204256,175357,146458,117559,88660,59761,30862,1963,235208,206309,177410,148511,119612,90713,61814,32915,
116223,192200,6033,82010,237973,51806,127783,203760,17593,93570,169547,245524,59357,135334,211311,25144,101121,177098,253075,66908,142885,218862,32695,108672,184649,260626,74459,150436,226413,40246,
18678,199531,118240,36949,217802,215945,134654,53363,234216,152925,71634,252487,171196,89905,8614,189467,108176,26885,207738,126447,45156,226009,144718,63427,244280,162989,81698,407,181260,99969,
235669,259254,20695,44280,67865,91450,193917,217502,241087,2528,26113,49698,73283,96868,120453,144038,167623,191208,214793,238378,261963,23404,46989,70574,94159,117744,141329,164914,188499,212084,
242908,109225,237686,104003,232464,98781,227242,171889,38206,166667,32984,161445,27762,156223,22540,151001,17318,145779,12096,140557,6874,135335,1652,130113,258574,124891,253352,119669,248130,114447,
40395,11588,244925,216118,187311,158504,129697,100890,149861,121054,92247,63440,34633,5826,239163,210356,181549,152742,123935,95128,66321,37514,8707,242044,213237,184430,155623,126816,98009,69202,
152418,228487,42412,118481,194550,8475,84544,160613,236682,127833,203902,17827,93896,169965,246034,59959,136028,212097,26022,102091,178160,254229,68154,144223,220292,34217,110286,186355,280,76349,
54689,235634,154435,73236,254181,172982,91783,10584,191529,110330,105805,24606,205551,124352,43153,224098,142899,61700,242645,161446,80247,261192,179993,98794,17595,198540,117341,36142,217087,135888,
9352,33029,56706,80383,104060,127737,151414,175091,198768,222445,246122,83777,107454,131131,154808,178485,202162,225839,249516,11049,34726,58403,82080,105757,129434,153111,176788,200465,224142,247819,
16407,144960,11369,139922,6331,134884,1293,129846,258399,124808,253361,119770,61749,190302,56711,185264,51673,180226,46635,175188,41597,170150,36559,165112,31521,160074,26483,155036,21445,149998,
75854,47139,18424,251853,223138,194423,165708,136993,108278,79563,50848,22133,255562,39721,11006,244435,215720,187005,158290,129575,100860,72145,43430,14715,248144,219429,190714,161999,133284,104569,
187693,1710,77871,154032,230193,44210,120371,196532,10549,86710,162871,239032,53049,129210,17693,93854,170015,246176,60193,136354,212515,26532,102693,178854,255015,69032,145193,221354,35371,111532,
89780,8673,189710,108603,27496,208533,127426,46319,227356,146249,65142,246179,165072,83965,2858,257809,176702,95595,14488,195525,114418,33311,214348,133241,52134,233171,152064,70957,251994,170887,
44259,68028,91797,115566,139335,163104,186873,210642,234411,258180,19805,43574,67343,91112,114881,138650,235781,259550,21175,44944,68713,92482,116251,140020,163789,187558,211327,235096,258865,20490,
51130,179775,46276,174921,41422,170067,36568,165213,31714,160359,26860,155505,22006,150651,17152,145797,12298,213753,80254,208899,75400,204045,70546,199191,65692,194337,60838,189483,55984,184629,
110393,81770,53147,24524,258045,229422,200799,172176,143553,114930,86307,57684,29061,438,233959,205336,176713,148090,191725,163102,134479,105856,77233,48610,19987,253508,224885,196262,167639,139016,
222048,36157,112410,188663,2772,79025,155278,231531,45640,121893,198146,12255,88508,164761,241014,55123,131376,207629,21738,169697,245950,60059,136312,212565,26674,102927,179180,255433,69542,145795,
123951,42936,224065,143050,62035,243164,162149,81134,119,181248,100233,19218,200347,119332,38317,219446,138431,57416,238545,157530,147669,66654,247783,166768,85753,4738,185867,104852,23837,204966,
78246,102107,125968,149829,173690,197551,221412,245273,6990,30851,54712,78573,102434,126295,150156,174017,197878,221739,245600,7317,31178,125641,149502,173363,197224,221085,244946,6663,30524,54385,
84933,213670,80263,209000,75593,204330,70923,199660,66253,194990,61583,190320,56913,185650,52243,180980,47573,176310,42903,171640,38233,166970,103613,232350,98943,227680,94273,223010,89603,218340,
144012,115481,86950,58419,29888,1357,234970,206439,177908,149377,120846,92315,63784,35253,6722,240335,211804,183273,154742,126211,97680,69149,40618,81585,53054,24523,258136,229605,201074,172543,
255483,69684,146029,222374,36575,112920,189265,3466,79811,156156,232501,46702,123047,199392,13593,89938,166283,242628,56829,133174,209519,23720,100065,176410,59557,135902,212247,26448,102793,179138,
157202,76279,257500,176577,95654,14731,195952,115029,34106,215327,134404,53481,234702,153779,72856,254077,173154,92231,11308,192529,111606,30683,211904,130981,50058,37529,218750,137827,56904,238125,
111313,135266,159219,183172,207125,231078,255031,16840,40793,64746,88699,112652,136605,160558,184511,208464,232417,256370,18179,42132,66085,90038,113991,137944,161897,185850,15501,39454,63407,87360,
117816,246645,113330,242159,108844,237673,104358,233187,99872,228701,95386,224215,90900,219729,86414,215243,81928,210757,77442,206271,72956,201785,68470,197299,63984,192813,59498,255617,122302,251131,
176711,148272,119833,91394,62955,34516,6077,239782,211343,182904,154465,126026,97587,69148,40709,12270,245975,217536,189097,160658,132219,103780,75341,46902,18463,252168,223729,195290,233589,205150,
25854,102291,178728,255165,69458,145895,222332,36625,113062,189499,3792,80229,156666,233103,47396,123833,200270,14563,91000,167437,243874,58167,134604,211041,25334,101771,178208,254645,68938,211561,
9455,23405,37355,51305,65255,79205,93155,107105,121055,135005,148955,162905,176855,190805,204755,218705,232655,246605,260555,12361,26311,40261,54211,68161,82111,96061,110011,123961,137911,151861,
162379,23405,64355,105305,146255,187205,228155,6961,47911,88861,129811,170761,211711,252661,31467,72417,113367,154317,195267,236217,15023,55973,96923,137873,178823,219773,260723,39529,80479,121429,
104947,172897,37355,105305,173255,241205,47011,114961,182911,250861,56667,124617,192567,260517,66323,134273,202223,8029,75979,143929,211879,17685,85635,153585,221535,27341,95291,163241,231191,36997,
255659,88465,183415,51305,146255,241205,74011,168961,1767,96717,191667,24473,119423,214373,47179,142129,237079,69885,164835,259785,92591,187541,20347,115297,210247,43053,138003,232953,65759,160709,
90227,212177,71983,193933,65255,187205,47011,168961,28767,150717,10523,132473,254423,114229,236179,95985,217935,77741,199691,59497,181447,41253,163203,23009,144959,4765,126715,248665,108471,230421,
132939,19745,168695,55501,204451,79205,228155,114961,1767,150717,37523,186473,73279,222229,109035,257985,144791,31597,180547,67353,216303,103109,252059,138865,25671,174621,61427,210377,97183,246133,
121651,35457,211407,125213,39019,214969,93155,6961,182911,96717,10523,186473,100279,14085,190035,103841,17647,193597,107403,21209,197159,110965,24771,200721,114527,28333,204283,118089,31895,207845,
56363,259313,200119,140925,81731,22537,225487,107105,47911,250861,191667,132473,73279,14085,217035,157841,98647,39453,242403,183209,124015,64821,5627,208577,149383,90189,30995,233945,174751,115557,
199219,167025,134831,102637,70443,38249,6055,236005,121055,88861,56667,24473,254423,222229,190035,157841,125647,93453,61259,29065,259015,226821,194627,162433,130239,98045,65851,33657,1463,231413,
25931,20737,15543,10349,5155,262105,256911,251717,246523,135005,129811,124617,119423,114229,109035,103841,98647,93453,88259,83065,77871,72677,67483,62289,57095,51901,46707,41513,36319,31125,
60787,82593,104399,126205,148011,169817,191623,213429,235235,257041,148955,170761,192567,214373,236179,257985,17647,39453,61259,83065,104871,126677,148483,170289,192095,213901,235707,257513,17175,38981,
41643,90449,139255,188061,236867,23529,72335,121141,169947,218753,5415,162905,211711,260517,47179,95985,144791,193597,242403,29065,77871,126677,175483,224289,10951,59757,108563,157369,206175,254981,
230643,44305,120111,195917,9579,85385,161191,236997,50659,126465,202271,15933,176855,252661,66323,142129,217935,31597,107403,183209,259015,72677,148483,224289,37951,113757,189563,3225,79031,154837,
103499,206305,46967,149773,252579,93241,196047,36709,139515,242321,82983,185789,26451,190805,31467,134273,237079,77741,180547,21209,124015,226821,67483,170289,10951,113757,216563,57225,160031,693,
184499,52161,181967,49629,179435,47097,176903,44565,174371,42033,171839,39501,169307,36969,204755,72417,202223,69885,199691,67353,197159,64821,194627,62289,192095,59757,189563,57225,187031,54693,
211499,106161,823,157629,52291,209097,103759,260565,155227,49889,206695,101357,258163,152825,47487,218705,113367,8029,164835,59497,216303,110965,5627,162433,57095,213901,108563,3225,160031,54693,
184499,106161,27823,211629,133291,54953,238759,160421,82083,3745,187551,109213,30875,214681,136343,58005,232655,154317,75979,259785,181447,103109,24771,208577,130239,51901,235707,157369,79031,693,
103499,52161,823,211629,160291,108953,57615,6277,217083,165745,114407,63069,11731,222537,171199,119861,68523,246605,195267,143929,92591,41253,252059,200721,149383,98045,46707,257513,206175,154837,
230643,206305,181967,157629,133291,108953,84615,60277,35939,11601,249407,225069,200731,176393,152055,127717,103379,79041,260555,236217,211879,187541,163203,138865,114527,90189,65851,41513,17175,254981,
41643,44305,46967,49629,52291,54953,57615,60277,62939,65601,68263,70925,73587,76249,78911,81573,84235,86897,89559,12361,15023,17685,20347,23009,25671,28333,30995,33657,36319,38981,
60787,90449,120111,149773,179435,209097,238759,6277,35939,65601,95263,124925,154587,184249,213911,243573,11091,40753,70415,100077,26311,55973,85635,115297,144959,174621,204283,233945,1463,31125,
25931,82593,139255,195917,252579,47097,103759,160421,217083,11601,68263,124925,181587,238249,32767,89429,146091,202753,259415,53933,110595,40261,96923,153585,210247,4765,61427,118089,174751,231413,
199219,20737,104399,188061,9579,93241,176903,260565,82083,165745,249407,70925,154587,238249,59767,143429,227091,48609,132271,215933,37451,121113,54211,137873,221535,43053,126715,210377,31895,115557,
56363,167025,15543,126205,236867,85385,196047,44565,155227,3745,114407,225069,73587,184249,32767,143429,254091,102609,213271,61789,172451,20969,131631,68161,178823,27341,138003,248665,97183,207845,
121651,259313,134831,10349,148011,23529,161191,36709,174371,49889,187551,63069,200731,76249,213911,89429,227091,102609,240271,115789,253451,128969,4487,142149,82111,219773,95291,232953,108471,246133,
132939,35457,200119,102637,5155,169817,72335,236997,139515,42033,206695,109213,11731,176393,78911,243573,146091,48609,213271,115789,18307,182969,85487,250149,152667,96061,260723,163241,65759,230421,
90227,19745,211407,140925,70443,262105,191623,121141,50659,242321,171839,101357,30875,222537,152055,81573,11091,202753,132271,61789,253451,182969,112487,42005,233667,163185,110011,39529,231191,160709,
255659,212177,168695,125213,81731,38249,256911,213429,169947,126465,82983,39501,258163,214681,171199,127717,84235,40753,259415,215933,172451,128969,85487,42005,260667,217185,173703,123961,80479,36997,
104947,88465,71983,55501,39019,22537,6055,251717,235235,218753,202271,185789,169307,152825,136343,119861,103379,86897,70415,53933,37451,20969,4487,250149,233667,217185,200703,184221,137911,121429,
162379,172897,183415,193933,204451,214969,225487,236005,246523,257041,5415,15933,26451,36969,47487,58005,68523,79041,89559,100077,110595,121113,131631,142149,152667,163185,173703,184221,194739,151861,
45795,24107,2419,242875,221187,199499,177811,156123,134435,112747,91059,69371,47683,25995,4307,244763,223075,201387,179699,158011,136323,114635,92947,71259,49571,27883,6195,246651,224963,203275,
137089,225745,204609,183473,162337,141201,120065,98929,77793,56657,35521,14385,255393,234257,213121,191985,170849,149713,128577,107441,86305,65169,44033,22897,1761,242769,221633,200497,179361,158225,
91487,70903,143551,122967,102383,81799,61215,40631,20047,261607,241023,220439,199855,179271,158687,138103,117519,96935,76351,55767,35183,14599,256159,235575,214991,194407,173823,153239,132655,112071,
44781,24749,4717,61357,41325,21293,1261,243373,223341,203309,183277,163245,143213,123181,103149,83117,63085,43053,23021,2989,245101,225069,205037,185005,164973,144941,124909,104877,84845,64813,
259115,239635,220155,200675,241307,221827,202347,182867,163387,143907,124427,104947,85467,65987,46507,27027,7547,250211,230731,211251,191771,172291,152811,133331,113851,94371,74891,55411,35931,16451,
210201,191273,172345,153417,134489,159113,140185,121257,102329,83401,64473,45545,26617,7689,250905,231977,213049,194121,175193,156265,137337,118409,99481,80553,61625,42697,23769,4841,248057,229129,
160183,141807,123431,105055,86679,68303,76919,58543,40167,21791,3415,247183,228807,210431,192055,173679,155303,136927,118551,100175,81799,63423,45047,26671,8295,252063,233687,215311,196935,178559,
109061,91237,73413,55589,37765,19941,2117,256869,239045,221221,203397,185573,167749,149925,132101,114277,96453,78629,60805,42981,25157,7333,251653,233829,216005,198181,180357,162533,144709,126885,
56835,39563,22291,5019,249891,232619,215347,198075,174675,157403,140131,122859,105587,88315,71043,53771,36499,19227,1955,246827,229555,212283,195011,177739,160467,143195,125923,108651,91379,74107,
3505,248929,232209,215489,198769,182049,165329,148609,131889,92481,75761,59041,42321,25601,8881,254305,237585,220865,204145,187425,170705,153985,137265,120545,103825,87105,70385,53665,36945,20225,
211215,195047,178879,162711,146543,130375,114207,98039,81871,65703,10287,256263,240095,223927,207759,191591,175423,159255,143087,126919,110751,94583,78415,62247,46079,29911,13743,259719,243551,227383,
155677,140061,124445,108829,93213,77597,61981,46365,30749,15133,261661,190237,174621,159005,143389,127773,112157,96541,80925,65309,49693,34077,18461,2845,249373,233757,218141,202525,186909,171293,
99035,83971,68907,53843,38779,23715,8651,255731,240667,225603,210539,195475,108043,92979,77915,62851,47787,32723,17659,2595,249675,234611,219547,204483,189419,174355,159291,144227,129163,114099,
41289,26777,12265,259897,245385,230873,216361,201849,187337,172825,158313,143801,129289,25849,11337,258969,244457,229945,215433,200921,186409,171897,157385,142873,128361,113849,99337,84825,70313,55801,
244583,230623,216663,202703,188743,174783,160823,146863,132903,118943,104983,91023,77063,63103,205799,191839,177879,163919,149959,135999,122039,108079,94119,80159,66199,52239,38279,24319,10359,258543,
184629,171221,157813,144405,130997,117589,104181,90773,77365,63957,50549,37141,23733,10325,259061,123605,110197,96789,83381,69973,56565,43157,29749,16341,2933,251669,238261,224853,211445,198037,
123571,110715,97859,85003,72147,59291,46435,33579,20723,7867,257155,244299,231443,218587,205731,192875,41411,28555,15699,2843,252131,239275,226419,213563,200707,187851,174995,162139,149283,136427,
61409,49105,36801,24497,12193,262033,249729,237425,225121,212817,200513,188209,175905,163601,151297,138993,126689,221361,209057,196753,184449,172145,159841,147537,135233,122929,110625,98321,86017,73713,
260287,248535,236783,225031,213279,201527,189775,178023,166271,154519,142767,131015,119263,107511,95759,84007,72255,60503,139167,127415,115663,103911,92159,80407,68655,56903,45151,33399,21647,9895,
195917,184717,173517,162317,151117,139917,128717,117517,106317,95117,83917,72717,61517,50317,39117,27917,16717,5517,256461,56973,45773,34573,23373,12173,973,251917,240717,229517,218317,207117,
130443,119795,109147,98499,87851,77203,66555,55907,45259,34611,23963,13315,2667,254163,243515,232867,222219,211571,200923,190275,236923,226275,215627,204979,194331,183683,173035,162387,151739,141091,
63865,53769,43673,33577,23481,13385,3289,255337,245241,235145,225049,214953,204857,194761,184665,174569,164473,154377,144281,134185,124089,154729,144633,134537,124441,114345,104249,94153,84057,73961,
258327,248783,239239,229695,220151,210607,201063,191519,181975,172431,162887,153343,143799,134255,124711,115167,105623,96079,86535,76991,67447,57903,72535,62991,53447,43903,34359,24815,15271,5727,
189541,180549,171557,162565,153573,144581,135589,126597,117605,108613,99621,90629,81637,72645,63653,54661,45669,36677,27685,18693,9701,709,253861,252485,243493,234501,225509,216517,207525,198533,
119651,111211,102771,94331,85891,77451,69011,60571,52131,43691,35251,26811,18371,9931,1491,255195,246755,238315,229875,221435,212995,204555,196115,187675,170291,161851,153411,144971,136531,128091,
48657,40769,32881,24993,17105,9217,1329,255585,247697,239809,231921,224033,216145,208257,200369,192481,184593,176705,168817,160929,153041,145153,137265,129377,121489,88097,80209,72321,64433,56545,
238703,231367,224031,216695,209359,202023,194687,187351,180015,172679,165343,158007,150671,143335,135999,128663,121327,113991,106655,99319,91983,84647,77311,69975,62639,55303,5903,260711,253375,246039,
165501,158717,151933,145149,138365,131581,124797,118013,111229,104445,97661,90877,84093,77309,70525,63741,56957,50173,43389,36605,29821,23037,16253,9469,2685,258045,251261,185853,179069,172285,
91195,84963,78731,72499,66267,60035,53803,47571,41339,35107,28875,22643,16411,10179,3947,259859,253627,247395,241163,234931,228699,222467,216235,210003,203771,197539,191307,185075,103659,97427,
15785,10105,4425,260889,255209,249529,243849,238169,232489,226809,221129,215449,209769,204089,198409,192729,187049,181369,175689,170009,164329,158649,152969,147289,141609,135929,130249,124569,118889,21465,
123454,136534,149614,162694,175774,188854,201934,215014,228094,241174,254254,5190,18270,31350,44430,57510,70590,83670,96750,109830,122910,135990,149070,162150,175230,188310,201390,214470,227550,240630,
254580,136534,149644,162754,175864,188974,202084,215194,228304,241414,254524,5490,18600,31710,44820,57930,71040,84150,97260,110370,123480,136590,149700,162810,175920,189030,202140,215250,228360,241470,
255390,6386,149614,162754,175894,189034,202174,215314,228454,241594,254734,5730,18870,32010,45150,58290,71430,84570,97710,110850,123990,137130,150270,163410,176550,189690,202830,215970,229110,242250,
256140,7166,20336,162694,175864,189034,202204,215374,228544,241714,254884,5910,19080,32250,45420,58590,71760,84930,98100,111270,124440,137610,150780,163950,177120,190290,203460,216630,229800,242970,
256830,7886,21086,34286,175774,188974,202174,215374,228574,241774,254974,6030,19230,32430,45630,58830,72030,85230,98430,111630,124830,138030,151230,164430,177630,190830,204030,217230,230430,243630,
257460,8546,21776,35006,48236,188854,202084,215314,228544,241774,255004,6090,19320,32550,45780,59010,72240,85470,98700,111930,125160,138390,151620,164850,178080,191310,204540,217770,231000,244230,
258030,9146,22406,35666,48926,62186,201934,215194,228454,241714,254974,6090,19350,32610,45870,59130,72390,85650,98910,112170,125430,138690,151950,165210,178470,191730,204990,218250,231510,244770,
258540,9686,22976,36266,49556,62846,76136,215014,228304,241594,254884,6030,19320,32610,45900,59190,72480,85770,99060,112350,125640,138930,152220,165510,178800,192090,205380,218670,231960,245250,
258990,10166,23486,36806,50126,63446,76766,90086,228094,241414,254734,5910,19230,32550,45870,59190,72510,85830,99150,112470,125790,139110,152430,165750,179070,192390,205710,219030,232350,245670,
259380,10586,23936,37286,50636,63986,77336,90686,104036,241174,254524,5730,19080,32430,45780,59130,72480,85830,99180,112530,125880,139230,152580,165930,179280,192630,205980,219330,232680,246030,
259710,10946,24326,37706,51086,64466,77846,91226,104606,117986,254254,5490,18870,32250,45630,59010,72390,85770,99150,112530,125910,139290,152670,166050,179430,192810,206190,219570,232950,246330,
259980,11246,24656,38066,51476,64886,78296,91706,105116,118526,131936,5190,18600,32010,45420,58830,72240,85650,99060,112470,125880,139290,152700,166110,179520,192930,206340,219750,233160,246570,
260190,11486,24926,38366,51806,65246,78686,92126,105566,119006,132446,145886,18270,31710,45150,58590,72030,85470,98910,112350,125790,139230,152670,166110,179550,192990,206430,219870,233310,246750,
260340,11666,25136,38606,52076,65546,79016,92486,105956,119426,132896,146366,159836,31350,44820,58290,71760,85230,98700,112170,125640,139110,152580,166050,179520,192990,206460,219930,233400,246870,
260430,11786,25286,38786,52286,65786,79286,92786,106286,119786,133286,146786,160286,173786,44430,57930,71430,84930,98430,111930,125430,138930,152430,165930,179430,192930,206430,219930,233430,246930,
260460,11846,25376,38906,52436,65966,79496,93026,106556,120086,133616,147146,160676,174206,187736,57510,71040,84570,98100,111630,125160,138690,152220,165750,179280,192810,206340,219870,233400,246930,
260430,11846,25406,38966,52526,66086,79646,93206,106766,120326,133886,147446,161006,174566,188126,201686,70590,84150,97710,111270,124830,138390,151950,165510,179070,192630,206190,219750,233310,246870,
260340,11786,25376,38966,52556,66146,79736,93326,106916,120506,134096,147686,161276,174866,188456,202046,215636,83670,97260,110850,124440,138030,151620,165210,178800,192390,205980,219570,233160,246750,
260190,11666,25286,38906,52526,66146,79766,93386,107006,120626,134246,147866,161486,175106,188726,202346,215966,229586,96750,110370,123990,137610,151230,164850,178470,192090,205710,219330,232950,246570,
259980,11486,25136,38786,52436,66086,79736,93386,107036,120686,134336,147986,161636,175286,188936,202586,216236,229886,243536,109830,123480,137130,150780,164430,178080,191730,205380,219030,232680,246330,
259710,11246,24926,38606,52286,65966,79646,93326,107006,120686,134366,148046,161726,175406,189086,202766,216446,230126,243806,257486,122910,136590,150270,163950,177630,191310,204990,218670,232350,246030,
259380,10946,24656,38366,52076,65786,79496,93206,106916,120626,134336,148046,161756,175466,189176,202886,216596,230306,244016,257726,9292,135990,149700,163410,177120,190830,204540,218250,231960,245670,
258990,10586,24326,38066,51806,65546,79286,93026,106766,120506,134246,147986,161726,175466,189206,202946,216686,230426,244166,257906,9502,23242,149070,162810,176550,190290,204030,217770,231510,245250,
258540,10166,23936,37706,51476,65246,79016,92786,106556,120326,134096,147866,161636,175406,189176,202946,216716,230486,244256,258026,9652,23422,37192,162150,175920,189690,203460,217230,231000,244770,
258030,9686,23486,37286,51086,64886,78686,92486,106286,120086,133886,147686,161486,175286,189086,202886,216686,230486,244286,258086,9742,23542,37342,51142,175230,189030,202830,216630,230430,244230,
257460,9146,22976,36806,50636,64466,78296,92126,105956,119786,133616,147446,161276,175106,188936,202766,216596,230426,244256,258086,9772,23602,37432,51262,65092,188310,202140,215970,229800,243630,
256830,8546,22406,36266,50126,63986,77846,91706,105566,119426,133286,147146,161006,174866,188726,202586,216446,230306,244166,258026,9742,23602,37462,51322,65182,79042,201390,215250,229110,242970,
256140,7886,21776,35666,49556,63446,77336,91226,105116,119006,132896,146786,160676,174566,188456,202346,216236,230126,244016,257906,9652,23542,37432,51322,65212,79102,92992,214470,228360,242250,
255390,7166,21086,35006,48926,62846,76766,90686,104606,118526,132446,146366,160286,174206,188126,202046,215966,229886,243806,257726,9502,23422,37342,51262,65182,79102,93022,106942,227550,241470,
254580,6386,20336,34286,48236,62186,76136,90086,104036,117986,131936,145886,159836,173786,187736,201686,215636,229586,243536,257486,9292,23242,37192,51142,65092,79042,92992,106942,120892,240630,
121992,78228,34464,252844,209080,165316,121552,77788,34024,252404,208640,164876,121112,77348,33584,251964,208200,164436,120672,76908,33144,251524,207760,163996,120232,76468,32704,251084,207320,163556,
141868,138734,238276,75674,175216,12614,112156,211698,49096,148638,248180,85578,185120,22518,122060,221602,59000,158542,258084,95482,195024,32422,131964,231506,68904,168446,5844,105386,204928,42326,
139476,120180,155476,136180,116884,97588,78292,58996,39700,20404,1108,243956,224660,205364,186068,166772,147476,128180,108884,89588,70292,50996,31700,12404,255252,235956,216660,197364,178068,158772,
112616,236626,98492,172218,34084,158094,19960,143970,5836,129846,253856,115722,239732,101598,225608,87474,211484,73350,197360,59226,183236,45102,169112,30978,154988,16854,140864,2730,126740,250750,
61288,66460,71632,76804,188960,194132,199304,204476,209648,214820,219992,225164,230336,235508,240680,245852,251024,256196,261368,4396,9568,14740,19912,25084,30256,35428,40600,45772,50944,56116,
247636,133970,20304,168782,55116,205702,92036,240514,126848,13182,161660,47994,196472,82806,231284,117618,3952,152430,38764,187242,73576,222054,108388,256866,143200,29534,178012,64346,212824,99158,
147372,177012,206652,236292,3788,33428,222444,252084,19580,49220,78860,108500,138140,167780,197420,227060,256700,24196,53836,83476,113116,142756,172396,202036,231676,261316,28812,58452,88092,117732,
22640,195586,106388,17190,190136,100938,11740,239186,149988,60790,233736,144538,55340,228286,139088,49890,222836,133638,44440,217386,128188,38990,211936,122738,33540,206486,117288,28090,201036,111838,
135584,189692,243800,35764,89872,143980,198088,252196,255928,47892,102000,156108,210216,2180,56288,110396,164504,218612,10576,64684,118792,172900,227008,18972,73080,127188,181296,235404,27368,81476,
224060,159330,94600,29870,227284,162554,97824,33094,230508,10526,207940,143210,78480,13750,211164,146434,81704,16974,214388,149658,84928,20198,217612,152882,88152,23422,220836,156106,91376,26646,
25924,104500,183076,261652,78084,156660,235236,51668,130244,208820,27268,105844,184420,852,79428,158004,236580,53012,131588,210164,26596,105172,183748,180,78756,157332,235908,52340,130916,209492,
65464,25202,247084,206822,166560,126298,86036,45774,5512,227394,187132,44010,3748,225630,185368,145106,104844,64582,24320,246202,205940,165678,125416,85154,44892,4630,226512,186250,145988,105726,
80536,183580,24480,127524,230568,71468,174512,15412,118456,221500,62400,165444,60752,163796,4696,107740,210784,51684,154728,257772,98672,201716,42616,145660,248704,89604,192648,33548,136592,239636,
71140,55346,39552,23758,7964,254314,238520,222726,206932,191138,175344,159550,143756,77494,61700,45906,30112,14318,260668,244874,229080,213286,197492,181698,165904,150110,134316,118522,102728,86934,
37276,164788,30156,157668,23036,150548,15916,143428,8796,136308,1676,129188,256700,122068,94236,221748,87116,214628,79996,207508,72876,200388,65756,193268,58636,186148,51516,179028,44396,171908,
241088,249762,258436,4966,13640,22314,30988,39662,48336,57010,65684,74358,83032,91706,100380,110978,119652,128326,137000,145674,154348,163022,171696,180370,189044,197718,206392,215066,223740,232414,
158288,48124,200104,89940,241920,131756,21592,173572,63408,215388,105224,257204,147040,36876,188856,78692,127720,17556,169536,59372,211352,101188,253168,143004,32840,184820,74656,226636,116472,6308,
51020,84162,117304,150446,183588,216730,249872,20870,54012,87154,120296,153438,186580,219722,252864,23862,57004,144462,177604,210746,243888,14886,48028,81170,114312,147454,180596,213738,246880,17878,
181428,95732,10036,186484,100788,15092,191540,105844,20148,196596,110900,25204,201652,115956,30260,206708,121012,35316,161204,75508,251956,166260,80564,257012,171316,85620,262068,176372,90676,4980,
25224,82834,140444,198054,255664,51130,108740,166350,223960,19426,77036,134646,192256,249866,45332,102942,160552,218162,13628,177946,235556,31022,88632,146242,203852,261462,56928,114538,172148,229758,
106696,45468,246384,185156,123928,62700,1472,202388,141160,79932,18704,219620,158392,97164,35936,236852,175624,114396,53168,254084,194688,133460,72232,11004,211920,150692,89464,28236,229152,167924,
163700,245778,65712,147790,229868,49802,131880,213958,33892,115970,198048,17982,100060,182138,2072,84150,166228,248306,68240,150318,232396,211430,31364,113442,195520,15454,97532,179610,261688,81622,
196236,159476,122716,85956,49196,12436,237820,201060,164300,127540,90780,54020,17260,242644,205884,169124,132364,95604,58844,22084,247468,210708,228172,191412,154652,117892,81132,44372,7612,232996,
204304,48706,155252,261798,106200,212746,57148,163694,8096,114642,221188,65590,172136,16538,123084,229630,74032,180578,24980,131526,238072,82474,189020,244914,89316,195862,40264,146810,253356,97758,
187904,175612,163320,151028,138736,126444,114152,101860,89568,77276,64984,52692,40400,28108,15816,3524,253376,241084,228792,216500,204208,191916,179624,167332,261656,249364,237072,224780,212488,200196,
147036,15906,146920,15790,146804,15674,146688,15558,146572,15442,146456,15326,146340,15210,146224,15094,146108,14978,145992,14862,145876,14746,145760,14630,145644,16254,147268,16138,147152,16022,
81700,93876,106052,118228,130404,142580,154756,166932,179108,191284,203460,215636,227812,239988,252164,2196,14372,26548,38724,50900,63076,75252,87428,99604,111780,123956,32996,45172,57348,69524,
254040,147378,40716,196198,89536,245018,138356,31694,187176,80514,235996,129334,22672,178154,71492,226974,120312,13650,169132,62470,217952,111290,4628,160110,53448,208930,102268,49738,205220,98558,
139768,176412,213056,249700,24200,60844,97488,134132,170776,207420,244064,18564,55208,91852,128496,165140,201784,238428,12928,49572,86216,122860,159504,196148,232792,7292,43936,80580,66480,103124,
1028,180978,98784,16590,196540,114346,32152,212102,129908,47714,227664,145470,63276,243226,161032,78838,258788,176594,94400,12206,192156,109962,27768,207718,125524,43330,223280,141086,58892,83222,
8021,138277,6389,136645,4757,135013,3125,133381,1493,131749,262005,130117,260373,128485,258741,126853,257109,125221,255477,123589,253845,121957,252213,120325,250581,118693,248949,117061,247317,115429,
141994,8486,139642,8654,139810,8822,139978,8990,140146,9158,140314,9326,140482,9494,140650,9662,140818,9830,140986,9998,141154,10166,141322,10334,141490,10502,141658,10670,141826,10838,
36503,168559,8951,141007,10919,142975,12887,144943,14855,146911,16823,148879,18791,150847,20759,152815,22727,154783,24695,156751,26663,158719,28631,160687,30599,162655,32567,164623,34535,166591,
191356,62168,195124,9416,142372,13184,146140,16952,149908,20720,153676,24488,157444,28256,161212,32024,164980,35792,168748,39560,172516,43328,176284,47096,180052,50864,183820,54632,187588,58400,
82265,216121,87833,221689,9881,143737,15449,149305,21017,154873,26585,160441,32153,166009,37721,171577,43289,177145,48857,182713,54425,188281,59993,193849,65561,199417,71129,204985,76697,210553,
233518,106130,240886,113498,248254,10346,145102,17714,152470,25082,159838,32450,167206,39818,174574,47186,181942,54554,189310,61922,196678,69290,204046,76658,211414,84026,218782,91394,226150,98762,
120827,256483,129995,3507,139163,12675,10811,146467,19979,155635,29147,164803,38315,173971,47483,183139,56651,192307,65819,201475,74987,210643,84155,219811,93323,228979,102491,238147,111659,247315,
6336,142892,17304,153860,28272,164828,39240,11276,147832,22244,158800,33212,169768,44180,180736,55148,191704,66116,202672,77084,213640,88052,224608,99020,235576,109988,246544,120956,257512,131924,
152189,27501,164957,40269,177725,53037,190493,65805,11741,149197,24509,161965,37277,174733,50045,187501,62813,200269,75581,213037,88349,225805,101117,238573,113885,251341,126653,1965,139421,14733,
34098,172454,48666,187022,63234,201590,77802,216158,92370,12206,150562,26774,165130,41342,179698,55910,194266,70478,208834,85046,223402,99614,237970,114182,252538,128750,4962,143318,19530,157886,
176351,53463,192719,69831,209087,86199,225455,102567,241823,118935,12671,151927,29039,168295,45407,184663,61775,201031,78143,217399,94511,233767,110879,250135,127247,4359,143615,20727,159983,37095,
54660,194816,72828,212984,90996,231152,109164,249320,127332,5344,145500,13136,153292,31304,171460,49472,189628,67640,207796,85808,225964,103976,244132,122144,156,140312,18324,158480,36492,176648,
193313,72225,213281,92193,233249,112161,253217,132129,11041,152097,31009,172065,13601,154657,33569,174625,53537,194593,73505,214561,93473,234529,113441,254497,133409,12321,153377,32289,173345,52257,
68022,209978,89790,231746,111558,253514,133326,13138,155094,34906,176862,56674,198630,14066,156022,35834,177790,57602,199558,79370,221326,101138,243094,122906,2718,144674,24486,166442,46254,188210,
203075,83787,226643,107355,250211,130923,11635,154491,35203,178059,58771,201627,82339,225195,14531,157387,38099,180955,61667,204523,85235,228091,108803,251659,132371,13083,155939,36651,179507,60219,
74184,217940,99552,243308,124920,6532,150288,31900,175656,57268,201024,82636,226392,108004,251760,14996,158752,40364,184120,65732,209488,91100,234856,116468,260224,141836,23448,167204,48816,192572,
205637,88149,232805,115317,259973,142485,24997,169653,52165,196821,79333,223989,106501,251157,133669,16181,15461,160117,42629,187285,69797,214453,96965,241621,124133,6645,151301,33813,178469,60981,
73146,218702,102114,247670,131082,14494,160050,43462,189018,72430,217986,101398,246954,130366,13778,159334,42746,15926,161482,44894,190450,73862,219418,102830,248386,131798,15210,160766,44178,189734,
200999,85311,231767,116079,391,146847,31159,177615,61927,208383,92695,239151,123463,7775,154231,38543,184999,69311,16391,162847,47159,193615,77927,224383,108695,255151,139463,23775,170231,54543,
64908,212264,97476,244832,130044,15256,162612,47824,195180,80392,227748,112960,260316,145528,30740,178096,63308,210664,95876,16856,164212,49424,196780,81992,229348,114560,261916,147128,32340,179696,
189161,75273,223529,109641,257897,144009,30121,178377,64489,212745,98857,247113,133225,19337,167593,53705,201961,88073,236329,122441,17321,165577,51689,199945,86057,234313,120425,6537,154793,40905,
49470,198626,85638,234794,121806,8818,157974,44986,194142,81154,230310,117322,4334,153490,40502,189658,76670,225826,112838,261994,149006,17786,166942,53954,203110,90122,239278,126290,13302,162458,
170123,58035,208091,96003,246059,133971,21883,171939,59851,209907,97819,247875,135787,23699,173755,61667,211723,99635,249691,137603,25515,175571,18251,168307,56219,206275,94187,244243,132155,20067,
26832,177788,66600,217556,106368,257324,146136,34948,185904,74716,225672,114484,3296,154252,43064,194020,82832,233788,122600,11412,162368,51180,202136,18716,169672,58484,209440,98252,249208,138020,
143885,33597,185453,75165,227021,116733,6445,158301,48013,199869,89581,241437,131149,20861,172717,62429,214285,103997,255853,145565,35277,187133,76845,228701,19181,171037,60749,212605,102317,254173,
259138,149750,40362,193118,83730,236486,127098,17710,170466,61078,213834,104446,257202,147814,38426,191182,81794,234550,125162,15774,168530,59142,211898,102510,255266,19646,172402,63014,215770,106382,
110447,1959,155615,47127,200783,92295,245951,137463,28975,182631,74143,227799,119311,10823,164479,55991,209647,101159,254815,146327,37839,191495,83007,236663,128175,19687,20111,173767,65279,218935,
222100,114512,6924,161480,53892,208448,100860,255416,147828,40240,194796,87208,241764,134176,26588,181144,73556,228112,120524,12936,167492,59904,214460,106872,261428,153840,46252,20576,175132,67544,
69809,225265,118577,11889,167345,60657,216113,109425,2737,158193,51505,206961,100273,255729,149041,42353,197809,91121,246577,139889,33201,188657,81969,237425,130737,24049,179505,72817,21041,176497,
177862,72074,228430,122642,16854,173210,67422,223778,117990,12202,168558,62770,219126,113338,7550,163906,58118,214474,108686,2898,159254,53466,209822,104034,260390,154602,48814,205170,99382,21506,
45795,225745,143551,61357,241307,159113,76919,256869,174675,92481,10287,190237,108043,25849,205799,123605,41411,221361,139167,56973,236923,154729,72535,252485,170291,88097,5903,185853,103659,21465,
15785,24107,204609,122967,41325,221827,140185,58543,239045,157403,75761,256263,174621,92979,11337,191839,110197,28555,209057,127415,45773,226275,144633,62991,243493,161851,80209,260711,179069,97427,
91195,10105,2419,183473,102383,21293,202347,121257,40167,221221,140131,59041,240095,159005,77915,258969,177879,96789,15699,196753,115663,34573,215627,134537,53447,234501,153411,72321,253375,172285,
165501,84963,4425,242875,162337,81799,1261,182867,102329,21791,203397,122859,42321,223927,143389,62851,244457,163919,83381,2843,184449,103911,23373,204979,124441,43903,225509,144971,64433,246039,
238703,158717,78731,260889,221187,141201,61215,243373,163387,83401,3415,185573,105587,25601,207759,127773,47787,229945,149959,69973,252131,172145,92159,12173,194331,114345,34359,216517,136531,56545,
48657,231367,151933,72499,255209,199499,120065,40631,223341,143907,64473,247183,167749,88315,8881,191591,112157,32723,215433,135999,56565,239275,159841,80407,973,183683,104249,24815,207525,128091,
119651,40769,224031,145149,66267,249529,177811,98929,20047,203309,124427,45545,228807,149925,71043,254305,175423,96541,17659,200921,122039,43157,226419,147537,68655,251917,173035,94153,15271,198533,
189541,111211,32881,216695,138365,60035,243849,156123,77793,261607,183277,104947,26617,210431,132101,53771,237585,159255,80925,2595,186409,108079,29749,213563,135233,56903,240717,162387,84057,5727,
258327,180549,102771,24993,209359,131581,53803,238169,134435,56657,241023,163245,85467,7689,192055,114277,36499,220865,143087,65309,249675,171897,94119,16341,200707,122929,45151,229517,151739,73961,
63865,248783,171557,94331,17105,202023,124797,47571,232489,112747,35521,220439,143213,65987,250905,173679,96453,19227,204145,126919,49693,234611,157385,80159,2933,187851,110625,33399,218317,141091,
130443,53769,239239,162565,85891,9217,194687,118013,41339,226809,91059,14385,199855,123181,46507,231977,155303,78629,1955,187425,110751,34077,219547,142873,66199,251669,174995,98321,21647,207117,
195917,119795,43673,229695,153573,77451,1329,187351,111229,35107,221129,69371,255393,179271,103149,27027,213049,136927,60805,246827,170705,94583,18461,204483,128361,52239,238261,162139,86017,9895,
260287,184717,109147,33577,220151,144581,69011,255585,180015,104445,28875,215449,47683,234257,158687,83117,7547,194121,118551,42981,229555,153985,78415,2845,189419,113849,38279,224853,149283,73713,
61409,248535,173517,98499,23481,210607,135589,60571,247697,172679,97661,22643,209769,25995,213121,138103,63085,250211,175193,100175,25157,212283,137265,62247,249373,174355,99337,24319,211445,136427,
123571,49105,236783,162317,87851,13385,201063,126597,52131,239809,165343,90877,16411,204089,4307,191985,117519,43053,230731,156265,81799,7333,195011,120545,46079,233757,159291,84825,10359,198037,
184629,110715,36801,225031,151117,77203,3289,191519,117605,43691,231921,158007,84093,10179,198409,244763,170849,96935,23021,211251,137337,63423,251653,177739,103825,29911,218141,144227,70313,258543,
244583,171221,97859,24497,213279,139917,66555,255337,181975,108613,35251,224033,150671,77309,3947,192729,223075,149713,76351,2989,191771,118409,45047,233829,160467,87105,13743,202525,129163,55801,
41289,230623,157813,85003,12193,201527,128717,55907,245241,172431,99621,26811,216145,143335,70525,259859,187049,201387,128577,55767,245101,172291,99481,26671,216005,143195,70385,259719,186909,114099,
99035,26777,216663,144405,72147,262033,189775,117517,45259,235145,162887,90629,18371,208257,135999,63741,253627,181369,179699,107441,35183,225069,152811,80553,8295,198181,125923,53665,243551,171293,
155677,83971,12265,202703,130997,59291,249729,178023,106317,34611,225049,153343,81637,9931,200369,128663,56957,247395,175689,158011,86305,14599,205037,133331,61625,252063,180357,108651,36945,227383,
211215,140061,68907,259897,188743,117589,46435,237425,166271,95117,23963,214953,143799,72645,1491,192481,121327,50173,241163,170009,136323,65169,256159,185005,113851,42697,233687,162533,91379,20225,
3505,195047,124445,53843,245385,174783,104181,33579,225121,154519,83917,13315,204857,134255,63653,255195,184593,113991,43389,234931,164329,114635,44033,235575,164973,94371,23769,215311,144709,74107,
56835,248929,178879,108829,38779,230873,160823,90773,20723,212817,142767,72717,2667,194761,124711,54661,246755,176705,106655,36605,228699,158649,92947,22897,214991,144941,74891,4841,196935,126885,
109061,39563,232209,162711,93213,23715,216361,146863,77365,7867,200513,131015,61517,254163,184665,115167,45669,238315,168817,99319,29821,222467,152969,71259,1761,194407,124909,55411,248057,178559,
160183,91237,22291,215489,146543,77597,8651,201849,132903,63957,257155,188209,119263,50317,243515,174569,105623,36677,229875,160929,91983,23037,216235,147289,49571,242769,173823,104877,35931,229129,
210201,141807,73413,5019,198769,130375,61981,255731,187337,118943,50549,244299,175905,107511,39117,232867,164473,96079,27685,221435,153041,84647,16253,210003,141609,27883,221633,153239,84845,16451,
259115,191273,123431,55589,249891,182049,114207,46365,240667,172825,104983,37141,231443,163601,95759,27917,222219,154377,86535,18693,212995,145153,77311,9469,203771,135929,6195,200497,132655,64813,
44781,239635,172345,105055,37765,232619,165329,98039,30749,225603,158313,91023,23733,218587,151297,84007,16717,211571,144281,76991,9701,204555,137265,69975,2685,197539,130249,246651,179361,112071,
91487,24749,220155,153417,86679,19941,215347,148609,81871,15133,210539,143801,77063,10325,205731,138993,72255,5517,200923,134185,67447,709,196115,129377,62639,258045,191307,124569,224963,158225,
137089,70903,4717,200675,134489,68303,2117,198075,131889,65703,261661,195475,129289,63103,259061,192875,126689,60503,256461,190275,124089,57903,253861,187675,121489,55303,251261,185075,118889,203275,
