1,2,3,4,5,6,7,8,9,10,11,12,13,14,15,16,17,18,19,20,21,22,23,24,25,26,27,28,29,30,31,32,
64,33,34,35,36,37,38,39,40,41,42,43,44,45,46,47,48,49,50,51,52,53,54,55,56,57,58,59,60,61,62,63,
95,96,65,66,67,68,69,70,71,72,73,74,75,76,77,78,79,80,81,82,83,84,85,86,87,88,89,90,91,92,93,94,
126,127,128,97,98,99,100,101,102,103,104,105,106,107,108,109,110,111,112,113,114,115,116,117,118,119,120,121,122,123,124,125,
157,158,159,160,129,130,131,132,133,134,135,136,137,138,139,140,141,142,143,144,145,146,147,148,149,150,151,152,153,154,155,156,
188,189,190,191,192,161,162,163,164,165,166,167,168,169,170,171,172,173,174,175,176,177,178,179,180,181,182,183,184,185,186,187,
219,220,221,222,223,224,193,194,195,196,197,198,199,200,201,202,203,204,205,206,207,208,209,210,211,212,213,214,215,216,217,218,
250,251,252,253,254,255,256,225,226,227,228,229,230,231,232,233,234,235,236,237,238,239,240,241,242,243,244,245,246,247,248,249,
281,282,283,284,285,286,287,288,257,258,259,260,261,262,263,264,265,266,267,268,269,270,271,272,273,274,275,276,277,278,279,280,
312,313,314,315,316,317,318,319,320,289,290,291,292,293,294,295,296,297,298,299,300,301,302,303,304,305,306,307,308,309,310,311,
343,344,345,346,347,348,349,350,351,352,321,322,323,324,325,326,327,328,329,330,331,332,333,334,335,336,337,338,339,340,341,342,
374,375,376,377,378,379,380,381,382,383,384,353,354,355,356,357,358,359,360,361,362,363,364,365,366,367,368,369,370,371,372,373,
405,406,407,408,409,410,411,412,413,414,415,416,385,386,387,388,389,390,391,392,393,394,395,396,397,398,399,400,401,402,403,404,
436,437,438,439,440,441,442,443,444,445,446,447,448,417,418,419,420,421,422,423,424,425,426,427,428,429,430,431,432,433,434,435,
467,468,469,470,471,472,473,474,475,476,477,478,479,480,449,450,451,452,453,454,455,456,457,458,459,460,461,462,463,464,465,466,
498,499,500,501,502,503,504,505,506,507,508,509,510,511,512,481,482,483,484,485,486,487,488,489,490,491,492,493,494,495,496,497,
529,530,531,532,533,534,535,536,537,538,539,540,541,542,543,544,513,514,515,516,517,518,519,520,521,522,523,524,525,526,527,528,
560,561,562,563,564,565,566,567,568,569,570,571,572,573,574,575,576,545,546,547,548,549,550,551,552,553,554,555,556,557,558,559,
591,592,593,594,595,596,597,598,599,600,601,602,603,604,605,606,607,608,577,578,579,580,581,582,583,584,585,586,587,588,589,590,
622,623,624,625,626,627,628,629,630,631,632,633,634,635,636,637,638,639,640,609,610,611,612,613,614,615,616,617,618,619,620,621,
653,654,655,656,657,658,659,660,661,662,663,664,665,666,667,668,669,670,671,672,641,642,643,644,645,646,647,648,649,650,651,652,
684,685,686,687,688,689,690,691,692,693,694,695,696,697,698,699,700,701,702,703,704,673,674,675,676,677,678,679,680,681,682,683,
715,716,717,718,719,720,721,722,723,724,725,726,727,728,729,730,731,732,733,734,735,736,705,706,707,708,709,710,711,712,713,714,
746,747,748,749,750,751,752,753,754,755,756,757,758,759,760,761,762,763,764,765,766,767,768,737,738,739,740,741,742,743,744,745,
777,778,779,780,781,782,783,784,785,786,787,788,789,790,791,792,793,794,795,796,797,798,799,800,769,770,771,772,773,774,775,776,
808,809,810,811,812,813,814,815,816,817,818,819,820,821,822,823,824,825,826,827,828,829,830,831,832,801,802,803,804,805,806,807,
839,840,841,842,843,844,845,846,847,848,849,850,851,852,853,854,855,856,857,858,859,860,861,862,863,864,833,834,835,836,837,838,
870,871,872,873,874,875,876,877,878,879,880,881,882,883,884,885,886,887,888,889,890,891,892,893,894,895,896,865,866,867,868,869,
901,902,903,904,905,906,907,908,909,910,911,912,913,914,915,916,917,918,919,920,921,922,923,924,925,926,927,928,897,898,899,900,
932,933,934,935,936,937,938,939,940,941,942,943,944,945,946,947,948,949,950,951,952,953,954,955,956,957,958,959,960,929,930,931,
963,964,965,966,967,968,969,970,971,972,973,974,975,976,977,978,979,980,981,982,983,984,985,986,987,988,989,990,991,992,961,962,
994,995,996,997,998,999,1000,1001,1002,1003,1004,1005,1006,1007,1008,1009,1010,1011,1012,1013,1014,1015,1016,1017,1018,1019,1020,1021,1022,1023,1024,993,
87568,88096,88624,89152,89680,90208,90736,91264,91792,92320,92848,93376,93904,94432,94960,95488,96016,96544,97072,97600,98128,98656,99184,99712,100240,100768,101296,101824,102352,102880,103408,103936,
120320,72208,73760,75312,76864,78416,79968,81520,83072,84624,86176,87728,89280,90832,92384,93936,95488,97040,98592,100144,101696,103248,104800,106352,107904,109456,111008,112560,114112,115664,117216,118768,
134128,136704,56848,59424,62000,64576,67152,69728,72304,74880,77456,80032,82608,85184,87760,90336,92912,95488,98064,100640,103216,105792,108368,110944,113520,116096,118672,121248,123824,126400,128976,131552,
145888,149488,153088,41488,45088,48688,52288,55888,59488,63088,66688,70288,73888,77488,81088,84688,88288,91888,95488,99088,102688,106288,109888,113488,117088,120688,124288,127888,131488,135088,138688,142288,
155600,160224,164848,169472,26128,30752,35376,40000,44624,49248,53872,58496,63120,67744,72368,76992,81616,86240,90864,95488,100112,104736,109360,113984,118608,123232,127856,132480,137104,141728,146352,150976,
163264,168912,174560,180208,185856,10768,16416,22064,27712,33360,39008,44656,50304,55952,61600,67248,72896,78544,84192,89840,95488,101136,106784,112432,118080,123728,129376,135024,140672,146320,151968,157616,
168880,175552,182224,188896,195568,202240,257552,2080,8752,15424,22096,28768,35440,42112,48784,55456,62128,68800,75472,82144,88816,95488,102160,108832,115504,122176,128848,135520,142192,148864,155536,162208,
172448,180144,187840,195536,203232,210928,218624,242192,249888,257584,3136,10832,18528,26224,33920,41616,49312,57008,64704,72400,80096,87792,95488,103184,110880,118576,126272,133968,141664,149360,157056,164752,
173968,182688,191408,200128,208848,217568,226288,235008,226832,235552,244272,252992,261712,8288,17008,25728,34448,43168,51888,60608,69328,78048,86768,95488,104208,112928,121648,130368,139088,147808,156528,165248,
173440,183184,192928,202672,212416,222160,231904,241648,251392,211472,221216,230960,240704,250448,260192,7792,17536,27280,37024,46768,56512,66256,76000,85744,95488,105232,114976,124720,134464,144208,153952,163696,
170864,181632,192400,203168,213936,224704,235472,246240,257008,5632,196112,206880,217648,228416,239184,249952,260720,9344,20112,30880,41648,52416,63184,73952,84720,95488,106256,117024,127792,138560,149328,160096,
166240,178032,189824,201616,213408,225200,236992,248784,260576,10224,22016,180752,192544,204336,216128,227920,239712,251504,1152,12944,24736,36528,48320,60112,71904,83696,95488,107280,119072,130864,142656,154448,
159568,172384,185200,198016,210832,223648,236464,249280,262096,12768,25584,38400,165392,178208,191024,203840,216656,229472,242288,255104,5776,18592,31408,44224,57040,69856,82672,95488,108304,121120,133936,146752,
150848,164688,178528,192368,206208,220048,233888,247728,261568,13264,27104,40944,54784,150032,163872,177712,191552,205392,219232,233072,246912,260752,12448,26288,40128,53968,67808,81648,95488,109328,123168,137008,
140080,154944,169808,184672,199536,214400,229264,244128,258992,11712,26576,41440,56304,71168,134672,149536,164400,179264,194128,208992,223856,238720,253584,6304,21168,36032,50896,65760,80624,95488,110352,125216,
127264,143152,159040,174928,190816,206704,222592,238480,254368,8112,24000,39888,55776,71664,87552,119312,135200,151088,166976,182864,198752,214640,230528,246416,160,16048,31936,47824,63712,79600,95488,111376,
112400,129312,146224,163136,180048,196960,213872,230784,247696,2464,19376,36288,53200,70112,87024,103936,103952,120864,137776,154688,171600,188512,205424,222336,239248,256160,10928,27840,44752,61664,78576,95488,
95488,113424,131360,149296,167232,185168,203104,221040,238976,256912,12704,30640,48576,66512,84448,102384,120320,88592,106528,124464,142400,160336,178272,196208,214144,232080,250016,5808,23744,41680,59616,77552,
76528,95488,114448,133408,152368,171328,190288,209248,228208,247168,3984,22944,41904,60864,79824,98784,117744,136704,73232,92192,111152,130112,149072,168032,186992,205952,224912,243872,688,19648,38608,57568,
55520,75504,95488,115472,135456,155440,175424,195408,215392,235376,255360,13200,33184,53168,73152,93136,113120,133104,153088,57872,77856,97840,117824,137808,157792,177776,197760,217744,237728,257712,15552,35536,
32464,53472,74480,95488,116496,137504,158512,179520,200528,221536,242544,1408,22416,43424,64432,85440,106448,127456,148464,169472,42512,63520,84528,105536,126544,147552,168560,189568,210576,231584,252592,11456,
7360,29392,51424,73456,95488,117520,139552,161584,183616,205648,227680,249712,9600,31632,53664,75696,97728,119760,141792,163824,185856,27152,49184,71216,93248,115280,137312,159344,181376,203408,225440,247472,
242352,3264,26320,49376,72432,95488,118544,141600,164656,187712,210768,233824,256880,17792,40848,63904,86960,110016,133072,156128,179184,202240,11792,34848,57904,80960,104016,127072,150128,173184,196240,219296,
213152,237232,261312,23248,47328,71408,95488,119568,143648,167728,191808,215888,239968,1904,25984,50064,74144,98224,122304,146384,170464,194544,218624,258576,20512,44592,68672,92752,116832,140912,164992,189072,
181904,207008,232112,257216,20176,45280,70384,95488,120592,145696,170800,195904,221008,246112,9072,34176,59280,84384,109488,134592,159696,184800,209904,235008,243216,6176,31280,56384,81488,106592,131696,156800,
148608,174736,200864,226992,253120,17104,43232,69360,95488,121616,147744,173872,200000,226128,252256,16240,42368,68496,94624,120752,146880,173008,199136,225264,251392,227856,253984,17968,44096,70224,96352,122480,
113264,140416,167568,194720,221872,249024,14032,41184,68336,95488,122640,149792,176944,204096,231248,258400,23408,50560,77712,104864,132016,159168,186320,213472,240624,5632,212496,239648,4656,31808,58960,86112,
75872,104048,132224,160400,188576,216752,244928,10960,39136,67312,95488,123664,151840,180016,208192,236368,2400,30576,58752,86928,115104,143280,171456,199632,227808,255984,22016,197136,225312,253488,19520,47696,
36432,65632,94832,124032,153232,182432,211632,240832,7888,37088,66288,95488,124688,153888,183088,212288,241488,8544,37744,66944,96144,125344,154544,183744,212944,242144,9200,38400,181776,210976,240176,7232,
257088,25168,55392,85616,115840,146064,176288,206512,236736,4816,35040,65264,95488,125712,155936,186160,216384,246608,14688,44912,75136,105360,135584,165808,196032,226256,256480,24560,54784,166416,196640,226864,
213552,244800,13904,45152,76400,107648,138896,170144,201392,232640,1744,32992,64240,95488,126736,157984,189232,220480,251728,20832,52080,83328,114576,145824,177072,208320,239568,8672,39920,71168,151056,182304,
167968,200240,232512,2640,34912,67184,99456,131728,164000,196272,228544,260816,30944,63216,95488,127760,160032,192304,224576,256848,26976,59248,91520,123792,156064,188336,220608,252880,23008,55280,87552,135696,
256,180736,99072,17408,197888,116224,34560,215040,133376,51712,232192,150528,68864,249344,167680,86016,4352,184832,103168,21504,201984,120320,38656,219136,137472,55808,236288,154624,72960,253440,171776,90112,
90112,16640,213504,148224,82944,17664,214528,149248,83968,18688,215552,150272,84992,19712,216576,151296,86016,20736,217600,152320,87040,21760,218624,153344,88064,22784,219648,154368,89088,23808,220672,155392,
139008,90112,33024,246272,197376,148480,99584,50688,1792,215040,166144,117248,68352,19456,232704,183808,134912,86016,37120,250368,201472,152576,103680,54784,5888,219136,170240,121344,72448,23552,236800,187904,
155136,122624,90112,49408,16896,246528,214016,181504,148992,116480,83968,51456,18944,248576,216064,183552,151040,118528,86016,53504,20992,250624,218112,185600,153088,120576,88064,55552,23040,252672,220160,187648,
138496,122368,106240,90112,65792,49664,33536,17408,1280,247296,231168,215040,198912,182784,166656,150528,134400,118272,102144,86016,69888,53760,37632,21504,5376,251392,235264,219136,203008,186880,170752,154624,
89088,89344,89600,89856,90112,82176,82432,82688,82944,83200,83456,83712,83968,84224,84480,84736,84992,85248,85504,85760,86016,86272,86528,86784,87040,87296,87552,87808,88064,88320,88576,88832,
6912,23552,40192,56832,73472,90112,98560,115200,131840,148480,165120,181760,198400,215040,231680,248320,2816,19456,36096,52736,69376,86016,102656,119296,135936,152576,169216,185856,202496,219136,235776,252416,
154112,187136,220160,253184,24064,57088,90112,114944,147968,180992,214016,247040,17920,50944,83968,116992,150016,183040,216064,249088,19968,52992,86016,119040,152064,185088,218112,251136,22016,55040,88064,121088,
6400,55808,105216,154624,204032,253440,40704,90112,131328,180736,230144,17408,66816,116224,165632,215040,2304,51712,101120,150528,199936,249344,36608,86016,135424,184832,234240,21504,70912,120320,169728,219136,
88064,153856,219648,23296,89088,154880,220672,24320,90112,147712,213504,17152,82944,148736,214528,18176,83968,149760,215552,19200,84992,150784,216576,20224,86016,151808,217600,21248,87040,152832,218624,22272,
136960,219136,39168,121344,203520,23552,105728,187904,7936,90112,164096,246272,66304,148480,230656,50688,132864,215040,35072,117248,199424,19456,101632,183808,3840,86016,168192,250368,70400,152576,234752,54784,
153088,251648,88064,186624,23040,121600,220160,56576,155136,253696,90112,180480,16896,115456,214016,50432,148992,247552,83968,182528,18944,117504,216064,52480,151040,249600,86016,184576,20992,119552,218112,54528,
136448,251392,104192,219136,71936,186880,39680,154624,7424,122368,237312,90112,196864,49664,164608,17408,132352,247296,100096,215040,67840,182784,35584,150528,3328,118272,233216,86016,200960,53760,168704,21504,
87040,218368,87552,218880,88064,219392,88576,219904,89088,220416,89600,220928,90112,213248,82432,213760,82944,214272,83456,214784,83968,215296,84480,215808,84992,216320,85504,216832,86016,217344,86528,217856,
4864,152576,38144,185856,71424,219136,104704,252416,137984,23552,171264,56832,204544,90112,229632,115200,768,148480,34048,181760,67328,215040,100608,248320,133888,19456,167168,52736,200448,86016,233728,119296,
152064,54016,218112,120064,22016,186112,88064,252160,154112,56064,220160,122112,24064,188160,90112,246016,147968,49920,214016,115968,17920,182016,83968,248064,150016,51968,216064,118016,19968,184064,86016,250112,
4352,184832,103168,21504,201984,120320,38656,219136,137472,55808,236288,154624,72960,253440,171776,90112,256,180736,99072,17408,197888,116224,34560,215040,133376,51712,232192,150528,68864,249344,167680,86016,
86016,20736,217600,152320,87040,21760,218624,153344,88064,22784,219648,154368,89088,23808,220672,155392,90112,16640,213504,148224,82944,17664,214528,149248,83968,18688,215552,150272,84992,19712,216576,151296,
134912,86016,37120,250368,201472,152576,103680,54784,5888,219136,170240,121344,72448,23552,236800,187904,139008,90112,33024,246272,197376,148480,99584,50688,1792,215040,166144,117248,68352,19456,232704,183808,
151040,118528,86016,53504,20992,250624,218112,185600,153088,120576,88064,55552,23040,252672,220160,187648,155136,122624,90112,49408,16896,246528,214016,181504,148992,116480,83968,51456,18944,248576,216064,183552,
134400,118272,102144,86016,69888,53760,37632,21504,5376,251392,235264,219136,203008,186880,170752,154624,138496,122368,106240,90112,65792,49664,33536,17408,1280,247296,231168,215040,198912,182784,166656,150528,
84992,85248,85504,85760,86016,86272,86528,86784,87040,87296,87552,87808,88064,88320,88576,88832,89088,89344,89600,89856,90112,82176,82432,82688,82944,83200,83456,83712,83968,84224,84480,84736,
2816,19456,36096,52736,69376,86016,102656,119296,135936,152576,169216,185856,202496,219136,235776,252416,6912,23552,40192,56832,73472,90112,98560,115200,131840,148480,165120,181760,198400,215040,231680,248320,
150016,183040,216064,249088,19968,52992,86016,119040,152064,185088,218112,251136,22016,55040,88064,121088,154112,187136,220160,253184,24064,57088,90112,114944,147968,180992,214016,247040,17920,50944,83968,116992,
2304,51712,101120,150528,199936,249344,36608,86016,135424,184832,234240,21504,70912,120320,169728,219136,6400,55808,105216,154624,204032,253440,40704,90112,131328,180736,230144,17408,66816,116224,165632,215040,
83968,149760,215552,19200,84992,150784,216576,20224,86016,151808,217600,21248,87040,152832,218624,22272,88064,153856,219648,23296,89088,154880,220672,24320,90112,147712,213504,17152,82944,148736,214528,18176,
132864,215040,35072,117248,199424,19456,101632,183808,3840,86016,168192,250368,70400,152576,234752,54784,136960,219136,39168,121344,203520,23552,105728,187904,7936,90112,164096,246272,66304,148480,230656,50688,
148992,247552,83968,182528,18944,117504,216064,52480,151040,249600,86016,184576,20992,119552,218112,54528,153088,251648,88064,186624,23040,121600,220160,56576,155136,253696,90112,180480,16896,115456,214016,50432,
132352,247296,100096,215040,67840,182784,35584,150528,3328,118272,233216,86016,200960,53760,168704,21504,136448,251392,104192,219136,71936,186880,39680,154624,7424,122368,237312,90112,196864,49664,164608,17408,
82944,214272,83456,214784,83968,215296,84480,215808,84992,216320,85504,216832,86016,217344,86528,217856,87040,218368,87552,218880,88064,219392,88576,219904,89088,220416,89600,220928,90112,213248,82432,213760,
768,148480,34048,181760,67328,215040,100608,248320,133888,19456,167168,52736,200448,86016,233728,119296,4864,152576,38144,185856,71424,219136,104704,252416,137984,23552,171264,56832,204544,90112,229632,115200,
147968,49920,214016,115968,17920,182016,83968,248064,150016,51968,216064,118016,19968,184064,86016,250112,152064,54016,218112,120064,22016,186112,88064,252160,154112,56064,220160,122112,24064,188160,90112,246016,
11440,28336,45232,62128,79024,95920,112816,129712,146608,163504,180400,197296,214192,231088,247984,2736,19632,36528,53424,70320,87216,104112,121008,137904,154800,171696,188592,205488,222384,239280,256176,10928,
257200,28336,78000,127664,177328,226992,14512,64176,113840,163504,213168,688,50352,100016,149680,199344,249008,36528,86192,135856,185520,235184,22704,72368,122032,171696,221360,8880,58544,108208,157872,207536,
158896,241328,45232,127664,210096,30384,112816,195248,15536,97968,180400,688,83120,165552,247984,68272,150704,233136,53424,135856,218288,38576,121008,203440,23728,106160,188592,8880,91312,173744,256176,76464,
257200,110256,225456,62128,177328,30384,145584,260784,113840,229040,82096,197296,50352,165552,18608,133808,249008,102064,217264,70320,185520,38576,153776,6832,122032,237232,90288,205488,58544,173744,26800,142000,
27824,175792,61616,209584,79024,226992,112816,260784,146608,32432,180400,66224,214192,100016,247984,133808,19632,167600,53424,201392,87216,235184,121008,6832,154800,40624,188592,74416,222384,108208,256176,142000,
257200,175792,94384,12976,193712,95920,14512,195248,113840,32432,213168,131760,50352,231088,149680,68272,249008,167600,86192,4784,185520,104112,22704,203440,122032,40624,221360,139952,58544,239280,157872,76464,
158896,110256,61616,12976,226480,177840,112816,64176,15536,229040,180400,131760,83120,34480,247984,199344,150704,102064,53424,4784,218288,169648,121008,72368,23728,237232,188592,139952,91312,42672,256176,207536,
257200,241328,225456,209584,193712,177840,161968,129712,113840,97968,82096,66224,50352,34480,18608,2736,249008,233136,217264,201392,185520,169648,153776,137904,122032,106160,90288,74416,58544,42672,26800,10928,
27824,44720,61616,78512,95408,112304,129200,146096,146608,163504,180400,197296,214192,231088,247984,2736,19632,36528,53424,70320,87216,104112,121008,137904,154800,171696,188592,205488,222384,239280,256176,10928,
257200,44720,94384,144048,193712,243376,30896,80560,130224,163504,213168,688,50352,100016,149680,199344,249008,36528,86192,135856,185520,235184,22704,72368,122032,171696,221360,8880,58544,108208,157872,207536,
158896,241328,61616,144048,226480,46768,129200,211632,31920,114352,180400,688,83120,165552,247984,68272,150704,233136,53424,135856,218288,38576,121008,203440,23728,106160,188592,8880,91312,173744,256176,76464,
257200,110256,225456,78512,193712,46768,161968,15024,130224,245424,98480,197296,50352,165552,18608,133808,249008,102064,217264,70320,185520,38576,153776,6832,122032,237232,90288,205488,58544,173744,26800,142000,
27824,175792,61616,209584,95408,243376,129200,15024,162992,48816,196784,82608,214192,100016,247984,133808,19632,167600,53424,201392,87216,235184,121008,6832,154800,40624,188592,74416,222384,108208,256176,142000,
257200,175792,94384,12976,193712,112304,30896,211632,130224,48816,229552,148144,66736,231088,149680,68272,249008,167600,86192,4784,185520,104112,22704,203440,122032,40624,221360,139952,58544,239280,157872,76464,
158896,110256,61616,12976,226480,177840,129200,80560,31920,245424,196784,148144,99504,50864,247984,199344,150704,102064,53424,4784,218288,169648,121008,72368,23728,237232,188592,139952,91312,42672,256176,207536,
257200,241328,225456,209584,193712,177840,161968,146096,130224,114352,98480,82608,66736,50864,34992,2736,249008,233136,217264,201392,185520,169648,153776,137904,122032,106160,90288,74416,58544,42672,26800,10928,
27824,44720,61616,78512,95408,112304,129200,146096,162992,179888,196784,213680,230576,247472,2224,19120,19632,36528,53424,70320,87216,104112,121008,137904,154800,171696,188592,205488,222384,239280,256176,10928,
257200,44720,94384,144048,193712,243376,30896,80560,130224,179888,229552,17072,66736,116400,166064,215728,3248,36528,86192,135856,185520,235184,22704,72368,122032,171696,221360,8880,58544,108208,157872,207536,
158896,241328,61616,144048,226480,46768,129200,211632,31920,114352,196784,17072,99504,181936,2224,84656,167088,249520,53424,135856,218288,38576,121008,203440,23728,106160,188592,8880,91312,173744,256176,76464,
257200,110256,225456,78512,193712,46768,161968,15024,130224,245424,98480,213680,66736,181936,34992,150192,3248,118448,233648,70320,185520,38576,153776,6832,122032,237232,90288,205488,58544,173744,26800,142000,
27824,175792,61616,209584,95408,243376,129200,15024,162992,48816,196784,82608,230576,116400,2224,150192,36016,183984,69808,217776,87216,235184,121008,6832,154800,40624,188592,74416,222384,108208,256176,142000,
257200,175792,94384,12976,193712,112304,30896,211632,130224,48816,229552,148144,66736,247472,166064,84656,3248,183984,102576,21168,201904,104112,22704,203440,122032,40624,221360,139952,58544,239280,157872,76464,
158896,110256,61616,12976,226480,177840,129200,80560,31920,245424,196784,148144,99504,50864,2224,215728,167088,118448,69808,21168,234672,186032,121008,72368,23728,237232,188592,139952,91312,42672,256176,207536,
257200,241328,225456,209584,193712,177840,161968,146096,130224,114352,98480,82608,66736,50864,34992,19120,3248,249520,233648,217776,201904,186032,170160,137904,122032,106160,90288,74416,58544,42672,26800,10928,
27824,44720,61616,78512,95408,112304,129200,146096,162992,179888,196784,213680,230576,247472,2224,19120,36016,52912,69808,86704,103600,120496,137392,154288,154800,171696,188592,205488,222384,239280,256176,10928,
257200,44720,94384,144048,193712,243376,30896,80560,130224,179888,229552,17072,66736,116400,166064,215728,3248,52912,102576,152240,201904,251568,39088,88752,138416,171696,221360,8880,58544,108208,157872,207536,
158896,241328,61616,144048,226480,46768,129200,211632,31920,114352,196784,17072,99504,181936,2224,84656,167088,249520,69808,152240,234672,54960,137392,219824,40112,122544,188592,8880,91312,173744,256176,76464,
257200,110256,225456,78512,193712,46768,161968,15024,130224,245424,98480,213680,66736,181936,34992,150192,3248,118448,233648,86704,201904,54960,170160,23216,138416,253616,106672,205488,58544,173744,26800,142000,
27824,175792,61616,209584,95408,243376,129200,15024,162992,48816,196784,82608,230576,116400,2224,150192,36016,183984,69808,217776,103600,251568,137392,23216,171184,57008,204976,90800,222384,108208,256176,142000,
257200,175792,94384,12976,193712,112304,30896,211632,130224,48816,229552,148144,66736,247472,166064,84656,3248,183984,102576,21168,201904,120496,39088,219824,138416,57008,237744,156336,74928,239280,157872,76464,
158896,110256,61616,12976,226480,177840,129200,80560,31920,245424,196784,148144,99504,50864,2224,215728,167088,118448,69808,21168,234672,186032,137392,88752,40112,253616,204976,156336,107696,59056,256176,207536,
257200,241328,225456,209584,193712,177840,161968,146096,130224,114352,98480,82608,66736,50864,34992,19120,3248,249520,233648,217776,201904,186032,170160,154288,138416,122544,106672,90800,74928,59056,43184,10928,
92928,11008,191232,109312,27392,207616,125696,43776,224000,142080,60160,240384,158464,76544,256768,174848,92928,11008,191232,109312,27392,207616,125696,43776,224000,142080,60160,240384,158464,76544,256768,174848,
183040,101120,19200,199424,117504,35584,215808,133888,51968,232192,150272,68352,248576,166656,84736,2816,183040,101120,19200,199424,117504,35584,215808,133888,51968,232192,150272,68352,248576,166656,84736,2816,
11008,191232,109312,27392,207616,125696,43776,224000,142080,60160,240384,158464,76544,256768,174848,92928,11008,191232,109312,27392,207616,125696,43776,224000,142080,60160,240384,158464,76544,256768,174848,92928,
101120,19200,199424,117504,35584,215808,133888,51968,232192,150272,68352,248576,166656,84736,2816,183040,101120,19200,199424,117504,35584,215808,133888,51968,232192,150272,68352,248576,166656,84736,2816,183040,
191232,109312,27392,207616,125696,43776,224000,142080,60160,240384,158464,76544,256768,174848,92928,11008,191232,109312,27392,207616,125696,43776,224000,142080,60160,240384,158464,76544,256768,174848,92928,11008,
19200,199424,117504,35584,215808,133888,51968,232192,150272,68352,248576,166656,84736,2816,183040,101120,19200,199424,117504,35584,215808,133888,51968,232192,150272,68352,248576,166656,84736,2816,183040,101120,
109312,27392,207616,125696,43776,224000,142080,60160,240384,158464,76544,256768,174848,92928,11008,191232,109312,27392,207616,125696,43776,224000,142080,60160,240384,158464,76544,256768,174848,92928,11008,191232,
199424,117504,35584,215808,133888,51968,232192,150272,68352,248576,166656,84736,2816,183040,101120,19200,199424,117504,35584,215808,133888,51968,232192,150272,68352,248576,166656,84736,2816,183040,101120,19200,
27392,207616,125696,43776,224000,142080,60160,240384,158464,76544,256768,174848,92928,11008,191232,109312,27392,207616,125696,43776,224000,142080,60160,240384,158464,76544,256768,174848,92928,11008,191232,109312,
117504,35584,215808,133888,51968,232192,150272,68352,248576,166656,84736,2816,183040,101120,19200,199424,117504,35584,215808,133888,51968,232192,150272,68352,248576,166656,84736,2816,183040,101120,19200,199424,
207616,125696,43776,224000,142080,60160,240384,158464,76544,256768,174848,92928,11008,191232,109312,27392,207616,125696,43776,224000,142080,60160,240384,158464,76544,256768,174848,92928,11008,191232,109312,27392,
35584,215808,133888,51968,232192,150272,68352,248576,166656,84736,2816,183040,101120,19200,199424,117504,35584,215808,133888,51968,232192,150272,68352,248576,166656,84736,2816,183040,101120,19200,199424,117504,
125696,43776,224000,142080,60160,240384,158464,76544,256768,174848,92928,11008,191232,109312,27392,207616,125696,43776,224000,142080,60160,240384,158464,76544,256768,174848,92928,11008,191232,109312,27392,207616,
215808,133888,51968,232192,150272,68352,248576,166656,84736,2816,183040,101120,19200,199424,117504,35584,215808,133888,51968,232192,150272,68352,248576,166656,84736,2816,183040,101120,19200,199424,117504,35584,
43776,224000,142080,60160,240384,158464,76544,256768,174848,92928,11008,191232,109312,27392,207616,125696,43776,224000,142080,60160,240384,158464,76544,256768,174848,92928,11008,191232,109312,27392,207616,125696,
133888,51968,232192,150272,68352,248576,166656,84736,2816,183040,101120,19200,199424,117504,35584,215808,133888,51968,232192,150272,68352,248576,166656,84736,2816,183040,101120,19200,199424,117504,35584,215808,
224000,142080,60160,240384,158464,76544,256768,174848,92928,11008,191232,109312,27392,207616,125696,43776,224000,142080,60160,240384,158464,76544,256768,174848,92928,11008,191232,109312,27392,207616,125696,43776,
51968,232192,150272,68352,248576,166656,84736,2816,183040,101120,19200,199424,117504,35584,215808,133888,51968,232192,150272,68352,248576,166656,84736,2816,183040,101120,19200,199424,117504,35584,215808,133888,
142080,60160,240384,158464,76544,256768,174848,92928,11008,191232,109312,27392,207616,125696,43776,224000,142080,60160,240384,158464,76544,256768,174848,92928,11008,191232,109312,27392,207616,125696,43776,224000,
232192,150272,68352,248576,166656,84736,2816,183040,101120,19200,199424,117504,35584,215808,133888,51968,232192,150272,68352,248576,166656,84736,2816,183040,101120,19200,199424,117504,35584,215808,133888,51968,
60160,240384,158464,76544,256768,174848,92928,11008,191232,109312,27392,207616,125696,43776,224000,142080,60160,240384,158464,76544,256768,174848,92928,11008,191232,109312,27392,207616,125696,43776,224000,142080,
150272,68352,248576,166656,84736,2816,183040,101120,19200,199424,117504,35584,215808,133888,51968,232192,150272,68352,248576,166656,84736,2816,183040,101120,19200,199424,117504,35584,215808,133888,51968,232192,
240384,158464,76544,256768,174848,92928,11008,191232,109312,27392,207616,125696,43776,224000,142080,60160,240384,158464,76544,256768,174848,92928,11008,191232,109312,27392,207616,125696,43776,224000,142080,60160,
68352,248576,166656,84736,2816,183040,101120,19200,199424,117504,35584,215808,133888,51968,232192,150272,68352,248576,166656,84736,2816,183040,101120,19200,199424,117504,35584,215808,133888,51968,232192,150272,
158464,76544,256768,174848,92928,11008,191232,109312,27392,207616,125696,43776,224000,142080,60160,240384,158464,76544,256768,174848,92928,11008,191232,109312,27392,207616,125696,43776,224000,142080,60160,240384,
248576,166656,84736,2816,183040,101120,19200,199424,117504,35584,215808,133888,51968,232192,150272,68352,248576,166656,84736,2816,183040,101120,19200,199424,117504,35584,215808,133888,51968,232192,150272,68352,
76544,256768,174848,92928,11008,191232,109312,27392,207616,125696,43776,224000,142080,60160,240384,158464,76544,256768,174848,92928,11008,191232,109312,27392,207616,125696,43776,224000,142080,60160,240384,158464,
166656,84736,2816,183040,101120,19200,199424,117504,35584,215808,133888,51968,232192,150272,68352,248576,166656,84736,2816,183040,101120,19200,199424,117504,35584,215808,133888,51968,232192,150272,68352,248576,
256768,174848,92928,11008,191232,109312,27392,207616,125696,43776,224000,142080,60160,240384,158464,76544,256768,174848,92928,11008,191232,109312,27392,207616,125696,43776,224000,142080,60160,240384,158464,76544,
84736,2816,183040,101120,19200,199424,117504,35584,215808,133888,51968,232192,150272,68352,248576,166656,84736,2816,183040,101120,19200,199424,117504,35584,215808,133888,51968,232192,150272,68352,248576,166656,
174848,92928,11008,191232,109312,27392,207616,125696,43776,224000,142080,60160,240384,158464,76544,256768,174848,92928,11008,191232,109312,27392,207616,125696,43776,224000,142080,60160,240384,158464,76544,256768,
2816,183040,101120,19200,199424,117504,35584,215808,133888,51968,232192,150272,68352,248576,166656,84736,2816,183040,101120,19200,199424,117504,35584,215808,133888,51968,232192,150272,68352,248576,166656,84736,
212000,227904,243808,259712,13472,29376,45280,61184,77088,92992,108896,124800,140704,156608,172512,188416,204320,220224,236128,252032,5792,21696,37600,53504,69408,85312,101216,117120,133024,148928,164832,180736,
197632,227904,243840,259776,13568,29504,45440,61376,77312,93248,109184,125120,141056,156992,172928,188864,204800,220736,236672,252608,6400,22336,38272,54208,70144,86080,102016,117952,133888,149824,165760,181696,
198560,214528,243808,259776,13600,29568,45536,61504,77472,93440,109408,125376,141344,157312,173280,189248,205216,221184,237152,253120,6944,22912,38880,54848,70816,86784,102752,118720,134688,150656,166624,182592,
199424,215424,231424,259712,13568,29568,45568,61568,77568,93568,109568,125568,141568,157568,173568,189568,205568,221568,237568,253568,7424,23424,39424,55424,71424,87424,103424,119424,135424,151424,167424,183424,
200224,216256,232288,248320,13472,29504,45536,61568,77600,93632,109664,125696,141728,157760,173792,189824,205856,221888,237920,253952,7840,23872,39904,55936,71968,88000,104032,120064,136096,152128,168160,184192,
200960,217024,233088,249152,3072,29376,45440,61504,77568,93632,109696,125760,141824,157888,173952,190016,206080,222144,238208,254272,8192,24256,40320,56384,72448,88512,104576,120640,136704,152768,168832,184896,
201632,217728,233824,249920,3872,19968,45280,61376,77472,93568,109664,125760,141856,157952,174048,190144,206240,222336,238432,254528,8480,24576,40672,56768,72864,88960,105056,121152,137248,153344,169440,185536,
202240,218368,234496,250624,4608,20736,36864,61184,77312,93440,109568,125696,141824,157952,174080,190208,206336,222464,238592,254720,8704,24832,40960,57088,73216,89344,105472,121600,137728,153856,169984,186112,
202784,218944,235104,251264,5280,21440,37600,53760,77088,93248,109408,125568,141728,157888,174048,190208,206368,222528,238688,254848,8864,25024,41184,57344,73504,89664,105824,121984,138144,154304,170464,186624,
203264,219456,235648,251840,5888,22080,38272,54464,70656,92992,109184,125376,141568,157760,173952,190144,206336,222528,238720,254912,8960,25152,41344,57536,73728,89920,106112,122304,138496,154688,170880,187072,
203680,219904,236128,252352,6432,22656,38880,55104,71328,87552,108896,125120,141344,157568,173792,190016,206240,222464,238688,254912,8992,25216,41440,57664,73888,90112,106336,122560,138784,155008,171232,187456,
204032,220288,236544,252800,6912,23168,39424,55680,71936,88192,104448,124800,141056,157312,173568,189824,206080,222336,238592,254848,8960,25216,41472,57728,73984,90240,106496,122752,139008,155264,171520,187776,
204320,220608,236896,253184,7328,23616,39904,56192,72480,88768,105056,121344,140704,156992,173280,189568,205856,222144,238432,254720,8864,25152,41440,57728,74016,90304,106592,122880,139168,155456,171744,188032,
204544,220864,237184,253504,7680,24000,40320,56640,72960,89280,105600,121920,138240,156608,172928,189248,205568,221888,238208,254528,8704,25024,41344,57664,73984,90304,106624,122944,139264,155584,171904,188224,
204704,221056,237408,253760,7968,24320,40672,57024,73376,89728,106080,122432,138784,155136,172512,188864,205216,221568,237920,254272,8480,24832,41184,57536,73888,90240,106592,122944,139296,155648,172000,188352,
204800,221184,237568,253952,8192,24576,40960,57344,73728,90112,106496,122880,139264,155648,172032,188416,204800,221184,237568,253952,8192,24576,40960,57344,73728,90112,106496,122880,139264,155648,172032,188416,
204832,221248,237664,254080,8352,24768,41184,57600,74016,90432,106848,123264,139680,156096,172512,188928,204320,220736,237152,253568,7840,24256,40672,57088,73504,89920,106336,122752,139168,155584,172000,188416,
204800,221248,237696,254144,8448,24896,41344,57792,74240,90688,107136,123584,140032,156480,172928,189376,205824,220224,236672,253120,7424,23872,40320,56768,73216,89664,106112,122560,139008,155456,171904,188352,
204704,221184,237664,254144,8480,24960,41440,57920,74400,90880,107360,123840,140320,156800,173280,189760,206240,222720,236128,252608,6944,23424,39904,56384,72864,89344,105824,122304,138784,155264,171744,188224,
204544,221056,237568,254080,8448,24960,41472,57984,74496,91008,107520,124032,140544,157056,173568,190080,206592,223104,239616,252032,6400,22912,39424,55936,72448,88960,105472,121984,138496,155008,171520,188032,
204320,220864,237408,253952,8352,24896,41440,57984,74528,91072,107616,124160,140704,157248,173792,190336,206880,223424,239968,256512,5792,22336,38880,55424,71968,88512,105056,121600,138144,154688,171232,187776,
204032,220608,237184,253760,8192,24768,41344,57920,74496,91072,107648,124224,140800,157376,173952,190528,207104,223680,240256,256832,11264,21696,38272,54848,71424,88000,104576,121152,137728,154304,170880,187456,
203680,220288,236896,253504,7968,24576,41184,57792,74400,91008,107616,124224,140832,157440,174048,190656,207264,223872,240480,257088,11552,28160,37600,54208,70816,87424,104032,120640,137248,153856,170464,187072,
203264,219904,236544,253184,7680,24320,40960,57600,74240,90880,107520,124160,140800,157440,174080,190720,207360,224000,240640,257280,11776,28416,45056,53504,70144,86784,103424,120064,136704,153344,169984,186624,
202784,219456,236128,252800,7328,24000,40672,57344,74016,90688,107360,124032,140704,157376,174048,190720,207392,224064,240736,257408,11936,28608,45280,61952,69408,86080,102752,119424,136096,152768,169440,186112,
202240,218944,235648,252352,6912,23616,40320,57024,73728,90432,107136,123840,140544,157248,173952,190656,207360,224064,240768,257472,12032,28736,45440,62144,78848,85312,102016,118720,135424,152128,168832,185536,
201632,218368,235104,251840,6432,23168,39904,56640,73376,90112,106848,123584,140320,157056,173792,190528,207264,224000,240736,257472,12064,28800,45536,62272,79008,95744,101216,117952,134688,151424,168160,184896,
200960,217728,234496,251264,5888,22656,39424,56192,72960,89728,106496,123264,140032,156800,173568,190336,207104,223872,240640,257408,12032,28800,45568,62336,79104,95872,112640,117120,133888,150656,167424,184192,
200224,217024,233824,250624,5280,22080,38880,55680,72480,89280,106080,122880,139680,156480,173280,190080,206880,223680,240480,257280,11936,28736,45536,62336,79136,95936,112736,129536,133024,149824,166624,183424,
199424,216256,233088,249920,4608,21440,38272,55104,71936,88768,105600,122432,139264,156096,172928,189760,206592,223424,240256,257088,11776,28608,45440,62272,79104,95936,112768,129600,146432,148928,165760,182592,
198560,215424,232288,249152,3872,20736,37600,54464,71328,88192,105056,121920,138784,155648,172512,189376,206240,223104,239968,256832,11552,28416,45280,62144,79008,95872,112736,129600,146464,163328,164832,181696,
197632,214528,231424,248320,3072,19968,36864,53760,70656,87552,104448,121344,138240,155136,172032,188928,205824,222720,239616,256512,11264,28160,45056,61952,78848,95744,112640,129536,146432,163328,180224,180736,
156160,148480,140800,133120,125440,117760,110080,102400,94720,87040,79360,71680,64000,56320,48640,40960,33280,25600,17920,10240,2560,257024,249344,241664,233984,226304,218624,210944,203264,195584,187904,180224,
98304,58368,51200,44032,36864,29696,22528,15360,8192,1024,256000,248832,241664,234496,227328,220160,212992,205824,198656,191488,184320,177152,169984,162816,155648,148480,141312,134144,126976,119808,112640,105472,
23040,16384,222720,216064,209408,202752,196096,189440,182784,176128,169472,162816,156160,149504,142848,136192,129536,122880,116224,109568,102912,96256,89600,82944,76288,69632,62976,56320,49664,43008,36352,29696,
208896,202752,196608,124928,118784,112640,106496,100352,94208,88064,81920,75776,69632,63488,57344,51200,45056,38912,32768,26624,20480,14336,8192,2048,258048,251904,245760,239616,233472,227328,221184,215040,
131584,125952,120320,114688,27136,21504,15872,10240,4608,261120,255488,249856,244224,238592,232960,227328,221696,216064,210432,204800,199168,193536,187904,182272,176640,171008,165376,159744,154112,148480,142848,137216,
53248,48128,43008,37888,32768,191488,186368,181248,176128,171008,165888,160768,155648,150528,145408,140288,135168,130048,124928,119808,114688,109568,104448,99328,94208,89088,83968,78848,73728,68608,63488,58368,
236032,231424,226816,222208,217600,212992,93696,89088,84480,79872,75264,70656,66048,61440,56832,52224,47616,43008,38400,33792,29184,24576,19968,15360,10752,6144,1536,259072,254464,249856,245248,240640,
155648,151552,147456,143360,139264,135168,131072,258048,253952,249856,245760,241664,237568,233472,229376,225280,221184,217088,212992,208896,204800,200704,196608,192512,188416,184320,180224,176128,172032,167936,163840,159744,
74240,70656,67072,63488,59904,56320,52736,49152,160256,156672,153088,149504,145920,142336,138752,135168,131584,128000,124416,120832,117248,113664,110080,106496,102912,99328,95744,92160,88576,84992,81408,77824,
253952,250880,247808,244736,241664,238592,235520,232448,229376,62464,59392,56320,53248,50176,47104,44032,40960,37888,34816,31744,28672,25600,22528,19456,16384,13312,10240,7168,4096,1024,260096,257024,
170496,167936,165376,162816,160256,157696,155136,152576,150016,147456,226816,224256,221696,219136,216576,214016,211456,208896,206336,203776,201216,198656,196096,193536,190976,188416,185856,183296,180736,178176,175616,173056,
86016,83968,81920,79872,77824,75776,73728,71680,69632,67584,65536,129024,126976,124928,122880,120832,118784,116736,114688,112640,110592,108544,106496,104448,102400,100352,98304,96256,94208,92160,90112,88064,
512,261120,259584,258048,256512,254976,253440,251904,250368,248832,247296,245760,31232,29696,28160,26624,25088,23552,22016,20480,18944,17408,15872,14336,12800,11264,9728,8192,6656,5120,3584,2048,
176128,175104,174080,173056,172032,171008,169984,168960,167936,166912,165888,164864,163840,195584,194560,193536,192512,191488,190464,189440,188416,187392,186368,185344,184320,183296,182272,181248,180224,179200,178176,177152,
88576,88064,87552,87040,86528,86016,85504,84992,84480,83968,83456,82944,82432,81920,97792,97280,96768,96256,95744,95232,94720,94208,93696,93184,92672,92160,91648,91136,90624,90112,89600,89088,
0,0,0,0,0,0,0,0,0,0,0,0,0,0,0,0,0,0,0,0,0,0,0,0,0,0,0,0,0,0,0,0,
172544,173056,173568,174080,174592,175104,175616,176128,176640,177152,177664,178176,178688,179200,179712,180224,164352,164864,165376,165888,166400,166912,167424,167936,168448,168960,169472,169984,170496,171008,171520,172032,
81920,82944,83968,84992,86016,87040,88064,89088,90112,91136,92160,93184,94208,95232,96256,97280,98304,66560,67584,68608,69632,70656,71680,72704,73728,74752,75776,76800,77824,78848,79872,80896,
252416,253952,255488,257024,258560,260096,261632,1024,2560,4096,5632,7168,8704,10240,11776,13312,14848,16384,230912,232448,233984,235520,237056,238592,240128,241664,243200,244736,246272,247808,249344,250880,
159744,161792,163840,165888,167936,169984,172032,174080,176128,178176,180224,182272,184320,186368,188416,190464,192512,194560,196608,133120,135168,137216,139264,141312,143360,145408,147456,149504,151552,153600,155648,157696,
66048,68608,71168,73728,76288,78848,81408,83968,86528,89088,91648,94208,96768,99328,101888,104448,107008,109568,112128,114688,35328,37888,40448,43008,45568,48128,50688,53248,55808,58368,60928,63488,
233472,236544,239616,242688,245760,248832,251904,254976,258048,261120,2048,5120,8192,11264,14336,17408,20480,23552,26624,29696,32768,199680,202752,205824,208896,211968,215040,218112,221184,224256,227328,230400,
137728,141312,144896,148480,152064,155648,159232,162816,166400,169984,173568,177152,180736,184320,187904,191488,195072,198656,202240,205824,209408,212992,101888,105472,109056,112640,116224,119808,123392,126976,130560,134144,
40960,45056,49152,53248,57344,61440,65536,69632,73728,77824,81920,86016,90112,94208,98304,102400,106496,110592,114688,118784,122880,126976,131072,4096,8192,12288,16384,20480,24576,28672,32768,36864,
205312,209920,214528,219136,223744,228352,232960,237568,242176,246784,251392,256000,260608,3072,7680,12288,16896,21504,26112,30720,35328,39936,44544,49152,168448,173056,177664,182272,186880,191488,196096,200704,
106496,111616,116736,121856,126976,132096,137216,142336,147456,152576,157696,162816,167936,173056,178176,183296,188416,193536,198656,203776,208896,214016,219136,224256,229376,70656,75776,80896,86016,91136,96256,101376,
6656,12288,17920,23552,29184,34816,40448,46080,51712,57344,62976,68608,74240,79872,85504,91136,96768,102400,108032,113664,119296,124928,130560,136192,141824,147456,235008,240640,246272,251904,257536,1024,
167936,174080,180224,186368,192512,198656,204800,210944,217088,223232,229376,235520,241664,247808,253952,260096,4096,10240,16384,22528,28672,34816,40960,47104,53248,59392,65536,137216,143360,149504,155648,161792,
66048,72704,79360,86016,92672,99328,105984,112640,119296,125952,132608,139264,145920,152576,159232,165888,172544,179200,185856,192512,199168,205824,212480,219136,225792,232448,239104,245760,39424,46080,52736,59392,
225280,232448,239616,246784,253952,261120,6144,13312,20480,27648,34816,41984,49152,56320,63488,70656,77824,84992,92160,99328,106496,113664,120832,128000,135168,142336,149504,156672,163840,203776,210944,218112,
121344,129024,136704,144384,152064,159744,167424,175104,182784,190464,198144,205824,213504,221184,228864,236544,244224,251904,259584,5120,12800,20480,28160,35840,43520,51200,58880,66560,74240,81920,105984,113664,
16384,24576,32768,40960,49152,57344,65536,73728,81920,90112,98304,106496,114688,122880,131072,139264,147456,155648,163840,172032,180224,188416,196608,204800,212992,221184,229376,237568,245760,253952,0,8192,
87568,72208,56848,41488,26128,10768,257552,242192,226832,211472,196112,180752,165392,150032,134672,119312,103952,88592,73232,57872,42512,27152,11792,258576,243216,227856,212496,197136,181776,166416,151056,135696,
167968,88096,73760,59424,45088,30752,16416,2080,249888,235552,221216,206880,192544,178208,163872,149536,135200,120864,106528,92192,77856,63520,49184,34848,20512,6176,253984,239648,225312,210976,196640,182304,
213552,200240,88624,75312,62000,48688,35376,22064,8752,257584,244272,230960,217648,204336,191024,177712,164400,151088,137776,124464,111152,97840,84528,71216,57904,44592,31280,17968,4656,253488,240176,226864,
257088,244800,232512,89152,76864,64576,52288,40000,27712,15424,3136,252992,240704,228416,216128,203840,191552,179264,166976,154688,142400,130112,117824,105536,93248,80960,68672,56384,44096,31808,19520,7232,
36432,25168,13904,2640,89680,78416,67152,55888,44624,33360,22096,10832,261712,250448,239184,227920,216656,205392,194128,182864,171600,160336,149072,137808,126544,115280,104016,92752,81488,70224,58960,47696,
75872,65632,55392,45152,34912,90208,79968,69728,59488,49248,39008,28768,18528,8288,260192,249952,239712,229472,219232,208992,198752,188512,178272,168032,157792,147552,137312,127072,116832,106592,96352,86112,
113264,104048,94832,85616,76400,67184,90736,81520,72304,63088,53872,44656,35440,26224,17008,7792,260720,251504,242288,233072,223856,214640,205424,196208,186992,177776,168560,159344,150128,140912,131696,122480,
148608,140416,132224,124032,115840,107648,99456,91264,83072,74880,66688,58496,50304,42112,33920,25728,17536,9344,1152,255104,246912,238720,230528,222336,214144,205952,197760,189568,181376,173184,164992,156800,
181904,174736,167568,160400,153232,146064,138896,131728,91792,84624,77456,70288,63120,55952,48784,41616,34448,27280,20112,12944,5776,260752,253584,246416,239248,232080,224912,217744,210576,203408,196240,189072,
213152,207008,200864,194720,188576,182432,176288,170144,164000,92320,86176,80032,73888,67744,61600,55456,49312,43168,37024,30880,24736,18592,12448,6304,160,256160,250016,243872,237728,231584,225440,219296,
242352,237232,232112,226992,221872,216752,211632,206512,201392,196272,92848,87728,82608,77488,72368,67248,62128,57008,51888,46768,41648,36528,31408,26288,21168,16048,10928,5808,688,257712,252592,247472,
7360,3264,261312,257216,253120,249024,244928,240832,236736,232640,228544,93376,89280,85184,81088,76992,72896,68800,64704,60608,56512,52416,48320,44224,40128,36032,31936,27840,23744,19648,15552,11456,
32464,29392,26320,23248,20176,17104,14032,10960,7888,4816,1744,260816,93904,90832,87760,84688,81616,78544,75472,72400,69328,66256,63184,60112,57040,53968,50896,47824,44752,41680,38608,35536,
55520,53472,51424,49376,47328,45280,43232,41184,39136,37088,35040,32992,30944,94432,92384,90336,88288,86240,84192,82144,80096,78048,76000,73952,71904,69856,67808,65760,63712,61664,59616,57568,
76528,75504,74480,73456,72432,71408,70384,69360,68336,67312,66288,65264,64240,63216,94960,93936,92912,91888,90864,89840,88816,87792,86768,85744,84720,83696,82672,81648,80624,79600,78576,77552,
95488,95488,95488,95488,95488,95488,95488,95488,95488,95488,95488,95488,95488,95488,95488,95488,95488,95488,95488,95488,95488,95488,95488,95488,95488,95488,95488,95488,95488,95488,95488,95488,
112400,113424,114448,115472,116496,117520,118544,119568,120592,121616,122640,123664,124688,125712,126736,127760,96016,97040,98064,99088,100112,101136,102160,103184,104208,105232,106256,107280,108304,109328,110352,111376,
127264,129312,131360,133408,135456,137504,139552,141600,143648,145696,147744,149792,151840,153888,155936,157984,160032,96544,98592,100640,102688,104736,106784,108832,110880,112928,114976,117024,119072,121120,123168,125216,
140080,143152,146224,149296,152368,155440,158512,161584,164656,167728,170800,173872,176944,180016,183088,186160,189232,192304,97072,100144,103216,106288,109360,112432,115504,118576,121648,124720,127792,130864,133936,137008,
150848,154944,159040,163136,167232,171328,175424,179520,183616,187712,191808,195904,200000,204096,208192,212288,216384,220480,224576,97600,101696,105792,109888,113984,118080,122176,126272,130368,134464,138560,142656,146752,
159568,164688,169808,174928,180048,185168,190288,195408,200528,205648,210768,215888,221008,226128,231248,236368,241488,246608,251728,256848,98128,103248,108368,113488,118608,123728,128848,133968,139088,144208,149328,154448,
166240,172384,178528,184672,190816,196960,203104,209248,215392,221536,227680,233824,239968,246112,252256,258400,2400,8544,14688,20832,26976,98656,104800,110944,117088,123232,129376,135520,141664,147808,153952,160096,
170864,178032,185200,192368,199536,206704,213872,221040,228208,235376,242544,249712,256880,1904,9072,16240,23408,30576,37744,44912,52080,59248,99184,106352,113520,120688,127856,135024,142192,149360,156528,163696,
173440,181632,189824,198016,206208,214400,222592,230784,238976,247168,255360,1408,9600,17792,25984,34176,42368,50560,58752,66944,75136,83328,91520,99712,107904,116096,124288,132480,140672,148864,157056,165248,
173968,183184,192400,201616,210832,220048,229264,238480,247696,256912,3984,13200,22416,31632,40848,50064,59280,68496,77712,86928,96144,105360,114576,123792,100240,109456,118672,127888,137104,146320,155536,164752,
172448,182688,192928,203168,213408,223648,233888,244128,254368,2464,12704,22944,33184,43424,53664,63904,74144,84384,94624,104864,115104,125344,135584,145824,156064,100768,111008,121248,131488,141728,151968,162208,
168880,180144,191408,202672,213936,225200,236464,247728,258992,8112,19376,30640,41904,53168,64432,75696,86960,98224,109488,120752,132016,143280,154544,165808,177072,188336,101296,112560,123824,135088,146352,157616,
163264,175552,187840,200128,212416,224704,236992,249280,261568,11712,24000,36288,48576,60864,73152,85440,97728,110016,122304,134592,146880,159168,171456,183744,196032,208320,220608,101824,114112,126400,138688,150976,
155600,168912,182224,195536,208848,222160,235472,248784,262096,13264,26576,39888,53200,66512,79824,93136,106448,119760,133072,146384,159696,173008,186320,199632,212944,226256,239568,252880,102352,115664,128976,142288,
145888,160224,174560,188896,203232,217568,231904,246240,260576,12768,27104,41440,55776,70112,84448,98784,113120,127456,141792,156128,170464,184800,199136,213472,227808,242144,256480,8672,23008,102880,117216,131552,
134128,149488,164848,180208,195568,210928,226288,241648,257008,10224,25584,40944,56304,71664,87024,102384,117744,133104,148464,163824,179184,194544,209904,225264,240624,255984,9200,24560,39920,55280,103408,118768,
120320,136704,153088,169472,185856,202240,218624,235008,251392,5632,22016,38400,54784,71168,87552,103936,120320,136704,153088,169472,185856,202240,218624,235008,251392,5632,22016,38400,54784,71168,87552,103936,
92928,101120,109312,117504,125696,133888,142080,150272,158464,166656,174848,183040,191232,199424,207616,215808,224000,232192,240384,248576,256768,2816,11008,19200,27392,35584,43776,51968,60160,68352,76544,84736,
2816,11008,19200,27392,35584,43776,51968,60160,68352,76544,84736,92928,101120,109312,117504,125696,133888,142080,150272,158464,166656,174848,183040,191232,199424,207616,215808,224000,232192,240384,248576,256768,
174848,183040,191232,199424,207616,215808,224000,232192,240384,248576,256768,2816,11008,19200,27392,35584,43776,51968,60160,68352,76544,84736,92928,101120,109312,117504,125696,133888,142080,150272,158464,166656,
84736,92928,101120,109312,117504,125696,133888,142080,150272,158464,166656,174848,183040,191232,199424,207616,215808,224000,232192,240384,248576,256768,2816,11008,19200,27392,35584,43776,51968,60160,68352,76544,
256768,2816,11008,19200,27392,35584,43776,51968,60160,68352,76544,84736,92928,101120,109312,117504,125696,133888,142080,150272,158464,166656,174848,183040,191232,199424,207616,215808,224000,232192,240384,248576,
166656,174848,183040,191232,199424,207616,215808,224000,232192,240384,248576,256768,2816,11008,19200,27392,35584,43776,51968,60160,68352,76544,84736,92928,101120,109312,117504,125696,133888,142080,150272,158464,
76544,84736,92928,101120,109312,117504,125696,133888,142080,150272,158464,166656,174848,183040,191232,199424,207616,215808,224000,232192,240384,248576,256768,2816,11008,19200,27392,35584,43776,51968,60160,68352,
248576,256768,2816,11008,19200,27392,35584,43776,51968,60160,68352,76544,84736,92928,101120,109312,117504,125696,133888,142080,150272,158464,166656,174848,183040,191232,199424,207616,215808,224000,232192,240384,
158464,166656,174848,183040,191232,199424,207616,215808,224000,232192,240384,248576,256768,2816,11008,19200,27392,35584,43776,51968,60160,68352,76544,84736,92928,101120,109312,117504,125696,133888,142080,150272,
68352,76544,84736,92928,101120,109312,117504,125696,133888,142080,150272,158464,166656,174848,183040,191232,199424,207616,215808,224000,232192,240384,248576,256768,2816,11008,19200,27392,35584,43776,51968,60160,
240384,248576,256768,2816,11008,19200,27392,35584,43776,51968,60160,68352,76544,84736,92928,101120,109312,117504,125696,133888,142080,150272,158464,166656,174848,183040,191232,199424,207616,215808,224000,232192,
150272,158464,166656,174848,183040,191232,199424,207616,215808,224000,232192,240384,248576,256768,2816,11008,19200,27392,35584,43776,51968,60160,68352,76544,84736,92928,101120,109312,117504,125696,133888,142080,
60160,68352,76544,84736,92928,101120,109312,117504,125696,133888,142080,150272,158464,166656,174848,183040,191232,199424,207616,215808,224000,232192,240384,248576,256768,2816,11008,19200,27392,35584,43776,51968,
232192,240384,248576,256768,2816,11008,19200,27392,35584,43776,51968,60160,68352,76544,84736,92928,101120,109312,117504,125696,133888,142080,150272,158464,166656,174848,183040,191232,199424,207616,215808,224000,
142080,150272,158464,166656,174848,183040,191232,199424,207616,215808,224000,232192,240384,248576,256768,2816,11008,19200,27392,35584,43776,51968,60160,68352,76544,84736,92928,101120,109312,117504,125696,133888,
51968,60160,68352,76544,84736,92928,101120,109312,117504,125696,133888,142080,150272,158464,166656,174848,183040,191232,199424,207616,215808,224000,232192,240384,248576,256768,2816,11008,19200,27392,35584,43776,
224000,232192,240384,248576,256768,2816,11008,19200,27392,35584,43776,51968,60160,68352,76544,84736,92928,101120,109312,117504,125696,133888,142080,150272,158464,166656,174848,183040,191232,199424,207616,215808,
133888,142080,150272,158464,166656,174848,183040,191232,199424,207616,215808,224000,232192,240384,248576,256768,2816,11008,19200,27392,35584,43776,51968,60160,68352,76544,84736,92928,101120,109312,117504,125696,
43776,51968,60160,68352,76544,84736,92928,101120,109312,117504,125696,133888,142080,150272,158464,166656,174848,183040,191232,199424,207616,215808,224000,232192,240384,248576,256768,2816,11008,19200,27392,35584,
215808,224000,232192,240384,248576,256768,2816,11008,19200,27392,35584,43776,51968,60160,68352,76544,84736,92928,101120,109312,117504,125696,133888,142080,150272,158464,166656,174848,183040,191232,199424,207616,
125696,133888,142080,150272,158464,166656,174848,183040,191232,199424,207616,215808,224000,232192,240384,248576,256768,2816,11008,19200,27392,35584,43776,51968,60160,68352,76544,84736,92928,101120,109312,117504,
35584,43776,51968,60160,68352,76544,84736,92928,101120,109312,117504,125696,133888,142080,150272,158464,166656,174848,183040,191232,199424,207616,215808,224000,232192,240384,248576,256768,2816,11008,19200,27392,
207616,215808,224000,232192,240384,248576,256768,2816,11008,19200,27392,35584,43776,51968,60160,68352,76544,84736,92928,101120,109312,117504,125696,133888,142080,150272,158464,166656,174848,183040,191232,199424,
117504,125696,133888,142080,150272,158464,166656,174848,183040,191232,199424,207616,215808,224000,232192,240384,248576,256768,2816,11008,19200,27392,35584,43776,51968,60160,68352,76544,84736,92928,101120,109312,
27392,35584,43776,51968,60160,68352,76544,84736,92928,101120,109312,117504,125696,133888,142080,150272,158464,166656,174848,183040,191232,199424,207616,215808,224000,232192,240384,248576,256768,2816,11008,19200,
199424,207616,215808,224000,232192,240384,248576,256768,2816,11008,19200,27392,35584,43776,51968,60160,68352,76544,84736,92928,101120,109312,117504,125696,133888,142080,150272,158464,166656,174848,183040,191232,
109312,117504,125696,133888,142080,150272,158464,166656,174848,183040,191232,199424,207616,215808,224000,232192,240384,248576,256768,2816,11008,19200,27392,35584,43776,51968,60160,68352,76544,84736,92928,101120,
19200,27392,35584,43776,51968,60160,68352,76544,84736,92928,101120,109312,117504,125696,133888,142080,150272,158464,166656,174848,183040,191232,199424,207616,215808,224000,232192,240384,248576,256768,2816,11008,
191232,199424,207616,215808,224000,232192,240384,248576,256768,2816,11008,19200,27392,35584,43776,51968,60160,68352,76544,84736,92928,101120,109312,117504,125696,133888,142080,150272,158464,166656,174848,183040,
101120,109312,117504,125696,133888,142080,150272,158464,166656,174848,183040,191232,199424,207616,215808,224000,232192,240384,248576,256768,2816,11008,19200,27392,35584,43776,51968,60160,68352,76544,84736,92928,
11008,19200,27392,35584,43776,51968,60160,68352,76544,84736,92928,101120,109312,117504,125696,133888,142080,150272,158464,166656,174848,183040,191232,199424,207616,215808,224000,232192,240384,248576,256768,2816,
183040,191232,199424,207616,215808,224000,232192,240384,248576,256768,2816,11008,19200,27392,35584,43776,51968,60160,68352,76544,84736,92928,101120,109312,117504,125696,133888,142080,150272,158464,166656,174848,
