1,2,3,4,5,6,7,8,9,10,11,12,13,14,15,16,17,18,19,20,21,22,23,24,25,26,27,28,29,30,31,
62,32,33,34,35,36,37,38,39,40,41,42,43,44,45,46,47,48,49,50,51,52,53,54,55,56,57,58,59,60,61,
92,93,63,64,65,66,67,68,69,70,71,72,73,74,75,76,77,78,79,80,81,82,83,84,85,86,87,88,89,90,91,
122,123,124,94,95,96,97,98,99,100,101,102,103,104,105,106,107,108,109,110,111,112,113,114,115,116,117,118,119,120,121,
152,153,154,155,125,126,127,128,129,130,131,132,133,134,135,136,137,138,139,140,141,142,143,144,145,146,147,148,149,150,151,
182,183,184,185,186,156,157,158,159,160,161,162,163,164,165,166,167,168,169,170,171,172,173,174,175,176,177,178,179,180,181,
212,213,214,215,216,217,187,188,189,190,191,192,193,194,195,196,197,198,199,200,201,202,203,204,205,206,207,208,209,210,211,
242,243,244,245,246,247,248,218,219,220,221,222,223,224,225,226,227,228,229,230,231,232,233,234,235,236,237,238,239,240,241,
272,273,274,275,276,277,278,279,249,250,251,252,253,254,255,256,257,258,259,260,261,262,263,264,265,266,267,268,269,270,271,
302,303,304,305,306,307,308,309,310,280,281,282,283,284,285,286,287,288,289,290,291,292,293,294,295,296,297,298,299,300,301,
332,333,334,335,336,337,338,339,340,341,311,312,313,314,315,316,317,318,319,320,321,322,323,324,325,326,327,328,329,330,331,
362,363,364,365,366,367,368,369,370,371,372,342,343,344,345,346,347,348,349,350,351,352,353,354,355,356,357,358,359,360,361,
392,393,394,395,396,397,398,399,400,401,402,403,373,374,375,376,377,378,379,380,381,382,383,384,385,386,387,388,389,390,391,
422,423,424,425,426,427,428,429,430,431,432,433,434,404,405,406,407,408,409,410,411,412,413,414,415,416,417,418,419,420,421,
452,453,454,455,456,457,458,459,460,461,462,463,464,465,435,436,437,438,439,440,441,442,443,444,445,446,447,448,449,450,451,
482,483,484,485,486,487,488,489,490,491,492,493,494,495,496,466,467,468,469,470,471,472,473,474,475,476,477,478,479,480,481,
512,513,514,515,516,517,518,519,520,521,522,523,524,525,526,527,497,498,499,500,501,502,503,504,505,506,507,508,509,510,511,
542,543,544,545,546,547,548,549,550,551,552,553,554,555,556,557,558,528,529,530,531,532,533,534,535,536,537,538,539,540,541,
572,573,574,575,576,577,578,579,580,581,582,583,584,585,586,587,588,589,559,560,561,562,563,564,565,566,567,568,569,570,571,
602,603,604,605,606,607,608,609,610,611,612,613,614,615,616,617,618,619,620,590,591,592,593,594,595,596,597,598,599,600,601,
632,633,634,635,636,637,638,639,640,641,642,643,644,645,646,647,648,649,650,651,621,622,623,624,625,626,627,628,629,630,631,
662,663,664,665,666,667,668,669,670,671,672,673,674,675,676,677,678,679,680,681,682,652,653,654,655,656,657,658,659,660,661,
692,693,694,695,696,697,698,699,700,701,702,703,704,705,706,707,708,709,710,711,712,713,683,684,685,686,687,688,689,690,691,
722,723,724,725,726,727,728,729,730,731,732,733,734,735,736,737,738,739,740,741,742,743,744,714,715,716,717,718,719,720,721,
752,753,754,755,756,757,758,759,760,761,762,763,764,765,766,767,768,769,770,771,772,773,774,775,745,746,747,748,749,750,751,
782,783,784,785,786,787,788,789,790,791,792,793,794,795,796,797,798,799,800,801,802,803,804,805,806,776,777,778,779,780,781,
812,813,814,815,816,817,818,819,820,821,822,823,824,825,826,827,828,829,830,831,832,833,834,835,836,837,807,808,809,810,811,
842,843,844,845,846,847,848,849,850,851,852,853,854,855,856,857,858,859,860,861,862,863,864,865,866,867,868,838,839,840,841,
872,873,874,875,876,877,878,879,880,881,882,883,884,885,886,887,888,889,890,891,892,893,894,895,896,897,898,899,869,870,871,
902,903,904,905,906,907,908,909,910,911,912,913,914,915,916,917,918,919,920,921,922,923,924,925,926,927,928,929,930,900,901,
932,933,934,935,936,937,938,939,940,941,942,943,944,945,946,947,948,949,950,951,952,953,954,955,956,957,958,959,960,961,931,
45872,46368,46864,47360,47856,48352,48848,49344,49840,50336,50832,51328,51824,52320,52816,53312,53808,54304,54800,55296,55792,56288,56784,57280,57776,58272,58768,59264,59760,60256,60752,
13120,231554,233011,234468,235925,237382,238839,240296,241753,243210,244667,246124,247581,249038,250495,251952,253409,254866,256323,257780,259237,260694,7,1464,2921,4378,5835,7292,8749,10206,11663,
225214,227632,155092,157510,159928,162346,164764,167182,169600,172018,174436,176854,179272,181690,184108,186526,188944,191362,193780,196198,198616,201034,203452,205870,208288,210706,213124,215542,217960,220378,222796,
173242,176621,180000,78630,82009,85388,88767,92146,95525,98904,102283,105662,109041,112420,115799,119178,122557,125936,129315,132694,136073,139452,142831,146210,149589,152968,156347,159726,163105,166484,169863,
119348,123688,128028,132368,2168,6508,10848,15188,19528,23868,28208,32548,36888,41228,45568,49908,54248,58588,62928,67268,71608,75948,80288,84628,88968,93308,97648,101988,106328,110668,115008,
63532,68833,74134,79435,84736,187850,193151,198452,203753,209054,214355,219656,224957,230258,235559,240860,246161,251462,256763,262064,5221,10522,15823,21124,26425,31726,37027,42328,47629,52930,58231,
5794,12056,18318,24580,30842,37104,111388,117650,123912,130174,136436,142698,148960,155222,161484,167746,174008,180270,186532,192794,199056,205318,211580,217842,224104,230366,236628,242890,249152,255414,261676,
208278,215501,222724,229947,237170,244393,251616,34926,42149,49372,56595,63818,71041,78264,85487,92710,99933,107156,114379,121602,128825,136048,143271,150494,157717,164940,172163,179386,186609,193832,201055,
146696,154880,163064,171248,179432,187616,195800,203984,220608,228792,236976,245160,253344,261528,7568,15752,23936,32120,40304,48488,56672,64856,73040,81224,89408,97592,105776,113960,122144,130328,138512,
83192,92337,101482,110627,119772,128917,138062,147207,156352,144146,153291,162436,171581,180726,189871,199016,208161,217306,226451,235596,244741,253886,887,10032,19177,28322,37467,46612,55757,64902,74047,
17766,27872,37978,48084,58190,68296,78402,88508,98614,108720,67684,77790,87896,98002,108108,118214,128320,138426,148532,158638,168744,178850,188956,199062,209168,219274,229380,239486,249592,259698,7660,
212562,223629,234696,245763,256830,5753,16820,27887,38954,50021,61088,253366,2289,13356,24423,35490,46557,57624,68691,79758,90825,101892,112959,124026,135093,146160,157227,168294,179361,190428,201495,
143292,155320,167348,179376,191404,203432,215460,227488,239516,251544,1428,13456,176904,188932,200960,212988,225016,237044,249072,261100,10984,23012,35040,47068,59096,71124,83152,95180,107208,119236,131264,
72100,85089,98078,111067,124056,137045,150034,163023,176012,189001,201990,214979,227968,100442,113431,126420,139409,152398,165387,178376,191365,204354,217343,230332,243321,256310,7155,20144,33133,46122,59111,
261130,12936,26886,40836,54786,68736,82686,96636,110586,124536,138486,152436,166386,180336,23980,37930,51880,65830,79780,93730,107680,121630,135580,149530,163480,177430,191380,205330,219280,233230,247180,
186094,201005,215916,230827,245738,260649,13416,28327,43238,58149,73060,87971,102882,117793,132704,209662,224573,239484,254395,7162,22073,36984,51895,66806,81717,96628,111539,126450,141361,156272,171183,
109136,125008,140880,156752,172624,188496,204368,220240,236112,251984,5712,21584,37456,53328,69200,85072,133200,149072,164944,180816,196688,212560,228432,244304,260176,13904,29776,45648,61520,77392,93264,
30256,47089,63922,80755,97588,114421,131254,148087,164920,181753,198586,215419,232252,249085,3774,20607,37440,56738,73571,90404,107237,124070,140903,157736,174569,191402,208235,225068,241901,258734,13423,
211598,229392,247186,2836,20630,38424,56218,74012,91806,109600,127394,145188,162982,180776,198570,216364,234158,251952,242420,260214,15864,33658,51452,69246,87040,104834,122628,140422,158216,176010,193804,
128874,147629,166384,185139,203894,222649,241404,260159,16770,35525,54280,73035,91790,110545,129300,148055,166810,185565,204320,165958,184713,203468,222223,240978,259733,16344,35099,53854,72609,91364,110119,
44228,63944,83660,103376,123092,142808,162524,182240,201956,221672,241388,261104,18676,38392,58108,77824,97540,117256,136972,156688,89496,109212,128928,148644,168360,188076,207792,227508,247224,4796,24512,
219804,240481,261158,19691,40368,61045,81722,102399,123076,143753,164430,185107,205784,226461,247138,5671,26348,47025,67702,88379,109056,13034,33711,54388,75065,95742,116419,137096,157773,178450,199127,
131314,152952,174590,196228,217866,239504,261142,20636,42274,63912,85550,107188,128826,150464,172102,193740,215378,237016,258654,18148,39786,61424,198716,220354,241992,1486,23124,44762,66400,88038,109676,
40902,63501,86100,108699,131298,153897,176496,199095,221694,244293,4748,27347,49946,72545,95144,117743,140342,162941,185540,208139,230738,253337,13792,122254,144853,167452,190051,212650,235249,257848,18303,
210712,234272,257832,19248,42808,66368,89928,113488,137048,160608,184168,207728,231288,254848,16264,39824,63384,86944,110504,134064,157624,181184,204744,228304,45792,69352,92912,116472,140032,163592,187152,
116456,140977,165498,190019,214540,239061,1438,25959,50480,75001,99522,124043,148564,173085,197606,222127,246648,9025,33546,58067,82588,107109,131630,156151,180672,231474,255995,18372,42893,67414,91935,
20278,45760,71242,96724,122206,147688,173170,198652,224134,249616,12954,38436,63918,89400,114882,140364,165846,191328,216810,242292,5630,31112,56594,82076,107558,133040,155012,180494,205976,231458,256940,
184322,210765,237208,1507,27950,54393,80836,107279,133722,160165,186608,213051,239494,3793,30236,56679,83122,109565,136008,162451,188894,215337,241780,6079,32522,58965,85408,78550,104993,131436,157879,
84300,111704,139108,166512,193916,221320,248724,13984,41388,68792,96196,123600,151004,178408,205812,233216,260620,25880,53284,80688,108092,135496,162900,190304,217708,245112,10372,37776,2088,29492,56896,
244500,10721,39086,67451,95816,124181,152546,180911,209276,237641,3862,32227,60592,88957,117322,145687,174052,202417,230782,259147,25368,53733,82098,110463,138828,167193,195558,223923,252288,187770,216135,
140634,169960,199286,228612,257938,25120,54446,83772,113098,142424,171750,201076,230402,259728,26910,56236,85562,114888,144214,173540,202866,232192,261518,28700,58026,87352,116678,146004,175330,204656,111308,
87680,167488,247296,64960,144768,224576,42240,122048,201856,19520,99328,179136,258944,76608,156416,236224,53888,133696,213504,31168,110976,190784,8448,88256,168064,247872,65536,145344,225152,42816,122624,
249184,246270,237629,228988,220347,211706,203065,194424,185783,177142,168501,159860,151219,142578,133937,125296,116655,108014,99373,90732,82091,73450,64809,56168,47527,38886,30245,21604,12963,4322,257825,
210690,113600,142716,45626,210680,113590,16500,181554,84464,249518,152428,55338,220392,123302,26212,191266,94176,259230,162140,65050,230104,133014,35924,200978,103888,6798,171852,74762,239816,142726,45636,
86950,163555,240160,39162,115767,192372,6833,83438,160043,236648,51109,127714,204319,18780,95385,171990,248595,63056,139661,216266,30727,107332,183937,260542,75003,151608,228213,42674,119279,195884,10345,
140108,128264,116420,104576,197752,185908,174064,162220,150376,138532,126688,114844,103000,91156,79312,67468,55624,43780,31936,20092,8248,258548,246704,234860,223016,211172,199328,187484,175640,163796,151952,
108020,7727,169578,69285,231136,94198,256049,155756,55463,217314,117021,16728,178579,78286,240137,139844,39551,201402,101109,816,162667,62374,224225,123932,23639,185490,85197,247048,146755,46462,208313,
252830,64088,137490,210892,22150,95552,252788,64046,137448,210850,22108,95510,168912,242314,53572,126974,200376,11634,85036,158438,231840,43098,116500,189902,1160,74562,147964,221366,32624,106026,179428,
50250,35203,20156,5109,252206,237159,222112,149234,134187,119140,104093,89046,73999,58952,43905,28858,13811,260908,245861,230814,215767,200720,185673,170626,155579,140532,125485,110438,95391,80344,65297,
24568,183216,79720,238368,134872,31376,190024,86528,45680,204328,100832,259480,155984,52488,211136,107640,4144,162792,59296,217944,114448,10952,169600,66104,224752,121256,17760,176408,72912,231560,128064,
175784,245983,54038,124237,194436,2491,72690,142889,213088,204270,12325,82524,152723,222922,30977,101176,171375,241574,49629,119828,190027,260226,68281,138480,208679,16734,86933,157132,227331,35386,105585,
241754,223504,205254,187004,168754,150504,132254,114004,95754,77504,100716,82466,64216,45966,27716,9466,253360,235110,216860,198610,180360,162110,143860,125610,107360,89110,70860,52610,34360,16110,260004,
222478,115779,9080,164525,57826,213271,106572,262017,155318,48619,204064,259306,152607,45908,201353,94654,250099,143400,36701,192146,85447,240892,134193,27494,182939,76240,231685,124986,18287,173732,67033,
117956,184952,251948,56800,123796,190792,257788,62640,129636,196632,1484,68480,155752,222748,27600,94596,161592,228588,33440,100436,167432,234428,39280,106276,173272,240268,45120,112116,179112,246108,50960,
190332,168879,147426,125973,104520,83067,61614,40161,18708,259399,237946,216493,195040,52198,30745,9292,249983,228530,207077,185624,164171,142718,121265,99812,78359,56906,35453,14000,254691,233238,211785,
177462,67560,219802,109900,262142,152240,42338,194580,84678,236920,127018,17116,169358,59456,210788,100886,253128,143226,33324,185566,75664,227906,118004,8102,160344,50442,202684,92782,245024,135122,25220,
79346,143139,206932,8581,72374,136167,199960,1609,65402,129195,192988,256781,58430,122223,186016,107234,171027,234820,36469,100262,164055,227848,29497,93290,157083,220876,22525,86318,150111,213904,15553,
158128,133472,108816,84160,59504,34848,10192,247680,223024,198368,173712,149056,124400,99744,75088,50432,3680,241168,216512,191856,167200,142544,117888,93232,68576,43920,19264,256752,232096,207440,182784,
151664,38559,187598,74493,223532,110427,259466,146361,33256,182295,69190,218229,105124,254163,141058,27953,176992,162270,49165,198204,85099,234138,121033,7928,156967,43862,192901,79796,228835,115730,2625,
59954,120544,181134,241724,40170,100760,161350,221940,20386,80976,141566,202156,602,61192,121782,182372,242962,41408,58716,119306,179896,240486,38932,99522,160112,220702,19148,79738,140328,200918,261508,
145142,117283,89424,61565,33706,5847,240132,212273,184414,156555,128696,100837,72978,45119,17260,251545,223686,195827,167968,217306,189447,161588,133729,105870,78011,50152,22293,256578,228719,200860,173001,
145084,28776,174612,58304,204140,87832,233668,117360,1052,146888,30580,176416,60108,205944,89636,235472,119164,2856,148692,32384,113752,259588,143280,26972,172808,56500,202336,86028,231864,115556,261392,
59780,117167,174554,231941,27184,84571,141958,199345,256732,51975,109362,166749,224136,19379,76766,134153,191540,248927,44170,101557,158944,10198,67585,124972,182359,239746,34989,92376,149763,207150,2393,
151374,120312,89250,58188,27126,258208,227146,196084,165022,133960,102898,71836,40774,9712,240794,209732,178670,147608,116546,85484,54422,23360,168788,137726,106664,75602,44540,13478,244560,213498,182436,
157722,38211,180844,61333,203966,84455,227088,107577,250210,130699,11188,153821,34310,176943,57432,200065,80554,223187,103676,246309,126798,7287,149920,65234,207867,88356,230989,111478,254111,134600,15089,
78824,133008,187192,241376,33416,87600,141784,195968,250152,42192,96376,150560,204744,258928,50968,105152,159336,213520,5560,59744,113928,168112,222296,14336,223824,15864,70048,124232,178416,232600,24640,
176824,142559,108294,74029,39764,5499,233378,199113,164848,130583,96318,62053,27788,255667,221402,187137,152872,118607,84342,50077,15812,243691,209426,175161,140896,120270,86005,51740,17475,245354,211089,
189578,66864,206294,83580,223010,100296,239726,117012,256442,133728,11014,150444,27730,167160,44446,183876,61162,200592,77878,217308,94594,234024,111310,250740,128026,5312,16716,156146,33432,172862,50148,
117086,168067,219048,7885,58866,109847,160828,211809,646,51627,102608,153589,204570,255551,44388,95369,146350,197331,248312,37149,88130,139111,190092,241073,29910,80891,131872,175306,226287,15124,66105,
221492,184024,146556,109088,71620,34152,258828,221360,183892,146424,108956,71488,34020,258696,221228,183760,146292,108824,71356,33888,258564,221096,183628,146160,108692,71224,33756,258432,71752,34284,258960,
240652,114735,250962,125045,261272,135355,9438,145665,19748,155975,30058,166285,40368,176595,50678,186905,60988,197215,71298,207525,81608,217835,91918,228145,102228,238455,112538,248765,122848,230342,104425,
174566,222344,7978,55756,103534,151312,199090,246868,32502,80280,128058,175836,223614,9248,57026,104804,152582,200360,248138,33772,81550,129328,177106,224884,10518,58296,106074,153852,201630,249408,126788,
10416,25792,41168,56544,71920,87296,102672,118048,133424,148800,164176,179552,194928,210304,225680,241056,256432,9664,25040,40416,55792,71168,86544,101920,117296,132672,148048,163424,178800,194176,209552,
70082,25792,70959,116126,161293,206460,251627,34650,79817,124984,170151,215318,260485,43508,88675,133842,179009,224176,7199,52366,97533,142700,187867,233034,16057,61224,106391,151558,196725,241892,24915,
117798,192756,41168,116126,191084,3898,78856,153814,228772,41586,116544,191502,4316,79274,154232,229190,42004,116962,191920,4734,79692,154650,229608,42422,117380,192338,5152,80110,155068,230026,42840,
105932,210681,53286,56544,161293,3898,108647,213396,56001,160750,3355,108104,212853,55458,160207,2812,107561,212310,54915,159664,2269,107018,211767,54372,159121,1726,106475,211224,53829,158578,1183,
34484,169024,41420,175960,71920,206460,78856,213396,85792,220332,92728,227268,99664,234204,106600,241140,113536,248076,120472,255012,127408,261948,134344,6740,141280,13676,148216,20612,155152,27548,162088,
165598,67785,232116,134303,36490,87296,251627,153814,56001,220332,122519,24706,189037,91224,255555,157742,59929,224260,126447,28634,192965,95152,259483,161670,63857,228188,130375,32562,196893,99080,1267,
237130,169108,101086,33064,227186,159164,102672,34650,228772,160750,92728,24706,218828,150806,82784,14762,208884,140862,72840,4818,198940,130918,62896,257018,188996,120974,52952,247074,179052,111030,43008,
249080,210849,172618,134387,96156,57925,19694,118048,79817,41586,3355,227268,189037,150806,112575,74344,36113,260026,221795,183564,145333,107102,68871,30640,254553,216322,178091,139860,101629,63398,25167,
201448,193008,184568,176128,167688,159248,150808,142368,133424,124984,116544,108104,99664,91224,82784,74344,65904,57464,49024,40584,32144,23704,15264,6824,260528,252088,243648,235208,226768,218328,209888,
94234,115585,136936,158287,179638,200989,222340,243691,2898,148800,170151,191502,212853,234204,255555,14762,36113,57464,78815,100166,121517,142868,164219,185570,206921,228272,249623,8830,30181,51532,72883,
189582,240724,29722,80864,132006,183148,234290,23288,74430,125572,164176,215318,4316,55458,106600,157742,208884,260026,49024,100166,151308,202450,253592,42590,93732,144874,196016,247158,36156,87298,138440,
225348,44137,125070,206003,24792,105725,186658,5447,86380,167313,248246,179552,260485,79274,160207,241140,59929,140862,221795,40584,121517,202450,21239,102172,183105,1894,82827,163760,244693,63482,144415,
201532,50112,160836,9416,120140,230864,79444,190168,38748,149472,260196,108776,194928,43508,154232,2812,113536,224260,72840,183564,32144,142868,253592,102172,212896,61476,172200,20780,131504,242228,90808,
118134,258649,137020,15391,155906,34277,174792,53163,193678,72049,212564,90935,231450,210304,88675,229190,107561,248076,126447,4818,145333,23704,164219,42590,183105,61476,201991,80362,220877,99248,239763,
237298,145460,53622,223928,132090,40252,210558,118720,26882,197188,105350,13512,183818,91980,225680,133842,42004,212310,120472,28634,198940,107102,15264,185570,93732,1894,172200,80362,250668,158830,66992,
34736,234833,172786,110739,48692,248789,186742,124695,62648,601,200698,138651,76604,14557,214654,241056,179009,116962,54915,255012,192965,130918,68871,6824,206921,144874,82827,20780,220877,158830,96783,
34736,2480,232368,200112,167856,135600,103344,71088,38832,6576,236464,204208,171952,139696,107440,75184,256432,224176,191920,159664,127408,95152,62896,30640,260528,228272,196016,163760,131504,99248,66992,
237298,234833,232368,229903,227438,224973,222508,220043,217578,215113,212648,210183,207718,205253,202788,200323,197858,9664,7199,4734,2269,261948,259483,257018,254553,252088,249623,247158,244693,242228,239763,
118134,145460,172786,200112,227438,254764,19946,47272,74598,101924,129250,156576,183902,211228,238554,3736,31062,58388,25040,52366,79692,107018,134344,161670,188996,216322,243648,8830,36156,63482,90808,
201532,258649,53622,110739,167856,224973,19946,77063,134180,191297,248414,43387,100504,157621,214738,9711,66828,123945,181062,40416,97533,154650,211767,6740,63857,120974,178091,235208,30181,87298,144415,
225348,50112,137020,223928,48692,135600,222508,47272,134180,221088,45852,132760,219668,44432,131340,218248,43012,129920,216828,41592,55792,142700,229608,54372,141280,228188,52952,139860,226768,51532,138440,
189582,44137,160836,15391,132090,248789,103344,220043,74598,191297,45852,162551,17106,133805,250504,105059,221758,76313,193012,47567,164266,71168,187867,42422,159121,13676,130375,247074,101629,218328,72883,
94234,240724,125070,9416,155906,40252,186742,71088,217578,101924,248414,132760,17106,163596,47942,194432,78778,225268,109614,256104,140450,24796,86544,233034,117380,1726,148216,32562,179052,63398,209888,
201448,115585,29722,206003,120140,34277,210558,124695,38832,215113,129250,43387,219668,133805,47942,224223,138360,52497,228778,142915,57052,233333,147470,101920,16057,192338,106475,20612,196893,111030,25167,
249080,193008,136936,80864,24792,230864,174792,118720,62648,6576,212648,156576,100504,44432,250504,194432,138360,82288,26216,232288,176216,120144,64072,8000,117296,61224,5152,211224,155152,99080,43008,
237130,210849,184568,158287,132006,105725,79444,53163,26882,601,236464,210183,183902,157621,131340,105059,78778,52497,26216,262079,235798,209517,183236,156955,130674,132672,106391,80110,53829,27548,1267,
165598,169108,172618,176128,179638,183148,186658,190168,193678,197188,200698,204208,207718,211228,214738,218248,221758,225268,228778,232288,235798,239308,242818,246328,249838,253348,148048,151558,155068,158578,162088,
34484,67785,101086,134387,167688,200989,234290,5447,38748,72049,105350,138651,171952,205253,238554,9711,43012,76313,109614,142915,176216,209517,242818,13975,47276,80577,113878,163424,196725,230026,1183,
105932,169024,232116,33064,96156,159248,222340,23288,86380,149472,212564,13512,76604,139696,202788,3736,66828,129920,193012,256104,57052,120144,183236,246328,47276,110368,173460,236552,178800,241892,42840,
117798,210681,41420,134303,227186,57925,150808,243691,74430,167313,260196,90935,183818,14557,107440,200323,31062,123945,216828,47567,140450,233333,64072,156955,249838,80577,173460,4199,97082,194176,24915,
70082,192756,53286,175960,36490,159164,19694,142368,2898,125572,248246,108776,231450,91980,214654,75184,197858,58388,181062,41592,164266,24796,147470,8000,130674,253348,113878,236552,97082,219756,209552,
147712,67232,248896,168416,87936,7456,189120,108640,28160,209824,129344,48864,230528,150048,69568,251232,170752,90272,9792,191456,110976,30496,212160,131680,51200,232864,152384,71904,253568,173088,92608,
862,320,61505,122690,183875,245060,44101,105286,166471,227656,26697,87882,149067,210252,9293,70478,131663,192848,254033,53074,114259,175444,236629,35670,96855,158040,219225,18266,79451,140636,201821,
230554,171260,115072,55778,258628,199334,140040,80746,21452,224302,165008,105714,46420,249270,189976,130682,71388,12094,214944,155650,96356,37062,239912,180618,121324,62030,2736,205586,146292,86998,27704,
176916,259287,79514,229824,50051,132422,214793,35020,117391,199762,19989,102360,184731,4958,87329,169700,252071,72298,154669,237040,57267,139638,222009,42236,124607,206978,27205,109576,191947,12174,94545,
102092,63984,25876,249912,82432,44324,6216,230252,192144,154036,115928,77820,39712,1604,225640,187532,149424,111316,73208,35100,259136,221028,182920,144812,106704,68596,30488,254524,216416,178308,140200,
6082,109639,213196,54609,158166,197184,38597,142154,245711,87124,190681,32094,135651,239208,80621,184178,25591,129148,232705,74118,177675,19088,122645,226202,67615,171172,12585,116142,219699,61112,164669,
151030,134108,117186,100264,83342,66420,49792,32870,15948,261170,244248,227326,210404,193482,176560,159638,142716,125794,108872,91950,75028,58106,41184,24262,7340,252562,235640,218718,201796,184874,167952,
12648,137391,262134,124733,249476,112075,236818,164544,27143,151886,14485,139228,1827,126570,251313,113912,238655,101254,225997,88596,213339,75938,200681,63280,188023,50622,175365,37964,162707,25306,150049,
115224,119488,123752,128016,132280,136544,140808,145072,17152,21416,25680,29944,34208,38472,42736,47000,51264,55528,59792,64056,68320,72584,76848,81112,85376,89640,93904,98168,102432,106696,110960,
196614,80399,226328,110113,256042,139827,23612,169541,53326,131904,15689,161618,45403,191332,75117,221046,104831,250760,134545,18330,164259,48044,193973,77758,223687,107472,253401,137186,20971,166900,50685,
256818,20124,45574,71024,96474,121924,147374,172824,198274,223724,246656,9962,35412,60862,86312,111762,137212,162662,188112,213562,239012,2318,27768,53218,78668,104118,129568,155018,180468,205918,231368,
33692,200807,105778,10749,177864,82835,249950,154921,59892,227007,131978,99264,4235,171350,76321,243436,148407,53378,220493,125464,30435,197550,102521,7492,174607,79578,246693,151664,56635,223750,128721,
51524,98160,144796,191432,238068,22560,69196,115832,162468,209104,255740,40232,214016,260652,45144,91780,138416,185052,231688,16180,62816,109452,156088,202724,249360,33852,80488,127124,173760,220396,4888,
48170,236471,162628,88785,14942,203243,129400,55557,243858,170015,96172,22329,210630,66624,254925,181082,107239,33396,221697,147854,74011,168,188469,114626,40783,229084,155241,81398,7555,195856,122013,
23630,91452,159274,227096,32774,100596,168418,236240,41918,109740,177562,245384,51062,118884,181376,249198,54876,122698,190520,258342,64020,131842,199664,5342,73164,140986,208808,14486,82308,150130,217952,
240048,187391,134734,82077,29420,238907,186250,133593,80936,28279,237766,185109,132452,79795,27138,33984,243471,190814,138157,85500,32843,242330,189673,137016,84359,31702,241189,188532,135875,83218,30561,
173136,0,89008,178016,4880,93888,182896,9760,98768,187776,14640,103648,192656,19520,108528,197536,148736,237744,64608,153616,242624,69488,158496,247504,74368,163376,252384,79248,168256,257264,84128,
85038,53567,22096,252769,221298,189827,158356,126885,95414,63943,32472,1001,231674,200203,168732,137261,105790,1344,232017,200546,169075,137604,106133,74662,43191,11720,242393,210922,179451,147980,116509,
237898,85948,196142,44192,154386,2436,112630,222824,70874,181068,29118,139312,249506,97556,207750,55800,165994,14044,116096,226290,74340,184534,32584,142778,252972,101022,211216,59266,169460,17510,127704,
107428,97143,86858,76573,66288,56003,45718,35433,25148,14863,4578,256437,246152,235867,225582,215297,205012,194727,184442,230848,220563,210278,199993,189708,179423,169138,158853,148568,138283,127998,117713,
217916,87152,218532,87768,219148,88384,219764,89000,220380,89616,220996,90232,221612,90848,222228,91464,222844,92080,223460,92696,83456,214836,84072,215452,84688,216068,85304,216684,85920,217300,86536,
45074,55975,66876,77777,88678,99579,110480,121381,132282,143183,154084,164985,175886,186787,197688,208589,219490,230391,241292,252193,950,198208,209109,220010,230911,241812,252713,1470,12371,23272,34173,
113190,3612,156178,46600,199166,89588,242154,132576,22998,175564,65986,218552,108974,261540,151962,42384,194950,85372,237938,128360,18782,171348,50816,203382,93804,246370,136792,27214,179780,70202,222768,
160120,192207,224294,256381,26324,58411,90498,122585,154672,186759,218846,250933,20876,52963,85050,117137,149224,181311,213398,245485,15428,47515,79602,165568,197655,229742,261829,31772,63859,95946,128033,
185864,97472,9080,182832,94440,6048,179800,91408,3016,176768,88376,262128,173736,85344,259096,170704,82312,256064,167672,79280,253032,164640,76248,250000,18176,191928,103536,15144,188896,100504,12112,
190422,243695,34824,88097,141370,194643,247916,39045,92318,145591,198864,252137,43266,96539,149812,203085,256358,47487,100760,154033,207306,260579,51708,104981,158254,132928,186201,239474,30603,83876,137149,
173794,106588,39382,234320,167114,99908,32702,227640,160434,93228,26022,220960,153754,86548,19342,214280,147074,79868,12662,207600,140394,73188,5982,200920,133714,66508,247680,180474,113268,46062,241000,
135980,210439,22754,97213,171672,246131,58446,132905,207364,19679,94138,168597,243056,55371,129830,204289,16604,91063,165522,239981,52296,126755,201214,13529,87988,162447,236906,100288,174747,249206,61521,
76980,30960,247084,201064,155044,109024,63004,16984,233108,187088,141068,95048,49028,3008,219132,173112,127092,81072,35052,251176,205156,159136,113116,67096,21076,237200,191180,145160,215040,169020,123000,
258938,92439,188084,21585,117230,212875,46376,142021,237666,71167,166812,313,95958,191603,25104,120749,216394,49895,145540,241185,74686,170331,3832,99477,195122,28623,124268,219913,53414,67648,163293,
157566,132732,107898,83064,58230,33396,8562,245872,221038,196204,171370,146536,121702,96868,72034,47200,22366,259676,234842,210008,185174,160340,135506,110672,85838,61004,36170,11336,248646,223812,182400,
202220,216666,231112,245558,260004,12306,26752,41198,55644,70090,84536,98982,113428,127874,142320,156766,171212,185658,200104,214550,228996,243442,257888,10190,24636,39082,53528,67974,82420,96866,111312,
126688,216666,231143,245620,260097,12430,26907,41384,55861,70338,84815,99292,113769,128246,142723,157200,171677,186154,200631,215108,229585,244062,258539,10872,25349,39826,54303,68780,83257,97734,112211,
127556,142064,231112,245620,260128,12492,27000,41508,56016,70524,85032,99540,114048,128556,143064,157572,172080,186588,201096,215604,230112,244620,259128,11492,26000,40508,55016,69524,84032,98540,113048,
128362,142901,157440,245558,260097,12492,27031,41570,56109,70648,85187,99726,114265,128804,143343,157882,172421,186960,201499,216038,230577,245116,259655,12050,26589,41128,55667,70206,84745,99284,113823,
129106,143676,158246,172816,260004,12430,27000,41570,56140,70710,85280,99850,114420,128990,143560,158130,172700,187270,201840,216410,230980,245550,260120,12546,27116,41686,56256,70826,85396,99966,114536,
129788,144389,158990,173591,188192,12306,26907,41508,56109,70710,85311,99912,114513,129114,143715,158316,172917,187518,202119,216720,231321,245922,260523,12980,27581,42182,56783,71384,85985,100586,115187,
130408,145040,159672,174304,188936,203568,26752,41384,56016,70648,85280,99912,114544,129176,143808,158440,173072,187704,202336,216968,231600,246232,260864,13352,27984,42616,57248,71880,86512,101144,115776,
130966,145629,160292,174955,189618,204281,218944,41198,55861,70524,85187,99850,114513,129176,143839,158502,173165,187828,202491,217154,231817,246480,261143,13662,28325,42988,57651,72314,86977,101640,116303,
131462,146156,160850,175544,190238,204932,219626,234320,55644,70338,85032,99726,114420,129114,143808,158502,173196,187890,202584,217278,231972,246666,261360,13910,28604,43298,57992,72686,87380,102074,116768,
131896,146621,161346,176071,190796,205521,220246,234971,249696,70090,84815,99540,114265,128990,143715,158440,173165,187890,202615,217340,232065,246790,261515,14096,28821,43546,58271,72996,87721,102446,117171,
132268,147024,161780,176536,191292,206048,220804,235560,250316,2928,84536,99292,114048,128804,143560,158316,173072,187828,202584,217340,232096,246852,261608,14220,28976,43732,58488,73244,88000,102756,117512,
132578,147365,162152,176939,191726,206513,221300,236087,250874,3517,18304,98982,113769,128556,143343,158130,172917,187704,202491,217278,232065,246852,261639,14282,29069,43856,58643,73430,88217,103004,117791,
132826,147644,162462,177280,192098,206916,221734,236552,251370,4044,18862,33680,113428,128246,143064,157882,172700,187518,202336,217154,231972,246790,261608,14282,29100,43918,58736,73554,88372,103190,118008,
133012,147861,162710,177559,192408,207257,222106,236955,251804,4509,19358,34207,49056,127874,142723,157572,172421,187270,202119,216968,231817,246666,261515,14220,29069,43918,58767,73616,88465,103314,118163,
133136,148016,162896,177776,192656,207536,222416,237296,252176,4912,19792,34672,49552,64432,142320,157200,172080,186960,201840,216720,231600,246480,261360,14096,28976,43856,58736,73616,88496,103376,118256,
133198,148109,163020,177931,192842,207753,222664,237575,252486,5253,20164,35075,49986,64897,79808,156766,171677,186588,201499,216410,231321,246232,261143,13910,28821,43732,58643,73554,88465,103376,118287,
133198,148140,163082,178024,192966,207908,222850,237792,252734,5532,20474,35416,50358,65300,80242,95184,171212,186154,201096,216038,230980,245922,260864,13662,28604,43546,58488,73430,88372,103314,118256,
133136,148109,163082,178055,193028,208001,222974,237947,252920,5749,20722,35695,50668,65641,80614,95587,110560,185658,200631,215604,230577,245550,260523,13352,28325,43298,58271,73244,88217,103190,118163,
133012,148016,163020,178024,193028,208032,223036,238040,253044,5904,20908,35912,50916,65920,80924,95928,110932,125936,200104,215108,230112,245116,260120,12980,27984,42988,57992,72996,88000,103004,118008,
132826,147861,162896,177931,192966,208001,223036,238071,253106,5997,21032,36067,51102,66137,81172,96207,111242,126277,141312,214550,229585,244620,259655,12546,27581,42616,57651,72686,87721,102756,117791,
132578,147644,162710,177776,192842,207908,222974,238040,253106,6028,21094,36160,51226,66292,81358,96424,111490,126556,141622,156688,228996,244062,259128,12050,27116,42182,57248,72314,87380,102446,117512,
132268,147365,162462,177559,192656,207753,222850,237947,253044,5997,21094,36191,51288,66385,81482,96579,111676,126773,141870,156967,172064,243442,258539,11492,26589,41686,56783,71880,86977,102074,117171,
131896,147024,162152,177280,192408,207536,222664,237792,252920,5904,21032,36160,51288,66416,81544,96672,111800,126928,142056,157184,172312,187440,257888,10872,26000,41128,56256,71384,86512,101640,116768,
131462,146621,161780,176939,192098,207257,222416,237575,252734,5749,20908,36067,51226,66385,81544,96703,111862,127021,142180,157339,172498,187657,202816,10190,25349,40508,55667,70826,85985,101144,116303,
130966,146156,161346,176536,191726,206916,222106,237296,252486,5532,20722,35912,51102,66292,81482,96672,111862,127052,142242,157432,172622,187812,203002,218192,24636,39826,55016,70206,85396,100586,115776,
130408,145629,160850,176071,191292,206513,221734,236955,252176,5253,20474,35695,50916,66137,81358,96579,111800,127021,142242,157463,172684,187905,203126,218347,233568,39082,54303,69524,84745,99966,115187,
129788,145040,160292,175544,190796,206048,221300,236552,251804,4912,20164,35416,50668,65920,81172,96424,111676,126928,142180,157432,172684,187936,203188,218440,233692,248944,53528,68780,84032,99284,114536,
129106,144389,159672,174955,190238,205521,220804,236087,251370,4509,19792,35075,50358,65641,80924,96207,111490,126773,142056,157339,172622,187905,203188,218471,233754,249037,2176,67974,83257,98540,113823,
128362,143676,158990,174304,189618,204932,220246,235560,250874,4044,19358,34672,49986,65300,80614,95928,111242,126556,141870,157184,172498,187812,203126,218440,233754,249068,2238,17552,82420,97734,113048,
127556,142901,158246,173591,188936,204281,219626,234971,250316,3517,18862,34207,49552,64897,80242,95587,110932,126277,141622,156967,172312,187657,203002,218347,233692,249037,2238,17583,32928,96866,112211,
126688,142064,157440,172816,188192,203568,218944,234320,249696,2928,18304,33680,49056,64432,79808,95184,110560,125936,141312,156688,172064,187440,202816,218192,233568,248944,2176,17552,32928,48304,111312,
146116,25126,166280,45290,186444,65454,206608,85618,226772,105782,246936,125946,4956,146110,25120,166274,45284,186438,65448,206602,85612,226766,105776,246930,125940,4950,146104,25114,166268,45278,186432,
105952,92038,171145,250252,67215,146322,225429,42392,121499,200606,17569,96676,175783,254890,71853,150960,230067,47030,126137,205244,22207,101314,180421,259528,76491,155598,234705,51668,130775,209882,26845,
8412,25472,37960,55020,72080,89140,106200,123260,140320,157380,174440,191500,208560,225620,242680,259740,14656,31716,48776,65836,82896,99956,117016,134076,151136,168196,185256,202316,219376,236436,253496,
34966,252123,207136,246026,201039,156052,111065,66078,21091,238248,193261,148274,103287,58300,13313,230470,185483,140496,95509,50522,5535,222692,177705,132718,87731,42744,259901,214914,169927,124940,79953,
185614,78580,233690,126656,191948,84914,240024,132990,25956,181066,74032,229142,122108,15074,170184,63150,218260,111226,4192,159302,52268,207378,100344,255454,148420,41386,196496,89462,244572,137538,30504,
198212,29131,122194,215257,46176,137870,230933,61852,154915,247978,78897,171960,2879,95942,189005,19924,112987,206050,36969,130032,223095,54014,147077,240140,71059,164122,257185,88104,181167,12086,105149,
72760,103776,134792,165808,196824,227840,83792,114808,145824,176840,207856,238872,7744,38760,69776,100792,131808,162824,193840,224856,255872,24744,55760,86776,117792,148808,179824,210840,241856,10728,41744,
71402,40371,9340,240453,209422,178391,147360,29714,260827,229796,198765,167734,136703,105672,74641,43610,12579,243692,212661,181630,150599,119568,88537,57506,26475,257588,226557,195526,164495,133464,102433,
194138,101060,7982,177048,83970,253036,159958,66880,237780,144702,51624,220690,127612,34534,203600,110522,17444,186510,93432,354,169420,76342,245408,152330,59252,228318,135240,42162,211228,118150,25072,
178824,23699,130718,237737,82612,189631,34506,141525,248544,183702,28577,135596,242615,87490,194509,39384,146403,253422,98297,205316,50191,157210,2085,109104,216123,60998,168017,12892,119911,226930,71805,
25460,70432,115404,160376,205348,250320,33148,78120,123092,168064,129624,174596,219568,2396,47368,92340,137312,182284,227256,10084,55056,100028,145000,189972,234944,17772,62744,107716,152688,197660,242632,
258334,241259,224184,207109,190034,172959,155884,138809,121734,104659,87584,75546,58471,41396,24321,7246,252315,235240,218165,201090,184015,166940,149865,132790,115715,98640,81565,64490,47415,30340,13265,
91014,11892,194914,115792,36670,219692,140570,61448,244470,165348,86226,7104,21468,204490,125368,46246,229268,150146,71024,254046,174924,95802,16680,199702,120580,41458,224480,145358,66236,249258,170136,
47788,168763,27594,148569,7400,128375,249350,108181,229156,87987,208962,67793,188768,229534,88365,209340,68171,189146,47977,168952,27783,148758,7589,128564,249539,108370,229345,88176,209151,67982,188957,
128656,187584,246512,43296,102224,161152,220080,16864,75792,134720,193648,252576,49360,108288,175456,234384,31168,90096,149024,207952,4736,63664,122592,181520,240448,37232,96160,155088,214016,10800,69728,
71474,68355,65236,62117,58998,55879,52760,49641,46522,43403,40284,37165,34046,30927,27808,121378,118259,115140,112021,108902,105783,102664,99545,96426,93307,90188,87069,83950,80831,77712,74593,
138386,73220,8054,205032,139866,74700,9534,206512,141346,76180,11014,207992,142826,77660,12494,209472,67300,2134,199112,133946,68780,3614,200592,135426,70260,5094,202072,136906,71740,6574,203552,
67248,202179,74966,209897,82684,217615,90402,225333,98120,233051,105838,240769,113556,248487,121274,256205,128992,13222,148153,20940,155871,28658,163589,36376,171307,44094,179025,51812,186743,59530,194461,
120204,193088,3828,76712,149596,222480,33220,106104,178988,251872,62612,135496,208380,19120,92004,164888,237772,48512,221288,32028,104912,177796,250680,61420,134304,207188,17928,90812,163696,236580,47320,
35110,45947,56784,67621,78458,89295,100132,110969,121806,132643,143480,154317,165154,175991,186828,197665,208502,219339,230176,167210,178047,188884,199721,210558,221395,232232,243069,253906,2599,13436,24273,
74110,22900,233834,182624,131414,80204,28994,239928,188718,137508,86298,35088,246022,194812,143602,92392,41182,252116,200906,149696,113132,61922,10712,221646,170436,119226,68016,16806,227740,176530,125320,
237204,123947,10690,159577,46320,195207,81950,230837,117580,4323,153210,39953,188840,75583,224470,111213,260100,146843,33586,182473,69216,59054,207941,94684,243571,130314,17057,165944,52687,201574,88317,
104,86944,173784,260624,85320,172160,259000,83696,170536,257376,82072,168912,255752,80448,167288,254128,78824,165664,252504,77200,164040,250880,4976,91816,178656,3352,90192,177032,1728,88568,175408,
149242,174035,198828,223621,248414,11063,35856,60649,85442,110235,135028,159821,184614,209407,234200,258993,21642,46435,71228,96021,120814,145607,170400,213042,237835,484,25277,50070,74863,99656,124449,
160330,123076,85822,48568,11314,236204,198950,161696,124442,87188,49934,12680,237570,200316,163062,125808,88554,51300,14046,238936,201682,164428,127174,89920,158964,121710,84456,47202,9948,234838,197584,
33368,196211,96910,259753,160452,61151,223994,124693,25392,188235,88934,251777,152476,53175,216018,116717,17416,180259,80958,243801,144500,45199,208042,108741,9440,104886,5585,168428,69127,231970,132669,
30500,131296,232092,70744,171540,10192,110988,211784,50436,151232,252028,90680,191476,30128,130924,231720,70372,171168,9820,110616,211412,50064,150860,251656,90308,191104,50808,151604,252400,91052,191848,
151726,190475,229224,5829,44578,83327,122076,160825,199574,238323,14928,53677,92426,131175,169924,208673,247422,24027,62776,101525,140274,179023,217772,256521,33126,71875,110624,258874,35479,74228,112977,
134902,111604,88306,65008,41710,18412,257258,233960,210662,187364,164066,140768,117470,94172,70874,47576,24278,980,239826,216528,193230,169932,146634,123336,100038,76740,53442,30144,204796,181498,158200,
242172,156827,71482,248281,162936,77591,254390,169045,83700,260499,175154,89809,4464,181263,95918,10573,187372,102027,16682,193481,108136,22791,199590,114245,28900,205699,120354,35009,211808,150718,65373,
211392,64000,178752,31360,146112,260864,113472,228224,80832,195584,48192,162944,15552,130304,245056,97664,212416,65024,179776,32384,147136,261888,114496,229248,81856,196608,49216,163968,16576,131328,96640,
45872,231554,155092,78630,2168,187850,111388,34926,220608,144146,67684,253366,176904,100442,23980,209662,133200,56738,242420,165958,89496,13034,198716,122254,45792,231474,155012,78550,2088,187770,111308,
140634,46368,233011,157510,82009,6508,193151,117650,42149,228792,153291,77790,2289,188932,113431,37930,224573,149072,73571,260214,184713,109212,33711,220354,144853,69352,255995,180494,104993,29492,216135,
244500,169960,46864,234468,159928,85388,10848,198452,123912,49372,236976,162436,87896,13356,200960,126420,51880,239484,164944,90404,15864,203468,128928,54388,241992,167452,92912,18372,205976,131436,56896,
84300,10721,199286,47360,235925,162346,88767,15188,203753,130174,56595,245160,171581,98002,24423,212988,139409,65830,254395,180816,107237,33658,222223,148644,75065,1486,190051,116472,42893,231458,157879,
184322,111704,39086,228612,47856,237382,164764,92146,19528,209054,136436,63818,253344,180726,108108,35490,225016,152398,79780,7162,196688,124070,51452,240978,168360,95742,23124,212650,140032,67414,256940,
20278,210765,139108,67451,257938,48352,238839,167182,95525,23868,214355,142698,71041,261528,189871,118214,46557,237044,165387,93730,22073,212560,140903,69246,259733,188076,116419,44762,235249,163592,91935,
116456,45760,237208,166512,95816,25120,48848,240296,169600,98904,28208,219656,148960,78264,7568,199016,128320,57624,249072,178376,107680,36984,228432,157736,87040,16344,207792,137096,66400,257848,187152,
210712,140977,71242,1507,193916,124181,54446,49344,241753,172018,102283,32548,224957,155222,85487,15752,208161,138426,68691,261100,191365,121630,51895,244304,174569,104834,35099,227508,157773,88038,18303,
40902,234272,165498,96724,27950,221320,152546,83772,49840,243210,174436,105662,36888,230258,161484,92710,23936,217306,148532,79758,10984,204354,135580,66806,260176,191402,122628,53854,247224,178450,109676,
131314,63501,257832,190019,122206,54393,248724,180911,113098,50336,244667,176854,109041,41228,235559,167746,99933,32120,226451,158638,90825,23012,217343,149530,81717,13904,208235,140422,72609,4796,199127,
219804,152952,86100,19248,214540,147688,80836,13984,209276,142424,50832,246124,179272,112420,45568,240860,174008,107156,40304,235596,168744,101892,35040,230332,163480,96628,29776,225068,158216,91364,24512,
44228,240481,174590,108699,42808,239061,173170,107279,41388,237641,171750,51328,247581,181690,115799,49908,246161,180270,114379,48488,244741,178850,112959,47068,243321,177430,111539,45648,241901,176010,110119,
128874,63944,261158,196228,131298,66368,1438,198652,133722,68792,3862,201076,51824,249038,184108,119178,54248,251462,186532,121602,56672,253886,188956,124026,59096,256310,191380,126450,61520,258734,193804,
211598,147629,83660,19691,217866,153897,89928,25959,224134,160165,96196,32227,230402,52320,250495,186526,122557,58588,256763,192794,128825,64856,887,199062,135093,71124,7155,205330,141361,77392,13423,
30256,229392,166384,103376,40368,239504,176496,113488,50480,249616,186608,123600,60592,259728,52816,251952,188944,125936,62928,262064,199056,136048,73040,10032,209168,146160,83152,20144,219280,156272,93264,
109136,47089,247186,185139,123092,61045,261142,199095,137048,75001,12954,213051,151004,88957,26910,53312,253409,191362,129315,67268,5221,205318,143271,81224,19177,219274,157227,95180,33133,233230,171183,
186094,125008,63922,2836,203894,142808,81722,20636,221694,160608,99522,38436,239494,178408,117322,56236,53808,254866,193780,132694,71608,10522,211580,150494,89408,28322,229380,168294,107208,46122,247180,
261130,201005,140880,80755,20630,222649,162524,102399,42274,244293,184168,124043,63918,3793,205812,145687,85562,54304,256323,196198,136073,75948,15823,217842,157717,97592,37467,239486,179361,119236,59111,
72100,12936,215916,156752,97588,38424,241404,182240,123076,63912,4748,207728,148564,89400,30236,233216,174052,114888,54800,257780,198616,139452,80288,21124,224104,164940,105776,46612,249592,190428,131264,
143292,85089,26886,230827,172624,114421,56218,260159,201956,143753,85550,27347,231288,173085,114882,56679,260620,202417,144214,55296,259237,201034,142831,84628,26425,230366,172163,113960,55757,259698,201495,
212562,155320,98078,40836,245738,188496,131254,74012,16770,221672,164430,107188,49946,254848,197606,140364,83122,25880,230782,173540,55792,260694,203452,146210,88968,31726,236628,179386,122144,64902,7660,
17766,223629,167348,111067,54786,260649,204368,148087,91806,35525,241388,185107,128826,72545,16264,222127,165846,109565,53284,259147,202866,56288,7,205870,149589,93308,37027,242890,186609,130328,74047,
83192,27872,234696,179376,124056,68736,13416,220240,164920,109600,54280,261104,205784,150464,95144,39824,246648,191328,136008,80688,25368,232192,56784,1464,208288,152968,97648,42328,249152,193832,138512,
146696,92337,37978,245763,191404,137045,82686,28327,236112,181753,127394,73035,18676,226461,172102,117743,63384,9025,216810,162451,108092,53733,261518,57280,2921,210706,156347,101988,47629,255414,201055,
208278,154880,101482,48084,256830,203432,150034,96636,43238,251984,198586,145188,91790,38392,247138,193740,140342,86944,33546,242292,188894,135496,82098,28700,57776,4378,213124,159726,106328,52930,261676,
5794,215501,163064,110627,58190,5753,215460,163023,110586,58149,5712,215419,162982,110545,58108,5671,215378,162941,110504,58067,5630,215337,162900,110463,58026,58272,5835,215542,163105,110668,58231,
63532,12056,222724,171248,119772,68296,16820,227488,176012,124536,73060,21584,232252,180776,129300,77824,26348,237016,185540,134064,82588,31112,241780,190304,138828,87352,58768,7292,217960,166484,115008,
119348,68833,18318,229947,179432,128917,78402,27887,239516,189001,138486,87971,37456,249085,198570,148055,97540,47025,258654,208139,157624,107109,56594,6079,217708,167193,116678,59264,8749,220378,169863,
173242,123688,74134,24580,237170,187616,138062,88508,38954,251544,201990,152436,102882,53328,3774,216364,166810,117256,67702,18148,230738,181184,131630,82076,32522,245112,195558,146004,59760,10206,222796,
225214,176621,128028,79435,30842,244393,195800,147207,98614,50021,1428,214979,166386,117793,69200,20607,234158,185565,136972,88379,39786,253337,204744,156151,107558,58965,10372,223923,175330,60256,11663,
13120,227632,180000,132368,84736,37104,251616,203984,156352,108720,61088,13456,227968,180336,132704,85072,37440,251952,204320,156688,109056,61424,13792,228304,180672,133040,85408,37776,252288,204656,60752,
147712,320,115072,229824,82432,197184,49792,164544,17152,131904,246656,99264,214016,66624,181376,33984,148736,1344,116096,230848,83456,198208,50816,165568,18176,132928,247680,100288,215040,67648,182400,
157566,67232,61505,55778,50051,44324,38597,32870,27143,21416,15689,9962,4235,260652,254925,249198,243471,237744,232017,226290,220563,214836,209109,203382,197655,191928,186201,180474,174747,169020,163293,
258938,132732,248896,122690,258628,132422,6216,142154,15948,151886,25680,161618,35412,171350,45144,181082,54876,190814,64608,200546,74340,210278,84072,220010,93804,229742,103536,239474,113268,249206,123000,
76980,92439,107898,168416,183875,199334,214793,230252,245711,261170,14485,29944,45403,60862,76321,91780,107239,122698,138157,153616,169075,184534,199993,215452,230911,246370,261829,15144,30603,46062,61521,
135980,30960,188084,83064,87936,245060,140040,35020,192144,87124,244248,139228,34208,191332,86312,243436,138416,33396,190520,85500,242624,137604,32584,189708,84688,241812,136792,31772,188896,83876,241000,
173794,210439,247084,21585,58230,7456,44101,80746,117391,154036,190681,227326,1827,38472,75117,111762,148407,185052,221697,258342,32843,69488,106133,142778,179423,216068,252713,27214,63859,100504,137149,
190422,106588,22754,201064,117230,33396,189120,105286,21452,199762,115928,32094,210404,126570,42736,221046,137212,53378,231688,147854,64020,242330,158496,74662,252972,169138,85304,1470,179780,95946,12112,
185864,243695,39382,97213,155044,212875,8562,108640,166471,224302,19989,77820,135651,193482,251313,47000,104831,162662,220493,16180,74011,131842,189673,247504,43191,101022,158853,216684,12371,70202,128033,
160120,97472,34824,234320,171672,109024,46376,245872,28160,227656,165008,102360,39712,239208,176560,113912,51264,250760,188112,125464,62816,168,199664,137016,74368,11720,211216,148568,85920,23272,222768,
113190,192207,9080,88097,167114,246131,63004,142021,221038,209824,26697,105714,184731,1604,80621,159638,238655,55528,134545,213562,30435,109452,188469,5342,84359,163376,242393,59266,138283,217300,34173,
45074,3612,224294,182832,141370,99908,58446,16984,237666,196204,129344,87882,46420,4958,225640,184178,142716,101254,59792,18330,239012,197550,156088,114626,73164,31702,252384,210922,169460,127998,86536,
217916,55975,156178,256381,94440,194643,32702,132905,233108,71167,171370,48864,149067,249270,87329,187532,25591,125794,225997,64056,164259,2318,102521,202724,40783,140986,241189,79248,179451,17510,117713,
107428,87152,66876,46600,26324,6048,247916,227640,207364,187088,166812,146536,230528,210252,189976,169700,149424,129148,108872,88596,68320,48044,27768,7492,249360,229084,208808,188532,168256,147980,127704,
237898,97143,218532,77777,199166,58411,179800,39045,160434,19679,141068,313,121702,150048,9293,130682,252071,111316,232705,91950,213339,72584,193973,53218,174607,33852,155241,14486,135875,257264,116509,
85038,85948,86858,87768,88678,89588,90498,91408,92318,93228,94138,95048,95958,96868,69568,70478,71388,72298,73208,74118,75028,75938,76848,77758,78668,79578,80488,81398,82308,83218,84128,
173136,53567,196142,76573,219148,99579,242154,122585,3016,145591,26022,168597,49028,191603,72034,251232,131663,12094,154669,35100,177675,58106,200681,81112,223687,104118,246693,127124,7555,150130,30561,
240048,0,22096,44192,66288,88384,110480,132576,154672,176768,198864,220960,243056,3008,25104,47200,170752,192848,214944,237040,259136,19088,41184,63280,85376,107472,129568,151664,173760,195856,217952,
23630,187391,89008,252769,154386,56003,219764,121381,22998,186759,88376,252137,153754,55371,219132,120749,22366,90272,254033,155650,57267,221028,122645,24262,188023,89640,253401,155018,56635,220396,122013,
48170,91452,134734,178016,221298,2436,45718,89000,132282,175564,218846,262128,43266,86548,129830,173112,216394,259676,9792,53074,96356,139638,182920,226202,7340,50622,93904,137186,180468,223750,4888,
51524,236471,159274,82077,4880,189827,112630,35433,220380,143183,65986,250933,173736,96539,19342,204289,127092,49895,234842,191456,114259,37062,222009,144812,67615,252562,175365,98168,20971,205918,128721,
33692,98160,162628,227096,29420,93888,158356,222824,25148,89616,154084,218552,20876,85344,149812,214280,16604,81072,145540,210008,110976,175444,239912,42236,106704,171172,235640,37964,102432,166900,231368,
256818,200807,144796,88785,32774,238907,182896,126885,70874,14863,220996,164985,108974,52963,259096,203085,147074,91063,35052,241185,185174,30496,236629,180618,124607,68596,12585,218718,162707,106696,50685,
196614,20124,105778,191432,14942,100596,186250,9760,95414,181068,4578,90232,175886,261540,85050,170704,256358,79868,165522,251176,74686,160340,212160,35670,121324,206978,30488,116142,201796,25306,110960,
115224,80399,45574,10749,238068,203243,168418,133593,98768,63943,29118,256437,221612,186787,151962,117137,82312,47487,12662,239981,205156,170331,135506,131680,96855,62030,27205,254524,219699,184874,150049,
12648,119488,226328,71024,177864,22560,129400,236240,80936,187776,32472,139312,246152,90848,197688,42384,149224,256064,100760,207600,52296,159136,3832,110672,51200,158040,2736,109576,216416,61112,167952,
151030,137391,123752,110113,96474,82835,69196,55557,41918,28279,14640,1001,249506,235867,222228,208589,194950,181311,167672,154033,140394,126755,113116,99477,85838,232864,219225,205586,191947,178308,164669,
6082,134108,262134,128016,256042,121924,249950,115832,243858,109740,237766,103648,231674,97556,225582,91464,219490,85372,213398,79280,207306,73188,201214,67096,195122,61004,152384,18266,146292,12174,140200,
102092,109639,117186,124733,132280,139827,147374,154921,162468,170015,177562,185109,192656,200203,207750,215297,222844,230391,237938,245485,253032,260579,5982,13529,21076,28623,36170,71904,79451,86998,94545,
176916,63984,213196,100264,249476,136544,23612,172824,59892,209104,96172,245384,132452,19520,168732,55800,205012,92080,241292,128360,15428,164640,51708,200920,87988,237200,124268,11336,253568,140636,27704,
230554,259287,25876,54609,83342,112075,140808,169541,198274,227007,255740,22329,51062,79795,108528,137261,165994,194727,223460,252193,18782,47515,76248,104981,133714,162447,191180,219913,248646,173088,201821,
862,171260,79514,249912,158166,66420,236818,145072,53326,223724,131978,40232,210630,118884,27138,197536,105790,14044,184442,92696,950,171348,79602,250000,158254,66508,236906,145160,53414,223812,92608,
