1,2,3,4,5,6,7,8,9,10,11,12,13,14,15,16,17,18,19,20,21,22,23,24,25,26,27,28,29,30,31,32,33,34,35,36,
72,37,38,39,40,41,42,43,44,45,46,47,48,49,50,51,52,53,54,55,56,57,58,59,60,61,62,63,64,65,66,67,68,69,70,71,
107,108,73,74,75,76,77,78,79,80,81,82,83,84,85,86,87,88,89,90,91,92,93,94,95,96,97,98,99,100,101,102,103,104,105,106,
142,143,144,109,110,111,112,113,114,115,116,117,118,119,120,121,122,123,124,125,126,127,128,129,130,131,132,133,134,135,136,137,138,139,140,141,
177,178,179,180,145,146,147,148,149,150,151,152,153,154,155,156,157,158,159,160,161,162,163,164,165,166,167,168,169,170,171,172,173,174,175,176,
212,213,214,215,216,181,182,183,184,185,186,187,188,189,190,191,192,193,194,195,196,197,198,199,200,201,202,203,204,205,206,207,208,209,210,211,
247,248,249,250,251,252,217,218,219,220,221,222,223,224,225,226,227,228,229,230,231,232,233,234,235,236,237,238,239,240,241,242,243,244,245,246,
282,283,284,285,286,287,288,253,254,255,256,257,258,259,260,261,262,263,264,265,266,267,268,269,270,271,272,273,274,275,276,277,278,279,280,281,
317,318,319,320,321,322,323,324,289,290,291,292,293,294,295,296,297,298,299,300,301,302,303,304,305,306,307,308,309,310,311,312,313,314,315,316,
352,353,354,355,356,357,358,359,360,325,326,327,328,329,330,331,332,333,334,335,336,337,338,339,340,341,342,343,344,345,346,347,348,349,350,351,
387,388,389,390,391,392,393,394,395,396,361,362,363,364,365,366,367,368,369,370,371,372,373,374,375,376,377,378,379,380,381,382,383,384,385,386,
422,423,424,425,426,427,428,429,430,431,432,397,398,399,400,401,402,403,404,405,406,407,408,409,410,411,412,413,414,415,416,417,418,419,420,421,
457,458,459,460,461,462,463,464,465,466,467,468,433,434,435,436,437,438,439,440,441,442,443,444,445,446,447,448,449,450,451,452,453,454,455,456,
492,493,494,495,496,497,498,499,500,501,502,503,504,469,470,471,472,473,474,475,476,477,478,479,480,481,482,483,484,485,486,487,488,489,490,491,
527,528,529,530,531,532,533,534,535,536,537,538,539,540,505,506,507,508,509,510,511,512,513,514,515,516,517,518,519,520,521,522,523,524,525,526,
562,563,564,565,566,567,568,569,570,571,572,573,574,575,576,541,542,543,544,545,546,547,548,549,550,551,552,553,554,555,556,557,558,559,560,561,
597,598,599,600,601,602,603,604,605,606,607,608,609,610,611,612,577,578,579,580,581,582,583,584,585,586,587,588,589,590,591,592,593,594,595,596,
632,633,634,635,636,637,638,639,640,641,642,643,644,645,646,647,648,613,614,615,616,617,618,619,620,621,622,623,624,625,626,627,628,629,630,631,
667,668,669,670,671,672,673,674,675,676,677,678,679,680,681,682,683,684,649,650,651,652,653,654,655,656,657,658,659,660,661,662,663,664,665,666,
702,703,704,705,706,707,708,709,710,711,712,713,714,715,716,717,718,719,720,685,686,687,688,689,690,691,692,693,694,695,696,697,698,699,700,701,
737,738,739,740,741,742,743,744,745,746,747,748,749,750,751,752,753,754,755,756,721,722,723,724,725,726,727,728,729,730,731,732,733,734,735,736,
772,773,774,775,776,777,778,779,780,781,782,783,784,785,786,787,788,789,790,791,792,757,758,759,760,761,762,763,764,765,766,767,768,769,770,771,
807,808,809,810,811,812,813,814,815,816,817,818,819,820,821,822,823,824,825,826,827,828,793,794,795,796,797,798,799,800,801,802,803,804,805,806,
842,843,844,845,846,847,848,849,850,851,852,853,854,855,856,857,858,859,860,861,862,863,864,829,830,831,832,833,834,835,836,837,838,839,840,841,
877,878,879,880,881,882,883,884,885,886,887,888,889,890,891,892,893,894,895,896,897,898,899,900,865,866,867,868,869,870,871,872,873,874,875,876,
912,913,914,915,916,917,918,919,920,921,922,923,924,925,926,927,928,929,930,931,932,933,934,935,936,901,902,903,904,905,906,907,908,909,910,911,
947,948,949,950,951,952,953,954,955,956,957,958,959,960,961,962,963,964,965,966,967,968,969,970,971,972,937,938,939,940,941,942,943,944,945,946,
982,983,984,985,986,987,988,989,990,991,992,993,994,995,996,997,998,999,1000,1001,1002,1003,1004,1005,1006,1007,1008,973,974,975,976,977,978,979,980,981,
1017,1018,1019,1020,1021,1022,1023,1024,1025,1026,1027,1028,1029,1030,1031,1032,1033,1034,1035,1036,1037,1038,1039,1040,1041,1042,1043,1044,1009,1010,1011,1012,1013,1014,1015,1016,
1052,1053,1054,1055,1056,1057,1058,1059,1060,1061,1062,1063,1064,1065,1066,1067,1068,1069,1070,1071,1072,1073,1074,1075,1076,1077,1078,1079,1080,1045,1046,1047,1048,1049,1050,1051,
1087,1088,1089,1090,1091,1092,1093,1094,1095,1096,1097,1098,1099,1100,1101,1102,1103,1104,1105,1106,1107,1108,1109,1110,1111,1112,1113,1114,1115,1116,1081,1082,1083,1084,1085,1086,
1122,1123,1124,1125,1126,1127,1128,1129,1130,1131,1132,1133,1134,1135,1136,1137,1138,1139,1140,1141,1142,1143,1144,1145,1146,1147,1148,1149,1150,1151,1152,1117,1118,1119,1120,1121,
1157,1158,1159,1160,1161,1162,1163,1164,1165,1166,1167,1168,1169,1170,1171,1172,1173,1174,1175,1176,1177,1178,1179,1180,1181,1182,1183,1184,1185,1186,1187,1188,1153,1154,1155,1156,
1192,1193,1194,1195,1196,1197,1198,1199,1200,1201,1202,1203,1204,1205,1206,1207,1208,1209,1210,1211,1212,1213,1214,1215,1216,1217,1218,1219,1220,1221,1222,1223,1224,1189,1190,1191,
1227,1228,1229,1230,1231,1232,1233,1234,1235,1236,1237,1238,1239,1240,1241,1242,1243,1244,1245,1246,1247,1248,1249,1250,1251,1252,1253,1254,1255,1256,1257,1258,1259,1260,1225,1226,
1262,1263,1264,1265,1266,1267,1268,1269,1270,1271,1272,1273,1274,1275,1276,1277,1278,1279,1280,1281,1282,1283,1284,1285,1286,1287,1288,1289,1290,1291,1292,1293,1294,1295,1296,1261,
35818,36484,37150,37816,38482,39148,39814,40480,41146,41812,42478,43144,43810,44476,45142,45808,46474,47140,47806,48472,49138,49804,50470,51136,51802,52468,53134,53800,54466,55132,55798,56464,57130,57796,58462,59128,
135832,67162,69124,71086,73048,75010,76972,78934,80896,82858,84820,86782,88744,90706,92668,94630,96592,98554,100516,102478,104440,106402,108364,110326,112288,114250,116212,118174,120136,122098,124060,126022,127984,129946,131908,133870,
209278,212536,98506,101764,105022,108280,111538,114796,118054,121312,124570,127828,131086,134344,137602,140860,144118,147376,150634,153892,157150,160408,163666,166924,170182,173440,176698,179956,183214,186472,189730,192988,196246,199504,202762,206020,
17988,22542,27096,129850,134404,138958,143512,148066,152620,157174,161728,166282,170836,175390,179944,184498,189052,193606,198160,202714,207268,211822,216376,220930,225484,230038,234592,239146,243700,248254,252808,257362,261916,4326,8880,13434,
86250,92100,97950,103800,161194,167044,172894,178744,184594,190444,196294,202144,207994,213844,219694,225544,231394,237244,243094,248944,254794,260644,4350,10200,16050,21900,27750,33600,39450,45300,51150,57000,62850,68700,74550,80400,
151920,159066,166212,173358,180504,192538,199684,206830,213976,221122,228268,235414,242560,249706,256852,1854,9000,16146,23292,30438,37584,44730,51876,59022,66168,73314,80460,87606,94752,101898,109044,116190,123336,130482,137628,144774,
214998,223440,231882,240324,248766,257208,223882,232324,240766,249208,257650,3948,12390,20832,29274,37716,46158,54600,63042,71484,79926,88368,96810,105252,113694,122136,130578,139020,147462,155904,164346,172788,181230,189672,198114,206556,
13340,23078,32816,42554,52292,62030,71768,255226,2820,12558,22296,32034,41772,51510,61248,70986,80724,90462,100200,109938,119676,129414,139152,148890,158628,168366,178104,187842,197580,207318,217056,226794,236532,246270,256008,3602,
71234,82268,93302,104336,115370,126404,137438,148472,24426,35460,46494,57528,68562,79596,90630,101664,112698,123732,134766,145800,156834,167868,178902,189936,200970,212004,223038,234072,245106,256140,5030,16064,27098,38132,49166,60200,
126536,138866,151196,163526,175856,188186,200516,212846,225176,55770,68100,80430,92760,105090,117420,129750,142080,154410,166740,179070,191400,203730,216060,228390,240720,253050,3236,15566,27896,40226,52556,64886,77216,89546,101876,114206,
179246,192872,206498,220124,233750,247376,261002,12484,26110,39736,87114,100740,114366,127992,141618,155244,168870,182496,196122,209748,223374,237000,250626,2108,15734,29360,42986,56612,70238,83864,97490,111116,124742,138368,151994,165620,
229364,244286,259208,11986,26908,41830,56752,71674,86596,101518,116440,118458,133380,148302,163224,178146,193068,207990,222912,237834,252756,5534,20456,35378,50300,65222,80144,95066,109988,124910,139832,154754,169676,184598,199520,214442,
14746,30964,47182,63400,79618,95836,112054,128272,144490,160708,176926,193144,149802,166020,182238,198456,214674,230892,247110,1184,17402,33620,49838,66056,82274,98492,114710,130928,147146,163364,179582,195800,212018,228236,244454,260672,
59680,77194,94708,112222,129736,147250,164764,182278,199792,217306,234820,252334,7704,181146,198660,216174,233688,251202,6572,24086,41600,59114,76628,94142,111656,129170,146684,164198,181712,199226,216740,234254,251768,7138,24652,42166,
102022,120832,139642,158452,177262,196072,214882,233692,252502,9168,27978,46788,65598,84408,212490,231300,250110,6776,25586,44396,63206,82016,100826,119636,138446,157256,176066,194876,213686,232496,251306,7972,26782,45592,64402,83212,
141772,161878,181984,202090,222196,242302,264,20370,40476,60582,80688,100794,120900,141006,161112,243834,1796,21902,42008,62114,82220,102326,122432,142538,162644,182750,202856,222962,243068,1030,21136,41242,61348,81454,101560,121666,
178930,200332,221734,243136,2394,23796,45198,66600,88002,109404,130806,152208,173610,195012,216414,237816,13034,34436,55838,77240,98642,120044,141446,162848,184250,205652,227054,248456,7714,29116,50518,71920,93322,114724,136126,157528,
213496,236194,258892,19446,42144,64842,87540,110238,132936,155634,178332,201030,223728,246426,6980,29678,52376,44378,67076,89774,112472,135170,157868,180566,203264,225962,248660,9214,31912,54610,77308,100006,122704,145402,168100,190798,
245470,7320,31314,55308,79302,103296,127290,151284,175278,199272,223266,247260,9110,33104,57098,81092,105086,129080,75722,99716,123710,147704,171698,195692,219686,243680,5530,29524,53518,77512,101506,125500,149494,173488,197482,221476,
12708,37998,63288,88578,113868,139158,164448,189738,215028,240318,3464,28754,54044,79334,104624,129914,155204,180494,205784,107066,132356,157646,182936,208226,233516,258806,21952,47242,72532,97822,123112,148402,173692,198982,224272,249562,
39498,66084,92670,119256,145842,172428,199014,225600,252186,16628,43214,69800,96386,122972,149558,176144,202730,229316,255902,20344,138410,164996,191582,218168,244754,9196,35782,62368,88954,115540,142126,168712,195298,221884,248470,12912,
63696,91578,119460,147342,175224,203106,230988,258870,24608,52490,80372,108254,136136,164018,191900,219782,247664,13402,41284,69166,97048,169754,197636,225518,253400,19138,47020,74902,102784,130666,158548,186430,214312,242194,7932,35814,
85302,114480,143658,172836,202014,231192,260370,27404,56582,85760,114938,144116,173294,202472,231650,260828,27862,57040,86218,115396,144574,173752,201098,230276,259454,26488,55666,84844,114022,143200,172378,201556,230734,259912,26946,56124,
104316,134790,165264,195738,226212,256686,25016,55490,85964,116438,146912,177386,207860,238334,6664,37138,67612,98086,128560,159034,189508,219982,250456,232442,772,31246,61720,92194,122668,153142,183616,214090,244564,12894,43368,73842,
120738,152508,184278,216048,247818,17444,49214,80984,112754,144524,176294,208064,239834,9460,41230,73000,104770,136540,168310,200080,231850,1476,33246,65016,1642,33412,65182,96952,128722,160492,192262,224032,255802,25428,57198,88968,
134568,167634,200700,233766,4688,37754,70820,103886,136952,170018,203084,236150,7072,40138,73204,106270,139336,172402,205468,238534,9456,42522,75588,108654,141720,32986,66052,99118,132184,165250,198316,231382,2304,35370,68436,101502,
145806,180168,214530,248892,21110,55472,89834,124196,158558,192920,227282,261644,33862,68224,102586,136948,171310,205672,240034,12252,46614,80976,115338,149700,184062,218424,64330,98692,133054,167416,201778,236140,8358,42720,77082,111444,
154452,190110,225768,261426,34940,70598,106256,141914,177572,213230,248888,22402,58060,93718,129376,165034,200692,236350,9864,45522,81180,116838,152496,188154,223812,259470,32984,95674,131332,166990,202648,238306,11820,47478,83136,118794,
160506,197460,234414,9224,46178,83132,120086,157040,193994,230948,5758,42712,79666,116620,153574,190528,227482,2292,39246,76200,113154,150108,187062,224016,260970,35780,72734,109688,127018,163972,200926,237880,12690,49644,86598,123552,
163968,202218,240468,16574,54824,93074,131324,169574,207824,246074,22180,60430,98680,136930,175180,213430,251680,27786,66036,104286,142536,180786,219036,257286,33392,71642,109892,148142,186392,158362,196612,234862,10968,49218,87468,125718,
164838,204384,243930,21332,60878,100424,139970,179516,219062,258608,36010,75556,115102,154648,194194,233740,11142,50688,90234,129780,169326,208872,248418,25820,65366,104912,144458,184004,223550,952,189706,229252,6654,46200,85746,125292,
163116,203958,244800,23498,64340,105182,146024,186866,227708,6406,47248,88090,128932,169774,210616,251458,30156,70998,111840,152682,193524,234366,13064,53906,94748,135590,176432,217274,258116,36814,77656,221050,261892,40590,81432,122274,
158802,200940,243078,23072,65210,107348,149486,191624,233762,13756,55894,98032,140170,182308,224446,4440,46578,88716,130854,172992,215130,257268,37262,79400,121538,163676,205814,247952,27946,70084,112222,154360,252394,32388,74526,116664,
151896,195330,238764,20054,63488,106922,150356,193790,237224,18514,61948,105382,148816,192250,235684,16974,60408,103842,147276,190710,234144,15434,58868,102302,145736,189170,232604,13894,57328,100762,144196,187630,231064,21594,65028,108462,
142398,187128,231858,14444,59174,103904,148634,193364,238094,20680,65410,110140,154870,199600,244330,26916,71646,116376,161106,205836,250566,33152,77882,122612,167342,212072,256802,39388,84118,128848,173578,218308,894,45624,52938,97668,
130308,176334,222360,6242,52268,98294,144320,190346,236372,20254,66280,112306,158332,204358,250384,34266,80292,126318,172344,218370,2252,48278,94304,140330,186356,232382,16264,62290,108316,154342,200368,246394,30276,76302,122328,84282,
21892,158056,32076,168240,42260,178424,52444,188608,62628,198792,72812,208976,82996,219160,93180,229344,103364,239528,113548,249712,123732,259896,133916,7936,144100,18120,154284,28304,164468,38488,174652,48672,184836,58856,195020,69040,
212016,252068,235944,219820,203696,187572,171448,155324,139200,123076,106952,90828,74704,58580,42456,26332,10208,256228,240104,223980,207856,191732,175608,159484,143360,127236,111112,94988,78864,62740,46616,30492,14368,260388,244264,228140,
261260,92848,220100,51688,145420,239152,70740,164472,258204,89792,183524,15112,108844,202576,34164,127896,221628,53216,146948,240680,72268,166000,259732,91320,185052,16640,110372,204104,35692,129424,223156,54744,148476,242208,73796,167528,
90792,32236,235824,188132,129576,71020,12464,216052,157496,98940,40384,243972,185416,126860,68304,9748,213336,154780,96224,37668,241256,182700,124144,65588,7032,210620,152064,93508,34952,238540,179984,121428,62872,4316,207904,149348,
224900,14056,65356,116656,156164,207464,258764,47920,99220,150520,201820,253120,42276,93576,144876,196176,247476,36632,87932,139232,190532,241832,30988,82288,133588,184888,236188,25344,76644,127944,179244,230544,19700,71000,122300,173600,
139296,38308,199464,98476,259632,124196,23208,184364,83376,244532,143544,42556,203712,102724,1736,162892,61904,223060,122072,21084,182240,81252,242408,141420,40432,201588,100600,261756,160768,59780,220936,119948,18960,180116,79128,240284,
96124,104992,113860,122728,131596,140464,92228,101096,109964,118832,127700,136568,145436,154304,163172,172040,180908,189776,198644,207512,216380,225248,234116,242984,251852,260720,7444,16312,25180,34048,42916,51784,60652,69520,78388,87256,
95384,214108,70688,189412,45992,164716,21296,60260,178984,35564,154288,10868,129592,248316,104896,223620,80200,198924,55504,174228,30808,149532,6112,124836,243560,100140,218864,75444,194168,50748,169472,26052,144776,1356,120080,238804,
137076,103512,69948,36384,2820,231400,197836,164272,28292,256872,223308,189744,156180,122616,89052,55488,21924,250504,216940,183376,149812,116248,82684,49120,15556,244136,210572,177008,143444,109880,76316,42752,9188,237768,204204,170640,
221200,35348,111640,187932,2080,78372,154664,230956,45104,258468,72616,148908,225200,39348,115640,191932,6080,82372,158664,234956,49104,125396,201688,15836,92128,168420,244712,58860,135152,211444,25592,101884,178176,254468,68616,144908,
85612,9616,195764,119768,43772,229920,153924,77928,1932,188080,226500,150504,74508,260656,184660,108664,32668,218816,142820,66824,252972,176976,100980,24984,211132,135136,59140,245288,169292,93296,17300,203448,127452,51456,237604,161608,
254600,26316,60176,94036,127896,161756,195616,229476,1192,35052,68912,194532,228392,108,33968,67828,101688,135548,169408,203268,237128,8844,42704,76564,110424,144284,178144,212004,245864,17580,51440,85300,119160,153020,186880,220740,
203876,85448,229164,110736,254452,136024,17596,161312,42884,186600,68172,211888,162564,44136,187852,69424,213140,94712,238428,120000,1572,145288,26860,170576,52148,195864,77436,221152,102724,246440,128012,9584,153300,34872,178588,60160,
195584,187012,178440,169868,161296,152724,144152,135580,127008,118436,109864,101292,92720,130596,122024,113452,104880,96308,87736,79164,70592,62020,53448,44876,36304,27732,19160,10588,2016,255588,247016,238444,229872,221300,212728,204156,
229724,68864,170148,9288,110572,211856,50996,152280,253564,92704,193988,33128,134412,235696,98628,199912,39052,140336,241620,80760,182044,21184,122468,223752,62892,164176,3316,104600,205884,45024,146308,247592,86732,188016,27156,128440,
44152,255292,204288,153284,102280,51276,272,211412,160408,109404,58400,7396,218536,167532,116528,66660,15656,226796,175792,124788,73784,22780,233920,182916,131912,80908,29904,241044,190040,139036,88032,37028,248168,197164,146160,95156,
163156,222008,18716,77568,136420,195272,254124,50832,109684,168536,227388,24096,82948,141800,200652,259504,34692,93544,152396,211248,7956,66808,125660,184512,243364,40072,98924,157776,216628,13336,72188,131040,189892,248744,45452,104304,
62448,231156,137720,44284,212992,119556,26120,194828,101392,7956,176664,83228,251936,158500,65064,233772,140336,2724,171432,77996,246704,153268,59832,228540,135104,41668,210376,116940,23504,192212,98776,5340,174048,80612,249320,155884,
4172,20592,37012,53432,69852,86272,102692,119112,135532,151952,168372,184792,201212,217632,234052,250472,4748,21168,232900,249320,3596,20016,36436,52856,69276,85696,102116,118536,134956,151376,167796,184216,200636,217056,233476,249896,
250472,114604,240880,105012,231288,95420,221696,85828,212104,76236,202512,66644,192920,57052,183328,47460,173736,37868,164144,200932,65064,191340,55472,181748,45880,172156,36288,162564,26696,152972,17104,143380,7512,133788,260064,124196,
14916,251048,225036,199024,173012,147000,120988,94976,68964,42952,16940,253072,227060,201048,175036,149024,123012,97000,70988,44976,168964,142952,116940,90928,64916,38904,12892,249024,223012,197000,170988,144976,118964,92952,66940,40928,
83936,167780,251624,73324,157168,241012,62712,146556,230400,52100,135944,219788,41488,125332,209176,30876,114720,198564,20264,104108,187952,136996,220840,42540,126384,210228,31928,115772,199616,21316,105160,189004,10704,94548,178392,92,
195388,126944,58500,252200,183756,115312,46868,240568,172124,103680,35236,228936,160492,92048,23604,217304,148860,80416,11972,205672,137228,68784,105028,36584,230284,161840,93396,24952,218652,150208,81764,13320,207020,138576,70132,1688,
87128,128540,169952,211364,252776,32044,73456,114868,156280,197692,239104,18372,59784,101196,142608,184020,225432,4700,46112,87524,128936,170348,211760,73060,114472,155884,197296,238708,17976,59388,100800,142212,183624,225036,4304,45716,
21300,172568,61692,212960,102084,253352,142476,31600,182868,71992,223260,112384,1508,152776,41900,193168,82292,233560,122684,11808,163076,52200,203468,92592,41092,192360,81484,232752,121876,11000,162268,51392,202660,91784,243052,132176,
260048,259028,258008,256988,255968,254948,253928,252908,251888,250868,249848,248828,247808,246788,245768,244748,243728,242708,241688,240668,239648,238628,237608,236588,235568,9124,8104,7084,6064,5044,4024,3004,1984,964,262088,261068,
16940,125776,234612,81304,190140,36832,145668,254504,101196,210032,56724,165560,12252,121088,229924,76616,185452,32144,140980,249816,96508,205344,52036,160872,7564,116400,239300,85992,194828,41520,150356,259192,105884,214720,61412,170248,
78408,34956,253648,210196,166744,123292,79840,36388,255080,211628,168176,124724,81272,37820,256512,213060,169608,126156,82704,39252,257944,214492,171040,127588,84136,40684,259376,207332,163880,120428,76976,33524,252216,208764,165312,121860,
182308,248712,52972,119376,185780,252184,56444,122848,189252,255656,59916,126320,192724,259128,63388,129792,196196,456,66860,133264,199668,3928,70332,136736,203140,7400,73804,140208,175364,241768,46028,112432,178836,245240,49500,115904,
66496,242756,156872,70988,247248,161364,75480,251740,165856,79972,256232,170348,84464,260724,174840,88956,3072,179332,93448,7564,183824,97940,12056,188316,102432,16548,192808,106924,21040,143396,57512,233772,147888,62004,238264,152380,
255260,17088,41060,65032,89004,112976,136948,160920,184892,208864,232836,256808,18636,42608,66580,90552,114524,138496,162468,186440,210412,234384,258356,20184,44156,68128,92100,116072,140044,164016,111428,135400,159372,183344,207316,231288,
224312,95996,229824,101508,235336,107020,240848,112532,246360,118044,251872,123556,257384,129068,752,134580,6264,140092,11776,145604,17288,151116,22800,156628,28312,162140,33824,167652,39336,173164,44848,79460,213288,84972,218800,90484,
235796,217336,198876,180416,161956,143496,125036,106576,88116,69656,51196,32736,14276,257960,239500,221040,202580,184120,165660,147200,128740,110280,91820,73360,54900,36440,17980,261664,243204,224744,206284,187824,47492,29032,10572,254256,
27568,118964,210360,39612,131008,222404,51656,143052,234448,63700,155096,246492,75744,167140,258536,87788,179184,8436,99832,191228,20480,111876,203272,32524,123920,215316,44568,135964,227360,56612,148008,239404,68656,15524,106920,198316,
123916,63024,2132,203384,142492,81600,20708,221960,161068,100176,39284,240536,179644,118752,57860,259112,198220,137328,76436,15544,216796,155904,95012,34120,235372,174480,113588,52696,253948,193056,132164,71272,10380,211632,245700,184808,
552,49516,98480,147444,196408,245372,32192,81156,130120,179084,228048,14868,63832,112796,161760,210724,259688,46508,95472,144436,193400,242364,29184,78148,127112,176076,225040,11860,60824,109788,158752,207716,256680,43500,92464,213732,
16206,40182,64158,88134,112110,136086,160062,184038,208014,231990,255966,17798,41774,65750,89726,113702,137678,161654,185630,209606,233582,257558,19390,43366,67342,91318,115294,139270,163246,187222,211198,235174,259150,20982,44958,68934,
153006,40182,110814,181446,252078,60566,131198,201830,10318,80950,151582,222214,30702,101334,171966,242598,51086,121718,192350,838,71470,142102,212734,21222,91854,162486,233118,41606,112238,182870,253502,61990,132622,203254,11742,82374,
119790,237078,64158,181446,36590,153878,9022,126310,243598,98742,216030,71174,188462,43606,160894,16038,133326,250614,105758,223046,78190,195478,50622,167910,23054,140342,257630,112774,230062,85206,202494,57638,174926,30070,147358,2502,
255406,157206,59006,88134,252078,153878,55678,219622,121422,23222,187166,88966,252910,154710,56510,220454,122254,24054,187998,89798,253742,155542,57342,221286,123086,24886,188830,90630,254574,156374,58174,222118,123918,25718,189662,91462,
35566,246166,194622,143078,112110,60566,9022,219622,168078,116534,64990,13446,224046,172502,120958,69414,17870,228470,176926,125382,73838,22294,232894,181350,129806,78262,26718,237318,185774,134230,82686,31142,241742,190198,138654,87110,
246702,241814,236926,232038,227150,136086,131198,126310,121422,116534,111646,106758,101870,96982,92094,87206,82318,77430,72542,67654,62766,57878,52990,48102,43214,38326,33438,28550,23662,18774,13886,8998,4110,261366,256478,251590,
102382,144150,185918,227686,7310,49078,160062,201830,243598,23222,64990,106758,148526,190294,232062,11686,53454,95222,136990,178758,220526,150,41918,83686,125454,167222,208990,250758,30382,72150,113918,155686,197454,239222,18846,60614,
126894,215318,41598,130022,218446,44726,133150,184038,10318,98742,187166,13446,101870,190294,16574,104998,193422,19702,108126,196550,22830,111254,199678,25958,114382,202806,29086,117510,205934,32214,120638,209062,35342,123766,212190,38470,
58094,193174,66110,201190,74126,209206,82142,217222,208014,80950,216030,88966,224046,96982,232062,104998,240078,113014,248094,121030,256110,129046,1982,137062,9998,145078,18014,153094,26030,161110,34046,169126,42062,177142,50078,185158,
158126,77718,259454,179046,98638,18230,199966,119558,39150,231990,151582,71174,252910,172502,92094,11686,193422,113014,32606,214342,133934,53526,235262,154854,74446,256182,175774,95366,14958,196694,116286,35878,217614,137206,56798,238534,
164846,131094,97342,63590,29838,258230,224478,190726,156974,123222,255966,222214,188462,154710,120958,87206,53454,19702,248094,214342,180590,146838,113086,79334,45582,11830,240222,206470,172718,138966,105214,71462,37710,3958,232350,198598,
78254,91158,104062,116966,129870,142774,155678,168582,181486,194390,207294,17798,30702,43606,56510,69414,82318,95222,108126,121030,133934,146838,159742,172646,185550,198454,211358,224262,237166,250070,830,13734,26638,39542,52446,65350,
160494,220054,17470,77030,136590,196150,255710,53126,112686,172246,231806,29222,41774,101334,160894,220454,17870,77430,136990,196550,256110,53526,113086,172646,232206,29622,89182,148742,208302,5718,65278,124838,184398,243958,41374,100934,
149422,255638,99710,205926,49998,156214,286,106502,212718,56790,163006,7078,113294,65750,171966,16038,122254,228470,72542,178758,22830,129046,235262,79334,185550,29622,135838,242054,86126,192342,36414,142630,248846,92918,199134,43206,
45038,197910,88638,241510,132238,22966,175838,66566,219438,110166,894,153766,44494,197366,89726,242598,133326,24054,176926,67654,220526,111254,1982,154854,45582,198454,89182,242054,132782,23510,176382,67110,219982,110710,1438,154310,
109486,46870,246398,183782,121166,58550,258078,195462,132846,70230,7614,207142,144526,81910,19294,113702,51086,250614,187998,125382,62766,150,199678,137062,74446,11830,211358,148742,86126,23510,223038,160422,97806,35190,234718,172102,
80622,64662,48702,32742,16782,822,247006,231046,215086,199126,183166,167206,151246,135286,119326,103366,137678,121718,105758,89798,73838,57878,41918,25958,9998,256182,240222,224262,208302,192342,176382,160422,144462,128502,112542,96582,
220590,251286,19838,50534,81230,111926,142622,173318,204014,234710,3262,33958,64654,95350,126046,156742,187438,161654,192350,223046,253742,22294,52990,83686,114382,145078,175774,206470,237166,5718,36414,67110,97806,128502,159198,189894,
5102,82454,159806,237158,52366,129718,207070,22278,99630,176982,254334,69542,146894,224246,39454,116806,194158,9366,185630,838,78190,155542,232894,48102,125454,202806,18014,95366,172718,250070,65278,142630,219982,35190,112542,189894,
220590,82454,206462,68326,192334,54198,178206,40070,164078,25942,149950,11814,135822,259830,121694,245702,107566,231574,93438,209606,71470,195478,57342,181350,43214,167222,29086,153094,14958,138966,830,124838,248846,110710,234718,96582,
80622,251286,159806,68326,238990,147510,56030,226694,135214,43734,214398,122918,31438,202102,110622,19142,189806,98326,6846,177510,233582,142102,50622,221286,129806,38326,208990,117510,26030,196694,105214,13734,184398,92918,1438,172102,
109486,64662,19838,237158,192334,147510,102686,57862,13038,230358,185534,140710,95886,51062,6238,223558,178734,133910,89086,44262,261582,257558,212734,167910,123086,78262,33438,250758,205934,161110,116286,71462,26638,243958,199134,154310,
45038,46870,48702,50534,52366,54198,56030,57862,59694,61526,63358,65190,67022,68854,70686,72518,74350,76182,78014,79846,81678,83510,19390,21222,23054,24886,26718,28550,30382,32214,34046,35878,37710,39542,41374,43206,
149422,197910,246398,32742,81230,129718,178206,226694,13038,61526,110014,158502,206990,255478,41822,90310,138798,187286,235774,22118,70606,119094,167582,43366,91854,140342,188830,237318,23662,72150,120638,169126,217614,3958,52446,100934,
160494,255638,88638,183782,16782,111926,207070,40070,135214,230358,63358,158502,253646,86646,181790,14790,109934,205078,38078,133222,228366,61366,156510,251654,67342,162486,257630,90630,185774,18774,113918,209062,42062,137206,232350,65350,
78254,220054,99710,241510,121166,822,142622,22278,164078,43734,185534,65190,206990,86646,228446,108102,249902,129558,9214,151014,30670,172470,52126,193926,73582,91318,233118,112774,254574,134230,13886,155686,35342,177142,56798,198598,
164846,91158,17470,205926,132238,58550,247006,173318,99630,25942,214398,140710,67022,255478,181790,108102,34414,222870,149182,75494,1806,190262,116574,42886,231342,157654,115294,41606,230062,156374,82686,8998,197454,123766,50078,238534,
158126,131094,104062,77030,49998,22966,258078,231046,204014,176982,149950,122918,95886,68854,41822,14790,249902,222870,195838,168806,141774,114742,87710,60678,33646,6614,241726,139270,112238,85206,58174,31142,4110,239222,212190,185158,
58094,77718,97342,116966,136590,156214,175838,195462,215086,234710,254334,11814,31438,51062,70686,90310,109934,129558,149182,168806,188430,208054,227678,247302,4782,24406,44030,63654,163246,182870,202494,222118,241742,261366,18846,38470,
126894,193174,259454,63590,129870,196150,286,66566,132846,199126,3262,69542,135822,202102,6238,72518,138798,205078,9214,75494,141774,208054,12190,78470,144750,211030,15166,81446,147726,187222,253502,57638,123918,190198,256478,60614,
102382,215318,66110,179046,29838,142774,255710,106502,219438,70230,183166,33958,146894,259830,110622,223558,74350,187286,38078,151014,1806,114742,227678,78470,191406,42198,155134,5926,118862,231798,211198,61990,174926,25718,138654,251590,
246702,144150,41598,201190,98638,258230,155678,53126,212718,110166,7614,167206,64654,224246,121694,19142,178734,76182,235774,133222,30670,190262,87710,247302,144750,42198,201790,99238,258830,156278,53726,235174,132622,30070,189662,87110,
35566,241814,185918,130022,74126,18230,224478,168582,112686,56790,894,207142,151246,95350,39454,245702,189806,133910,78014,22118,228366,172470,116574,60678,4782,211030,155134,99238,43342,249590,193694,137798,259150,203254,147358,91462,
255406,246166,236926,227686,218446,209206,199966,190726,181486,172246,163006,153766,144526,135286,126046,116806,107566,98326,89086,79846,70606,61366,52126,42886,33646,24406,15166,5926,258830,249590,240350,231110,221870,20982,11742,2502,
119790,157206,194622,232038,7310,44726,82142,119558,156974,194390,231806,7078,44494,81910,119326,156742,194158,231574,6846,44262,81678,119094,156510,193926,231342,6614,44030,81446,118862,156278,193694,231110,6382,43798,44958,82374,
153006,237078,59006,143078,227150,49078,133150,217222,39150,123222,207294,29222,113294,197366,19294,103366,187438,9366,93438,177510,261582,83510,167582,251654,73582,157654,241726,63654,147726,231798,53726,137798,221870,43798,127870,68934,
125708,246188,104524,225004,83340,203820,62156,182636,40972,161452,19788,140268,260748,119084,239564,97900,218380,76716,197196,55532,176012,34348,154828,13164,133644,254124,112460,232940,91276,211756,70092,190572,48908,169388,27724,148204,
75900,46876,190012,71004,214140,95132,238268,119260,252,143388,24380,167516,48508,191644,72636,215772,96764,239900,120892,1884,145020,26012,169148,50140,193276,74268,217404,98396,241532,122524,3516,146652,27644,170780,51772,194908,
99948,3596,230188,133836,37484,203276,106924,10572,176364,80012,245804,149452,53100,218892,122540,26188,191980,95628,261420,165068,68716,234508,138156,41804,207596,111244,14892,180684,84332,250124,153772,57420,223212,126860,30508,196300,
78684,4988,193436,151356,77660,3964,192412,118716,45020,233468,159772,86076,12380,200828,127132,53436,241884,168188,94492,20796,209244,135548,61852,250300,176604,102908,29212,217660,143964,70268,258716,185020,111324,37628,226076,152380,
12108,223212,172172,121132,72524,21484,232588,181548,130508,79468,28428,239532,188492,137452,86412,35372,246476,195436,144396,93356,42316,253420,202380,151340,100300,49260,260364,209324,158284,107244,56204,5164,216268,165228,114188,63148,
162364,133980,105596,77212,48828,255836,227452,199068,170684,142300,113916,85532,57148,28764,380,234140,205756,177372,148988,120604,92220,63836,35452,7068,240828,212444,184060,155676,127292,98908,70524,42140,13756,247516,219132,190748,
5164,261580,255852,250124,244396,238668,177004,171276,165548,159820,154092,148364,142636,136908,131180,125452,119724,113996,108268,102540,96812,91084,85356,79628,73900,68172,62444,56716,50988,45260,39532,33804,28076,22348,16620,10892,
64796,81724,98652,115580,132508,149436,166364,98172,115100,132028,148956,165884,182812,199740,216668,233596,250524,5308,22236,39164,56092,73020,89948,106876,123804,140732,157660,174588,191516,208444,225372,242300,259228,14012,30940,47868,
79116,118700,158284,197868,237452,14892,54476,94060,19340,58924,98508,138092,177676,217260,256844,34284,73868,113452,153036,192620,232204,9644,49228,88812,128396,167980,207564,247148,24588,64172,103756,143340,182924,222508,262092,39532,
48124,110364,172604,234844,34940,97180,159420,221660,21756,202652,2748,64988,127228,189468,251708,51804,114044,176284,238524,38620,100860,163100,225340,25436,87676,149916,212156,12252,74492,136732,198972,261212,61308,123548,185788,248028,
233964,56716,141612,226508,49260,134156,219052,41804,126700,211596,123820,208716,31468,116364,201260,24012,108908,193804,16556,101452,186348,9100,93996,178892,1644,86540,171436,256332,79084,163980,248876,71628,156524,241420,64172,149068,
112348,219900,65308,172860,18268,125820,233372,78780,186332,31740,139292,44988,152540,260092,105500,213052,58460,166012,11420,118972,226524,71932,179484,24892,132444,239996,85404,192956,38364,145916,253468,98876,206428,51836,159388,4796,
207564,75628,205836,73900,204108,72172,202380,70444,200652,68716,198924,66988,228300,96364,226572,94636,224844,92908,223116,91180,221388,89452,219660,87724,217932,85996,216204,84268,214476,82540,212748,80812,211020,79084,209292,77356,
257468,148188,38908,191772,82492,235356,126076,16796,169660,60380,213244,103964,256828,149468,40188,193052,83772,236636,127356,18076,170940,61660,214524,105244,258108,148828,39548,192412,83132,235996,126716,17436,170300,61020,213884,104604,
262060,175436,88812,2188,177708,91084,4460,179980,93356,6732,182252,95628,9004,184524,70636,246156,159532,72908,248428,161804,75180,250700,164076,77452,252972,166348,79724,255244,168620,81996,257516,170892,84268,259788,173164,86540,
221340,157372,93404,29436,227612,163644,99676,35708,233884,169916,105948,41980,240156,176188,112220,253948,189980,126012,62044,260220,196252,132284,68316,4348,202524,138556,74588,10620,208796,144828,80860,16892,215068,151100,87132,23164,
135308,93996,52684,11372,232204,190892,149580,108268,66956,25644,246476,205164,163852,122540,81228,39916,175116,133804,92492,51180,9868,230700,189388,148076,106764,65452,24140,244972,203660,162348,121036,79724,38412,259244,217932,176620,
3964,247452,228796,210140,191484,172828,154172,135516,116860,98204,79548,60892,42236,23580,4924,248412,229756,96284,77628,58972,40316,21660,3004,246492,227836,209180,190524,171868,153212,134556,115900,97244,78588,59932,41276,22620,
89452,93452,97452,101452,105452,109452,113452,117452,121452,125452,129452,133452,137452,141452,145452,149452,153452,157452,17452,21452,25452,29452,33452,37452,41452,45452,49452,53452,57452,61452,65452,69452,73452,77452,81452,85452,
129628,156284,182940,209596,236252,764,27420,54076,80732,107388,134044,160700,187356,214012,240668,5180,31836,58492,85148,200764,227420,254076,18588,45244,71900,98556,125212,151868,178524,205180,231836,258492,23004,49660,76316,102972,
124492,173804,223116,10284,59596,108908,158220,207532,256844,44012,93324,142636,191948,241260,28428,77740,127052,176364,225676,12844,121932,171244,220556,7724,57036,106348,155660,204972,254284,41452,90764,140076,189388,238700,25868,75180,
74044,146012,217980,27804,99772,171740,243708,53532,125500,197468,7292,79260,151228,223196,33020,104988,176956,248924,58748,130716,202684,43100,115068,187036,259004,68828,140796,212764,22588,94556,166524,238492,48316,120284,192252,2076,
240428,72908,167532,12,94636,189260,21740,116364,210988,43468,138092,232716,65196,159820,254444,86924,181548,14028,108652,203276,35756,130380,226412,58892,153516,248140,80620,175244,7724,102348,196972,29452,124076,218700,51180,145804,
99356,216636,71772,189052,44188,161468,16604,133884,251164,106300,223580,78716,195996,51132,168412,23548,140828,258108,113244,230524,85660,202940,58076,147580,2716,119996,237276,92412,209692,64828,182108,37244,154524,9660,126940,244220,
175116,52908,192844,70636,210572,88364,228300,106092,246028,123820,1612,141548,19340,159276,37068,177004,54796,194732,72524,212460,90252,230188,107980,247916,68748,208684,86476,226412,104204,244140,121932,261868,139660,17452,157388,35180,
205564,106012,6460,169052,69500,232092,132540,32988,195580,96028,258620,159068,59516,222108,122556,23004,185596,86044,248636,149084,49532,212124,112572,13020,175612,252060,152508,52956,215548,115996,16444,179036,79484,242076,142524,42972,
190700,113804,36908,222156,145260,68364,253612,176716,99820,22924,208172,131276,54380,239628,162732,85836,8940,194188,117292,40396,225644,148748,71852,257100,180204,103308,173228,96332,19436,204684,127788,50892,236140,159244,82348,5452,
130524,76284,22044,229948,175708,121468,67228,12988,220892,166652,112412,58172,3932,211836,157596,103356,49116,257020,202780,148540,94300,40060,247964,193724,139484,85244,31004,94396,40156,248060,193820,139580,85340,31100,239004,184764,
25036,255596,224012,192428,160844,129260,97676,66092,34508,2924,233484,201900,170316,138732,107148,75564,43980,12396,242956,211372,179788,148204,116620,85036,53452,21868,252428,220844,15564,246124,214540,182956,151372,119788,88204,56620,
136380,127452,118524,109596,100668,91740,82812,73884,64956,56028,47100,38172,29244,20316,11388,2460,255676,246748,237820,228892,219964,211036,202108,193180,184252,175324,166396,157468,148540,198876,189948,181020,172092,163164,154236,145308,
202412,216140,229868,243596,257324,8908,22636,36364,50092,63820,77548,91276,105004,118732,132460,146188,159916,173644,187372,201100,214828,228556,242284,256012,7596,21324,35052,48780,62508,76236,120044,133772,147500,161228,174956,188684,
223132,259516,33756,70140,106524,142908,179292,215676,252060,26300,62684,99068,135452,171836,208220,244604,18844,55228,91612,127996,164380,200764,237148,11388,47772,84156,120540,156924,193308,229692,3932,41212,77596,113980,150364,186748,
198540,257580,54476,113516,172556,231596,28492,87532,146572,205612,2508,61548,120588,179628,238668,35564,94604,153644,212684,9580,68620,127660,186700,245740,42636,101676,160716,219756,16652,75692,134732,193772,224524,21420,80460,139500,
128636,210332,29884,111580,193276,12828,94524,176220,257916,77468,159164,240860,60412,142108,223804,43356,125052,206748,26300,107996,189692,9244,90940,172636,254332,73884,155580,237276,56828,138524,220220,39772,121468,145692,227388,46940,
13420,117772,222124,64332,168684,10892,115244,219596,61804,166156,8364,112716,217068,59276,163628,5836,110188,214540,56748,161100,3308,107660,212012,54220,158572,780,105132,209484,51692,156044,260396,102604,206956,49164,66860,171212,
115036,242044,106908,233916,98780,225788,90652,217660,82524,209532,74396,201404,66268,193276,58140,185148,50012,177020,41884,168892,33756,160764,25628,152636,17500,144508,9372,136380,1244,128252,255260,120124,247132,111996,239004,250172,
232244,254960,15532,38248,60964,83680,106396,129112,151828,174544,197260,219976,242692,3264,25980,48696,71412,94128,116844,139560,162276,184992,207708,230424,253140,13712,36428,59144,81860,104576,127292,150008,172724,195440,218156,240872,
2704,254960,15568,38320,61072,83824,106576,129328,152080,174832,197584,220336,243088,3696,26448,49200,71952,94704,117456,140208,162960,185712,208464,231216,253968,14576,37328,60080,82832,105584,128336,151088,173840,196592,219344,242096,
3892,26680,15532,38320,61108,83896,106684,129472,152260,175048,197836,220624,243412,4056,26844,49632,72420,95208,117996,140784,163572,186360,209148,231936,254724,15368,38156,60944,83732,106520,129308,152096,174884,197672,220460,243248,
5008,27832,50656,38248,61072,83896,106720,129544,152368,175192,198016,220840,243664,4344,27168,49992,72816,95640,118464,141288,164112,186936,209760,232584,255408,16088,38912,61736,84560,107384,130208,153032,175856,198680,221504,244328,
6052,28912,51772,74632,60964,83824,106684,129544,152404,175264,198124,220984,243844,4560,27420,50280,73140,96000,118860,141720,164580,187440,210300,233160,256020,16736,39596,62456,85316,108176,131036,153896,176756,199616,222476,245336,
7024,29920,52816,75712,98608,83680,106576,129472,152368,175264,198160,221056,243952,4704,27600,50496,73392,96288,119184,142080,164976,187872,210768,233664,256560,17312,40208,63104,86000,108896,131792,154688,177584,200480,223376,246272,
7924,30856,53788,76720,99652,122584,106396,129328,152260,175192,198124,221056,243988,4776,27708,50640,73572,96504,119436,142368,165300,188232,211164,234096,257028,17816,40748,63680,86612,109544,132476,155408,178340,201272,224204,247136,
8752,31720,54688,77656,100624,123592,146560,129112,152080,175048,198016,220984,243952,4776,27744,50712,73680,96648,119616,142584,165552,188520,211488,234456,257424,18248,41216,64184,87152,110120,133088,156056,179024,201992,224960,247928,
9508,32512,55516,78520,101524,124528,147532,170536,151828,174832,197836,220840,243844,4704,27708,50712,73716,96720,119724,142728,165732,188736,211740,234744,257748,18608,41612,64616,87620,110624,133628,156632,179636,202640,225644,248648,
10192,33232,56272,79312,102352,125392,148432,171472,194512,174544,197584,220624,243664,4560,27600,50640,73680,96720,119760,142800,165840,188880,211920,234960,258000,18896,41936,64976,88016,111056,134096,157136,180176,203216,226256,249296,
10804,33880,56956,80032,103108,126184,149260,172336,195412,218488,197260,220336,243412,4344,27420,50496,73572,96648,119724,142800,165876,188952,212028,235104,258180,19112,42188,65264,88340,111416,134492,157568,180644,203720,226796,249872,
11344,34456,57568,80680,103792,126904,150016,173128,196240,219352,242464,219976,243088,4056,27168,50280,73392,96504,119616,142728,165840,188952,212064,235176,258288,19256,42368,65480,88592,111704,134816,157928,181040,204152,227264,250376,
11812,34960,58108,81256,104404,127552,150700,173848,196996,220144,243292,4296,242692,3696,26844,49992,73140,96288,119436,142584,165732,188880,212028,235176,258324,19328,42476,65624,88772,111920,135068,158216,181364,204512,227660,250808,
12208,35392,58576,81760,104944,128128,151312,174496,197680,220864,244048,5088,28272,3264,26448,49632,72816,96000,119184,142368,165552,188736,211920,235104,258288,19328,42512,65696,88880,112064,135248,158432,181616,204800,227984,251168,
12532,35752,58972,82192,105412,128632,151852,175072,198292,221512,244732,5808,29028,52248,25980,49200,72420,95640,118860,142080,165300,188520,211740,234960,258180,19256,42476,65696,88916,112136,135356,158576,181796,205016,228236,251456,
12784,36040,59296,82552,105808,129064,152320,175576,198832,222088,245344,6456,29712,52968,76224,48696,71952,95208,118464,141720,164976,188232,211488,234744,258000,19112,42368,65624,88880,112136,135392,158648,181904,205160,228416,251672,
12964,36256,59548,82840,106132,129424,152716,176008,199300,222592,245884,7032,30324,53616,76908,100200,71412,94704,117996,141288,164580,187872,211164,234456,257748,18896,42188,65480,88772,112064,135356,158648,181940,205232,228524,251816,
13072,36400,59728,83056,106384,129712,153040,176368,199696,223024,246352,7536,30864,54192,77520,100848,124176,94128,117456,140784,164112,187440,210768,234096,257424,18608,41936,65264,88592,111920,135248,158576,181904,205232,228560,251888,
13108,36472,59836,83200,106564,129928,153292,176656,200020,223384,246748,7968,31332,54696,78060,101424,124788,148152,116844,140208,163572,186936,210300,233664,257028,18248,41612,64976,88340,111704,135068,158432,181796,205160,228524,251888,
13072,36472,59872,83272,106672,130072,153472,176872,200272,223672,247072,8328,31728,55128,78528,101928,125328,148728,172128,139560,162960,186360,209760,233160,256560,17816,41216,64616,88016,111416,134816,158216,181616,205016,228416,251816,
12964,36400,59836,83272,106708,130144,153580,177016,200452,223888,247324,8616,32052,55488,78924,102360,125796,149232,172668,196104,162276,185712,209148,232584,256020,17312,40748,64184,87620,111056,134492,157928,181364,204800,228236,251672,
12784,36256,59728,83200,106672,130144,153616,177088,200560,224032,247504,8832,32304,55776,79248,102720,126192,149664,173136,196608,220080,184992,208464,231936,255408,16736,40208,63680,87152,110624,134096,157568,181040,204512,227984,251456,
12532,36040,59548,83056,106564,130072,153580,177088,200596,224104,247612,8976,32484,55992,79500,103008,126516,150024,173532,197040,220548,244056,207708,231216,254724,16088,39596,63104,86612,110120,133628,157136,180644,204152,227660,251168,
12208,35752,59296,82840,106384,129928,153472,177016,200560,224104,247648,9048,32592,56136,79680,103224,126768,150312,173856,197400,220944,244488,5888,230424,253968,15368,38912,62456,86000,109544,133088,156632,180176,203720,227264,250808,
11812,35392,58972,82552,106132,129712,153292,176872,200452,224032,247612,9048,32628,56208,79788,103368,126948,150528,174108,197688,221268,244848,6284,29864,253140,14576,38156,61736,85316,108896,132476,156056,179636,203216,226796,250376,
11344,34960,58576,82192,105808,129424,153040,176656,200272,223888,247504,8976,32592,56208,79824,103440,127056,150672,174288,197904,221520,245136,6608,30224,53840,13712,37328,60944,84560,108176,131792,155408,179024,202640,226256,249872,
10804,34456,58108,81760,105412,129064,152716,176368,200020,223672,247324,8832,32484,56136,79788,103440,127092,150744,174396,198048,221700,245352,6860,30512,54164,77816,36428,60080,83732,107384,131036,154688,178340,201992,225644,249296,
10192,33880,57568,81256,104944,128632,152320,176008,199696,223384,247072,8616,32304,55992,79680,103368,127056,150744,174432,198120,221808,245496,7040,30728,54416,78104,101792,59144,82832,106520,130208,153896,177584,201272,224960,248648,
9508,33232,56956,80680,104404,128128,151852,175576,199300,223024,246748,8328,32052,55776,79500,103224,126948,150672,174396,198120,221844,245568,7148,30872,54596,78320,102044,125768,81860,105584,129308,153032,176756,200480,224204,247928,
8752,32512,56272,80032,103792,127552,151312,175072,198832,222592,246352,7968,31728,55488,79248,103008,126768,150528,174288,198048,221808,245568,7184,30944,54704,78464,102224,125984,149744,104576,128336,152096,175856,199616,223376,247136,
7924,31720,55516,79312,103108,126904,150700,174496,198292,222088,245884,7536,31332,55128,78924,102720,126516,150312,174108,197904,221700,245496,7148,30944,54740,78536,102332,126128,149924,173720,127292,151088,174884,198680,222476,246272,
7024,30856,54688,78520,102352,126184,150016,173848,197680,221512,245344,7032,30864,54696,78528,102360,126192,150024,173856,197688,221520,245352,7040,30872,54704,78536,102368,126200,150032,173864,197696,150008,173840,197672,221504,245336,
6052,29920,53788,77656,101524,125392,149260,173128,196996,220864,244732,6456,30324,54192,78060,101928,125796,149664,173532,197400,221268,245136,6860,30728,54596,78464,102332,126200,150068,173936,197804,221672,172724,196592,220460,244328,
5008,28912,52816,76720,100624,124528,148432,172336,196240,220144,244048,5808,29712,53616,77520,101424,125328,149232,173136,197040,220944,244848,6608,30512,54416,78320,102224,126128,150032,173936,197840,221744,245648,195440,219344,243248,
3892,27832,51772,75712,99652,123592,147532,171472,195412,219352,243292,5088,29028,52968,76908,100848,124788,148728,172668,196608,220548,244488,6284,30224,54164,78104,102044,125984,149924,173864,197804,221744,245684,7480,218156,242096,
2704,26680,50656,74632,98608,122584,146560,170536,194512,218488,242464,4296,28272,52248,76224,100200,124176,148152,172128,196104,220080,244056,5888,29864,53840,77816,101792,125768,149744,173720,197696,221672,245648,7480,31456,240872,
98296,225776,91112,218592,83928,211408,76744,204224,69560,197040,62376,189856,55192,182672,48008,175488,40824,168304,33640,161120,26456,153936,19272,146752,12088,139568,4904,132384,259864,125200,252680,118016,245496,110832,238312,103648,
224128,162944,82304,1664,183168,102528,21888,203392,122752,42112,223616,142976,62336,243840,163200,82560,1920,183424,102784,22144,203648,123008,42368,223872,143232,62592,244096,163456,82816,2176,183680,103040,22400,203904,123264,42624,
109080,82464,227592,200976,174360,147744,121128,94512,67896,41280,14664,250192,223576,196960,170344,143728,117112,90496,63880,37264,10648,246176,219560,192944,166328,139712,113096,86480,59864,33248,6632,242160,215544,188928,162312,135696,
148128,175536,202944,30096,57504,84912,112320,139728,167136,194544,221952,249360,14624,42032,69440,96848,124256,151664,179072,206480,233888,261296,26560,53968,81376,108784,136192,163600,191008,218416,245824,11088,38496,65904,93312,120720,
79128,160560,241992,61280,94744,176176,257608,76896,158328,239760,59048,140480,221912,41200,122632,204064,23352,104784,186216,5504,86936,168368,249800,69088,150520,231952,51240,132672,214104,33392,114824,196256,15544,96976,178408,259840,
164224,37536,172992,46304,181760,159392,32704,168160,41472,176928,50240,185696,59008,194464,67776,203232,76544,212000,85312,220768,94080,229536,102848,238304,111616,247072,120384,255840,129152,2464,137920,11232,146688,20000,155456,28768,
141272,68608,258088,185424,112760,40096,224040,151376,78712,6048,195528,122864,50200,239680,167016,94352,21688,211168,138504,65840,255320,182656,109992,37328,226808,154144,81480,8816,198296,125632,52968,242448,169784,97120,24456,213936,
10272,253776,235136,216496,197856,179216,160576,26544,7904,251408,232768,214128,195488,176848,158208,139568,120928,102288,83648,65008,46368,27728,9088,252592,233952,215312,196672,178032,159392,140752,122112,103472,84832,66192,47552,28912,
33368,68752,104136,139520,174904,210288,245672,18912,91192,126576,161960,197344,232728,5968,41352,76736,112120,147504,182888,218272,253656,26896,62280,97664,133048,168432,203816,239200,12440,47824,83208,118592,153976,189360,224744,260128,
210560,37824,127232,216640,43904,133312,222720,49984,139392,155840,245248,72512,161920,251328,78592,168000,257408,84672,174080,1344,90752,180160,7424,96832,186240,13504,102912,192320,19584,108992,198400,25664,115072,204480,31744,121152,
17560,160992,42280,185712,67000,210432,91720,235152,116440,259872,220488,101776,245208,126496,7784,151216,32504,175936,57224,200656,81944,225376,106664,250096,131384,12672,156104,37392,180824,62112,205544,86832,230264,111552,254984,136272,
240800,176112,111424,46736,244192,179504,114816,50128,247584,182896,118208,22992,220448,155760,91072,26384,223840,159152,94464,29776,227232,162544,97856,33168,230624,165936,101248,36560,234016,169328,104640,39952,237408,172720,108032,43344,
93848,83184,72520,61856,51192,40528,29864,19200,8536,260016,249352,238688,87640,76976,66312,55648,44984,34320,23656,12992,2328,253808,243144,232480,221816,211152,200488,189824,179160,168496,157832,147168,136504,125840,115176,104512,
100992,144352,187712,231072,12288,55648,99008,142368,185728,229088,10304,53664,97024,152288,195648,239008,20224,63584,106944,150304,193664,237024,18240,61600,104960,148320,191680,235040,16256,59616,102976,146336,189696,233056,14272,57632,
88,97472,194856,30096,127480,224864,60104,157488,254872,90112,187496,22736,120120,217504,216936,52176,149560,246944,82184,179568,14808,112192,209576,44816,142200,239584,74824,172208,7448,104832,202216,37456,134840,232224,67464,164848,
53280,204688,93952,245360,134624,23888,175296,64560,215968,105232,256640,145904,35168,186576,75840,19440,170848,60112,211520,100784,252192,141456,30720,182128,71392,222800,112064,1328,152736,42000,193408,82672,234080,123344,12608,164016,
260568,203856,147144,90432,33720,239152,182440,125728,69016,12304,217736,161024,104312,47600,253032,196320,84088,27376,232808,176096,119384,62672,5960,211392,154680,97968,41256,246688,189976,133264,76552,19840,225272,168560,111848,55136,
97664,94976,92288,89600,86912,84224,81536,78848,76160,73472,70784,68096,65408,62720,60032,57344,54656,148736,146048,143360,140672,137984,135296,132608,129920,127232,124544,121856,119168,116480,113792,111104,108416,105728,103040,100352,
88856,140192,191528,242864,32056,83392,134728,186064,237400,26592,77928,129264,180600,231936,21128,72464,123800,175136,213384,2576,53912,105248,156584,207920,259256,48448,99784,151120,202456,253792,42984,94320,145656,196992,248328,37520,
234144,77360,182720,25936,131296,236656,79872,185232,28448,133808,239168,82384,187744,30960,136320,241680,84896,190256,33472,15888,121248,226608,69824,175184,18400,123760,229120,72336,177696,20912,126272,231632,74848,180208,23424,128784,
9240,168624,65864,225248,122488,19728,179112,76352,235736,132976,30216,189600,86840,246224,143464,40704,200088,97328,256712,153952,80536,239920,137160,34400,193784,91024,250408,147648,44888,204272,101512,260896,158136,55376,214760,112000,
200576,151840,103104,54368,5632,219040,170304,121568,72832,24096,237504,188768,140032,91296,42560,255968,207232,158496,109760,61024,12288,145184,96448,47712,261120,212384,163648,114912,66176,17440,230848,182112,133376,84640,35904,249312,
21720,27008,32296,37584,42872,48160,53448,58736,64024,69312,74600,79888,85176,90464,95752,101040,106328,111616,116904,122192,127480,132768,209832,215120,220408,225696,230984,236272,241560,246848,252136,257424,568,5856,11144,16432,
259104,56272,115584,174896,234208,31376,90688,150000,209312,6480,65792,125104,184416,243728,40896,100208,159520,218832,16000,75312,134624,193936,253248,12336,71648,130960,190272,249584,46752,106064,165376,224688,21856,81168,140480,199792,
126296,239632,90824,204160,55352,168688,19880,133216,246552,97744,211080,62272,175608,26800,140136,253472,104664,218000,69192,182528,33720,147056,260392,111584,76984,190320,41512,154848,6040,119376,232712,83904,197240,48432,161768,12960,
147584,52800,220160,125376,30592,197952,103168,8384,175744,80960,248320,153536,58752,226112,131328,36544,203904,109120,14336,181696,86912,254272,159488,64704,232064,141632,46848,214208,119424,24640,192000,97216,2432,169792,75008,242368,
60824,20064,241448,200688,159928,119168,78408,37648,259032,218272,177512,136752,95992,55232,14472,235856,195096,154336,113576,72816,32056,253440,212680,171920,131160,90400,206280,165520,124760,84000,43240,2480,223864,183104,142344,101584,
128160,141424,154688,167952,181216,194480,207744,221008,234272,247536,260800,11920,25184,38448,51712,64976,78240,91504,104768,118032,131296,144560,157824,171088,184352,197616,210880,8784,22048,35312,48576,61840,75104,88368,101632,114896,
87448,154736,222024,27168,94456,161744,229032,34176,101464,168752,236040,41184,108472,175760,243048,48192,115480,182768,250056,55200,122488,189776,257064,62208,129496,196784,1928,69216,73432,140720,208008,13152,80440,147728,215016,20160,
200832,60000,181312,40480,161792,20960,142272,1440,122752,244064,103232,224544,83712,205024,64192,185504,44672,165984,25152,146464,5632,126944,248256,107424,228736,87904,209216,68384,189696,138080,259392,118560,239872,99040,220352,79520,
206168,119360,32552,207888,121080,34272,209608,122800,35992,211328,124520,37712,213048,126240,39432,214768,127960,41152,216488,129680,42872,218208,131400,44592,219928,133120,46312,221648,134840,48032,202728,115920,29112,204448,117640,30832,
103456,70672,37888,5104,234464,201680,168896,136112,103328,70544,37760,4976,234336,201552,168768,135984,103200,70416,37632,4848,234208,201424,168640,135856,103072,70288,37504,4720,234080,201296,168512,5232,234592,201808,169024,136240,
154840,176080,197320,218560,239800,261040,20136,41376,62616,83856,105096,126336,147576,168816,190056,211296,232536,253776,12872,34112,55352,76592,97832,119072,140312,161552,182792,204032,225272,246512,5608,26848,69880,91120,112360,133600,
98176,173440,248704,61824,137088,212352,25472,100736,176000,251264,64384,139648,214912,28032,103296,178560,253824,66944,142208,217472,30592,105856,181120,256384,69504,144768,220032,33152,108416,183680,258944,72064,147328,134528,209792,22912,
195608,62752,192040,59184,188472,55616,184904,52048,181336,48480,177768,44912,174200,41344,170632,37776,167064,34208,163496,30640,159928,27072,156360,23504,152792,19936,149224,16368,145656,12800,142088,9232,138520,5664,199176,66320,
184992,106160,27328,210640,131808,52976,236288,157456,78624,261936,183104,104272,25440,208752,129920,51088,234400,155568,76736,260048,181216,102384,23552,206864,128032,49200,232512,153680,74848,258160,179328,100496,21664,204976,126144,1680,
35818,67162,98506,129850,161194,192538,223882,255226,24426,55770,87114,118458,149802,181146,212490,243834,13034,44378,75722,107066,138410,169754,201098,232442,1642,32986,64330,95674,127018,158362,189706,221050,252394,21594,52938,84282,
130308,36484,69124,101764,134404,167044,199684,232324,2820,35460,68100,100740,133380,166020,198660,231300,1796,34436,67076,99716,132356,164996,197636,230276,772,33412,66052,98692,131332,163972,196612,229252,261892,32388,65028,97668,
142398,176334,37150,71086,105022,138958,172894,206830,240766,12558,46494,80430,114366,148302,182238,216174,250110,21902,55838,89774,123710,157646,191582,225518,259454,31246,65182,99118,133054,166990,200926,234862,6654,40590,74526,108462,
151896,187128,222360,37816,73048,108280,143512,178744,213976,249208,22296,57528,92760,127992,163224,198456,233688,6776,42008,77240,112472,147704,182936,218168,253400,26488,61720,96952,132184,167416,202648,237880,10968,46200,81432,116664,
158802,195330,231858,6242,38482,75010,111538,148066,184594,221122,257650,32034,68562,105090,141618,178146,214674,251202,25586,62114,98642,135170,171698,208226,244754,19138,55666,92194,128722,165250,201778,238306,12690,49218,85746,122274,
163116,200940,238764,14444,52268,39148,76972,114796,152620,190444,228268,3948,41772,79596,117420,155244,193068,230892,6572,44396,82220,120044,157868,195692,233516,9196,47020,84844,122668,160492,198316,236140,11820,49644,87468,125292,
164838,203958,243078,20054,59174,98294,39814,78934,118054,157174,196294,235414,12390,51510,90630,129750,168870,207990,247110,24086,63206,102326,141446,180566,219686,258806,35782,74902,114022,153142,192262,231382,8358,47478,86598,125718,
163968,204384,244800,23072,63488,103904,144320,40480,80896,121312,161728,202144,242560,20832,61248,101664,142080,182496,222912,1184,41600,82016,122432,162848,203264,243680,21952,62368,102784,143200,183616,224032,2304,42720,83136,123552,
160506,202218,243930,23498,65210,106922,148634,190346,41146,82858,124570,166282,207994,249706,29274,70986,112698,154410,196122,237834,17402,59114,100826,142538,184250,225962,5530,47242,88954,130666,172378,214090,255802,35370,77082,118794,
154452,197460,240468,21332,64340,107348,150356,193364,236372,41812,84820,127828,170836,213844,256852,37716,80724,123732,166740,209748,252756,33620,76628,119636,162644,205652,248660,29524,72532,115540,158548,201556,244564,25428,68436,111444,
145806,190110,234414,16574,60878,105182,149486,193790,238094,20254,42478,86782,131086,175390,219694,1854,46158,90462,134766,179070,223374,5534,49838,94142,138446,182750,227054,9214,53518,97822,142126,186430,230734,12894,57198,101502,
134568,180168,225768,9224,54824,100424,146024,191624,237224,20680,66280,43144,88744,134344,179944,225544,9000,54600,100200,145800,191400,237000,20456,66056,111656,157256,202856,248456,31912,77512,123112,168712,214312,259912,43368,88968,
120738,167634,214530,261426,46178,93074,139970,186866,233762,18514,65410,112306,43810,90706,137602,184498,231394,16146,63042,109938,156834,203730,250626,35378,82274,129170,176066,222962,7714,54610,101506,148402,195298,242194,26946,73842,
104316,152508,200700,248892,34940,83132,131324,179516,227708,13756,61948,110140,158332,44476,92668,140860,189052,237244,23292,71484,119676,167868,216060,2108,50300,98492,146684,194876,243068,29116,77308,125500,173692,221884,7932,56124,
85302,134790,184278,233766,21110,70598,120086,169574,219062,6406,55894,105382,154870,204358,45142,94630,144118,193606,243094,30438,79926,129414,178902,228390,15734,65222,114710,164198,213686,1030,50518,100006,149494,198982,248470,35814,
63696,114480,165264,216048,4688,55472,106256,157040,207824,258608,47248,98032,148816,199600,250384,45808,96592,147376,198160,248944,37584,88368,139152,189936,240720,29360,80144,130928,181712,232496,21136,71920,122704,173488,224272,12912,
39498,91578,143658,195738,247818,37754,89834,141914,193994,246074,36010,88090,140170,192250,244330,34266,46474,98554,150634,202714,254794,44730,96810,148890,200970,253050,42986,95066,147146,199226,251306,41242,93322,145402,197482,249562,
12708,66084,119460,172836,226212,17444,70820,124196,177572,230948,22180,75556,128932,182308,235684,26916,80292,47140,100516,153892,207268,260644,51876,105252,158628,212004,3236,56612,109988,163364,216740,7972,61348,114724,168100,221476,
245470,37998,92670,147342,202014,256686,49214,103886,158558,213230,5758,60430,115102,169774,224446,16974,71646,126318,47806,102478,157150,211822,4350,59022,113694,168366,223038,15566,70238,124910,179582,234254,26782,81454,136126,190798,
213496,7320,63288,119256,175224,231192,25016,80984,136952,192920,248888,42712,98680,154648,210616,4440,60408,116376,172344,48472,104440,160408,216376,10200,66168,122136,178104,234072,27896,83864,139832,195800,251768,45592,101560,157528,
178930,236194,31314,88578,145842,203106,260370,55490,112754,170018,227282,22402,79666,136930,194194,251458,46578,103842,161106,218370,49138,106402,163666,220930,16050,73314,130578,187842,245106,40226,97490,154754,212018,7138,64402,121666,
141772,200332,258892,55308,113868,172428,230988,27404,85964,144524,203084,261644,58060,116620,175180,233740,30156,88716,147276,205836,2252,49804,108364,166924,225484,21900,80460,139020,197580,256140,52556,111116,169676,228236,24652,83212,
102022,161878,221734,19446,79302,139158,199014,258870,56582,116438,176294,236150,33862,93718,153574,213430,11142,70998,130854,190710,250566,48278,50470,110326,170182,230038,27750,87606,147462,207318,5030,64886,124742,184598,244454,42166,
59680,120832,181984,243136,42144,103296,164448,225600,24608,85760,146912,208064,7072,68224,129376,190528,251680,50688,111840,172992,234144,33152,94304,51136,112288,173440,234592,33600,94752,155904,217056,16064,77216,138368,199520,260672,
14746,77194,139642,202090,2394,64842,127290,189738,252186,52490,114938,177386,239834,40138,102586,165034,227482,27786,90234,152682,215130,15434,77882,140330,51802,114250,176698,239146,39450,101898,164346,226794,27098,89546,151994,214442,
229364,30964,94708,158452,222196,23796,87540,151284,215028,16628,80372,144116,207860,9460,73204,136948,200692,2292,66036,129780,193524,257268,58868,122612,186356,52468,116212,179956,243700,45300,109044,172788,236532,38132,101876,165620,
179246,244286,47182,112222,177262,242302,45198,110238,175278,240318,43214,108254,173294,238334,41230,106270,171310,236350,39246,104286,169326,234366,37262,102302,167342,232382,53134,118174,183214,248254,51150,116190,181230,246270,49166,114206,
126536,192872,259208,63400,129736,196072,264,66600,132936,199272,3464,69800,136136,202472,6664,73000,139336,205672,9864,76200,142536,208872,13064,79400,145736,212072,16264,53800,120136,186472,252808,57000,123336,189672,256008,60200,
71234,138866,206498,11986,79618,147250,214882,20370,88002,155634,223266,28754,96386,164018,231650,37138,104770,172402,240034,45522,113154,180786,248418,53906,121538,189170,256802,62290,54466,122098,189730,257362,62850,130482,198114,3602,
13340,82268,151196,220124,26908,95836,164764,233692,40476,109404,178332,247260,54044,122972,191900,260828,67612,136540,205468,12252,81180,150108,219036,25820,94748,163676,232604,39388,108316,55132,124060,192988,261916,68700,137628,206556,
214998,23078,93302,163526,233750,41830,112054,182278,252502,60582,130806,201030,9110,79334,149558,219782,27862,98086,168310,238534,46614,116838,187062,257286,65366,135590,205814,13894,84118,154342,55798,126022,196246,4326,74550,144774,
151920,223440,32816,104336,175856,247376,56752,128272,199792,9168,80688,152208,223728,33104,104624,176144,247664,57040,128560,200080,9456,80976,152496,224016,33392,104912,176432,247952,57328,128848,200368,56464,127984,199504,8880,80400,
86250,159066,231882,42554,115370,188186,261002,71674,144490,217306,27978,100794,173610,246426,57098,129914,202730,13402,86218,159034,231850,42522,115338,188154,260970,71642,144458,217274,27946,100762,173578,246394,57130,129946,202762,13434,
17988,92100,166212,240324,52292,126404,200516,12484,86596,160708,234820,46788,120900,195012,6980,81092,155204,229316,41284,115396,189508,1476,75588,149700,223812,35780,109892,184004,258116,70084,144196,218308,30276,57796,131908,206020,
209278,22542,97950,173358,248766,62030,137438,212846,26110,101518,176926,252334,65598,141006,216414,29678,105086,180494,255902,69166,144574,219982,33246,108654,184062,259470,72734,148142,223550,36814,112222,187630,894,76302,58462,133870,
135832,212536,27096,103800,180504,257208,71768,148472,225176,39736,116440,193144,7704,84408,161112,237816,52376,129080,205784,20344,97048,173752,250456,65016,141720,218424,32984,109688,186392,952,77656,154360,231064,45624,122328,59128,
125708,46876,230188,151356,72524,255836,177004,98172,19340,202652,123820,44988,228300,149468,70636,253948,175116,96284,17452,200764,121932,43100,226412,147580,68748,252060,173228,94396,15564,198876,120044,41212,224524,145692,66860,250172,
115036,246188,190012,133836,77660,21484,227452,171276,115100,58924,2748,208716,152540,96364,40188,246156,189980,133804,77628,21452,227420,171244,115068,58892,2716,208684,152508,96332,40156,246124,189948,133772,77596,21420,227388,171212,
13420,242044,104524,71004,37484,3964,232588,199068,165548,132028,98508,64988,31468,260092,226572,193052,159532,126012,92492,58972,25452,254076,220556,187036,153516,119996,86476,52956,19436,248060,214540,181020,147500,113980,80460,46940,
128636,117772,106908,225004,214140,203276,192412,181548,170684,159820,148956,138092,127228,116364,105500,94636,83772,72908,62044,51180,40316,29452,18588,7724,259004,248140,237276,226412,215548,204684,193820,182956,172092,161228,150364,139500,
198540,210332,222124,233916,83340,95132,106924,118716,130508,142300,154092,165884,177676,189468,201260,213052,224844,236636,248428,260220,9868,21660,33452,45244,57036,68828,80620,92412,104204,115996,127788,139580,151372,163164,174956,186748,
223132,257580,29884,64332,98780,203820,238268,10572,45020,79468,113916,148364,182812,217260,251708,24012,58460,92908,127356,161804,196252,230700,3004,37452,71900,106348,140796,175244,209692,244140,16444,50892,85340,119788,154236,188684,
202412,259516,54476,111580,168684,225788,62156,119260,176364,233468,28428,85532,142636,199740,256844,51804,108908,166012,223116,18076,75180,132284,189388,246492,41452,98556,155660,212764,7724,64828,121932,179036,236140,31100,88204,145308,
136380,216140,33756,113516,193276,10892,90652,182636,252,80012,159772,239532,57148,136908,216668,34284,114044,193804,11420,91180,170940,250700,68316,148076,227836,45452,125212,204972,22588,102348,182108,261868,79484,159244,239004,56620,
25036,127452,229868,70140,172556,12828,115244,217660,40972,143388,245804,86076,188492,28764,131180,233596,73868,176284,16556,118972,221388,61660,164076,4348,106764,209180,49452,151868,254284,94556,196972,37244,139660,242076,82348,184764,
130524,255596,118524,243596,106524,231596,94524,219596,82524,161452,24380,149452,12380,137452,380,125452,250524,113452,238524,101452,226524,89452,214524,77452,202524,65452,190524,53452,178524,41452,166524,29452,154524,17452,142524,5452,
190700,76284,224012,109596,257324,142908,28492,176220,61804,209532,19788,167516,53100,200828,86412,234140,119724,5308,153036,38620,186348,71932,219660,105244,252972,138556,24140,171868,57452,205180,90764,238492,124076,9660,157388,42972,
205564,113804,22044,192428,100668,8908,179292,87532,257916,166156,74396,140268,48508,218892,127132,35372,205756,113996,22236,192620,100860,9100,179484,87724,258108,166348,74588,244972,153212,61452,231836,140076,48316,218700,126940,35180,
175116,106012,36908,229948,160844,91740,22636,215676,146572,77468,8364,201404,260748,191644,122540,53436,246476,177372,108268,39164,232204,163100,93996,24892,217932,148828,79724,10620,203660,134556,65452,258492,189388,120284,51180,244220,
99356,52908,6460,222156,175708,129260,82812,36364,252060,205612,159164,112716,66268,119084,72636,26188,241884,195436,148988,102540,56092,9644,225340,178892,132444,85996,39548,255244,208796,162348,115900,69452,23004,238700,192252,145804,
240428,216636,192844,169052,145260,121468,97676,73884,50092,26300,2508,240860,217068,193276,239564,215772,191980,168188,144396,120604,96812,73020,49228,25436,1644,239996,216204,192412,168620,144828,121036,97244,73452,49660,25868,2076,
74044,72908,71772,70636,69500,68364,67228,66092,64956,63820,62684,61548,60412,59276,58140,97900,96764,95628,94492,93356,92220,91084,89948,88812,87676,86540,85404,84268,83132,81996,80860,79724,78588,77452,76316,75180,
124492,146012,167532,189052,210572,232092,253612,12988,34508,56028,77548,99068,120588,142108,163628,185148,218380,239900,261420,20796,42316,63836,85356,106876,128396,149916,171436,192956,214476,235996,257516,16892,38412,59932,81452,102972,
129628,173804,217980,12,44188,88364,132540,176716,220892,2924,47100,91276,135452,179628,223804,5836,50012,76716,120892,165068,209244,253420,35452,79628,123804,167980,212156,256332,38364,82540,126716,170892,215068,259244,41276,85452,
89452,156284,223116,27804,94636,161468,228300,32988,99820,166652,233484,38172,105004,171836,238668,43356,110188,177020,197196,1884,68716,135548,202380,7068,73900,140732,207564,12252,79084,145916,212748,17436,84268,151100,217932,22620,
3964,93452,182940,10284,99772,189260,16604,106092,195580,22924,112412,201900,29244,118732,208220,35564,125052,214540,41884,55532,145020,234508,61852,151340,240828,68172,157660,247148,74492,163980,253468,80812,170300,259788,87132,176620,
135308,247452,97452,209596,59596,171740,21740,133884,246028,96028,208172,58172,170316,20316,132460,244604,94604,206748,56748,168892,176012,26012,138156,250300,100300,212444,62444,174588,24588,136732,248876,98876,211020,61020,173164,23164,
221340,93996,228796,101452,236252,108908,243708,116364,251164,123820,258620,131276,3932,138732,11388,146188,18844,153644,26300,161100,33756,34348,169148,41804,176604,49260,184060,56716,191516,64172,198972,71628,206428,79084,213884,86540,
262060,157372,52684,210140,105452,764,158220,53532,210988,106300,1612,159068,54380,211836,107148,2460,159916,55228,212684,107996,3308,160764,154828,50140,207596,102908,260364,155676,50988,208444,103756,261212,156524,51836,209292,104604,
257468,175436,93404,11372,191484,109452,27420,207532,125500,43468,223580,141548,59516,239628,157596,75564,255676,173644,91612,9580,189692,107660,25628,13164,193276,111244,29212,209324,127292,45260,225372,143340,61308,241420,159388,77356,
207564,148188,88812,29436,232204,172828,113452,54076,256844,197468,138092,78716,19340,222108,162732,103356,43980,246748,187372,127996,68620,9244,212012,152636,133644,74268,14892,217660,158284,98908,39532,242300,182924,123548,64172,4796,
112348,75628,38908,2188,227612,190892,154172,117452,80732,44012,7292,232716,195996,159276,122556,85836,49116,12396,237820,201100,164380,127660,90940,54220,17500,254124,217404,180684,143964,107244,70524,33804,259228,222508,185788,149068,
233964,219900,205836,191772,177708,163644,149580,135516,121452,107388,93324,79260,65196,51132,37068,23004,8940,257020,242956,228892,214828,200764,186700,172636,158572,144508,112460,98396,84332,70268,56204,42140,28076,14012,262092,248028,
48124,56716,65308,73900,82492,91084,99676,108268,116860,125452,134044,142636,151228,159820,168412,177004,185596,194188,202780,211372,219964,228556,237148,245740,254332,780,9372,232940,241532,250124,258716,5164,13756,22348,30940,39532,
79116,110364,141612,172860,204108,235356,4460,35708,66956,98204,129452,160700,191948,223196,254444,23548,54796,86044,117292,148540,179788,211036,242284,11388,42636,73884,105132,136380,91276,122524,153772,185020,216268,247516,16620,47868,
64796,118700,172604,226508,18268,72172,126076,179980,233884,25644,79548,133452,187356,241260,33020,86924,140828,194732,248636,40396,94300,148204,202108,256012,47772,101676,155580,209484,1244,211756,3516,57420,111324,165228,219132,10892,
5164,81724,158284,234844,49260,125820,202380,16796,93356,169916,246476,60892,137452,214012,28428,104988,181548,258108,72524,149084,225644,40060,116620,193180,7596,84156,160716,237276,51692,128252,70092,146652,223212,37628,114188,190748,
162364,261580,98652,197868,34940,134156,233372,70444,169660,6732,105948,205164,42236,141452,240668,77740,176956,14028,113244,212460,49532,148748,247964,85036,184252,21324,120540,219756,56828,156044,255260,190572,27644,126860,226076,63148,
12108,133980,255852,115580,237452,97180,219052,78780,200652,60380,182252,41980,163852,23580,145452,5180,127052,248924,108652,230524,90252,212124,71852,193724,53452,175324,35052,156924,16652,138524,260396,120124,48908,170780,30508,152380,
78684,223212,105596,250124,132508,14892,159420,41804,186332,68716,213244,95628,240156,122540,4924,149452,31836,176364,58748,203276,85660,230188,112572,257100,139484,21868,166396,48780,193308,75692,220220,102604,247132,169388,51772,196300,
99948,4988,172172,77212,244396,149436,54476,221660,126700,31740,198924,103964,9004,176188,81228,248412,153452,58492,225676,130716,35756,202940,107980,13020,180204,85244,252428,157468,62508,229692,134732,39772,206956,111996,27724,194908,
75900,3596,193436,121132,48828,238668,166364,94060,21756,211596,139292,66988,256828,184524,112220,39916,229756,157452,85148,12844,202684,130380,58076,247916,175612,103308,31004,220844,148540,76236,3932,193772,121468,49164,239004,148204,
