1,2,3,4,5,6,7,8,9,10,11,12,13,14,15,16,17,18,19,20,21,22,23,24,25,26,27,28,29,30,31,32,33,34,35,36,37,
74,38,39,40,41,42,43,44,45,46,47,48,49,50,51,52,53,54,55,56,57,58,59,60,61,62,63,64,65,66,67,68,69,70,71,72,73,
110,111,75,76,77,78,79,80,81,82,83,84,85,86,87,88,89,90,91,92,93,94,95,96,97,98,99,100,101,102,103,104,105,106,107,108,109,
146,147,148,112,113,114,115,116,117,118,119,120,121,122,123,124,125,126,127,128,129,130,131,132,133,134,135,136,137,138,139,140,141,142,143,144,145,
182,183,184,185,149,150,151,152,153,154,155,156,157,158,159,160,161,162,163,164,165,166,167,168,169,170,171,172,173,174,175,176,177,178,179,180,181,
218,219,220,221,222,186,187,188,189,190,191,192,193,194,195,196,197,198,199,200,201,202,203,204,205,206,207,208,209,210,211,212,213,214,215,216,217,
254,255,256,257,258,259,223,224,225,226,227,228,229,230,231,232,233,234,235,236,237,238,239,240,241,242,243,244,245,246,247,248,249,250,251,252,253,
290,291,292,293,294,295,296,260,261,262,263,264,265,266,267,268,269,270,271,272,273,274,275,276,277,278,279,280,281,282,283,284,285,286,287,288,289,
326,327,328,329,330,331,332,333,297,298,299,300,301,302,303,304,305,306,307,308,309,310,311,312,313,314,315,316,317,318,319,320,321,322,323,324,325,
362,363,364,365,366,367,368,369,370,334,335,336,337,338,339,340,341,342,343,344,345,346,347,348,349,350,351,352,353,354,355,356,357,358,359,360,361,
398,399,400,401,402,403,404,405,406,407,371,372,373,374,375,376,377,378,379,380,381,382,383,384,385,386,387,388,389,390,391,392,393,394,395,396,397,
434,435,436,437,438,439,440,441,442,443,444,408,409,410,411,412,413,414,415,416,417,418,419,420,421,422,423,424,425,426,427,428,429,430,431,432,433,
470,471,472,473,474,475,476,477,478,479,480,481,445,446,447,448,449,450,451,452,453,454,455,456,457,458,459,460,461,462,463,464,465,466,467,468,469,
506,507,508,509,510,511,512,513,514,515,516,517,518,482,483,484,485,486,487,488,489,490,491,492,493,494,495,496,497,498,499,500,501,502,503,504,505,
542,543,544,545,546,547,548,549,550,551,552,553,554,555,519,520,521,522,523,524,525,526,527,528,529,530,531,532,533,534,535,536,537,538,539,540,541,
578,579,580,581,582,583,584,585,586,587,588,589,590,591,592,556,557,558,559,560,561,562,563,564,565,566,567,568,569,570,571,572,573,574,575,576,577,
614,615,616,617,618,619,620,621,622,623,624,625,626,627,628,629,593,594,595,596,597,598,599,600,601,602,603,604,605,606,607,608,609,610,611,612,613,
650,651,652,653,654,655,656,657,658,659,660,661,662,663,664,665,666,630,631,632,633,634,635,636,637,638,639,640,641,642,643,644,645,646,647,648,649,
686,687,688,689,690,691,692,693,694,695,696,697,698,699,700,701,702,703,667,668,669,670,671,672,673,674,675,676,677,678,679,680,681,682,683,684,685,
722,723,724,725,726,727,728,729,730,731,732,733,734,735,736,737,738,739,740,704,705,706,707,708,709,710,711,712,713,714,715,716,717,718,719,720,721,
758,759,760,761,762,763,764,765,766,767,768,769,770,771,772,773,774,775,776,777,741,742,743,744,745,746,747,748,749,750,751,752,753,754,755,756,757,
794,795,796,797,798,799,800,801,802,803,804,805,806,807,808,809,810,811,812,813,814,778,779,780,781,782,783,784,785,786,787,788,789,790,791,792,793,
830,831,832,833,834,835,836,837,838,839,840,841,842,843,844,845,846,847,848,849,850,851,815,816,817,818,819,820,821,822,823,824,825,826,827,828,829,
866,867,868,869,870,871,872,873,874,875,876,877,878,879,880,881,882,883,884,885,886,887,888,852,853,854,855,856,857,858,859,860,861,862,863,864,865,
902,903,904,905,906,907,908,909,910,911,912,913,914,915,916,917,918,919,920,921,922,923,924,925,889,890,891,892,893,894,895,896,897,898,899,900,901,
938,939,940,941,942,943,944,945,946,947,948,949,950,951,952,953,954,955,956,957,958,959,960,961,962,926,927,928,929,930,931,932,933,934,935,936,937,
974,975,976,977,978,979,980,981,982,983,984,985,986,987,988,989,990,991,992,993,994,995,996,997,998,999,963,964,965,966,967,968,969,970,971,972,973,
1010,1011,1012,1013,1014,1015,1016,1017,1018,1019,1020,1021,1022,1023,1024,1025,1026,1027,1028,1029,1030,1031,1032,1033,1034,1035,1036,1000,1001,1002,1003,1004,1005,1006,1007,1008,1009,
1046,1047,1048,1049,1050,1051,1052,1053,1054,1055,1056,1057,1058,1059,1060,1061,1062,1063,1064,1065,1066,1067,1068,1069,1070,1071,1072,1073,1037,1038,1039,1040,1041,1042,1043,1044,1045,
1082,1083,1084,1085,1086,1087,1088,1089,1090,1091,1092,1093,1094,1095,1096,1097,1098,1099,1100,1101,1102,1103,1104,1105,1106,1107,1108,1109,1110,1074,1075,1076,1077,1078,1079,1080,1081,
1118,1119,1120,1121,1122,1123,1124,1125,1126,1127,1128,1129,1130,1131,1132,1133,1134,1135,1136,1137,1138,1139,1140,1141,1142,1143,1144,1145,1146,1147,1111,1112,1113,1114,1115,1116,1117,
1154,1155,1156,1157,1158,1159,1160,1161,1162,1163,1164,1165,1166,1167,1168,1169,1170,1171,1172,1173,1174,1175,1176,1177,1178,1179,1180,1181,1182,1183,1184,1148,1149,1150,1151,1152,1153,
1190,1191,1192,1193,1194,1195,1196,1197,1198,1199,1200,1201,1202,1203,1204,1205,1206,1207,1208,1209,1210,1211,1212,1213,1214,1215,1216,1217,1218,1219,1220,1221,1185,1186,1187,1188,1189,
1226,1227,1228,1229,1230,1231,1232,1233,1234,1235,1236,1237,1238,1239,1240,1241,1242,1243,1244,1245,1246,1247,1248,1249,1250,1251,1252,1253,1254,1255,1256,1257,1258,1222,1223,1224,1225,
1262,1263,1264,1265,1266,1267,1268,1269,1270,1271,1272,1273,1274,1275,1276,1277,1278,1279,1280,1281,1282,1283,1284,1285,1286,1287,1288,1289,1290,1291,1292,1293,1294,1295,1259,1260,1261,
1298,1299,1300,1301,1302,1303,1304,1305,1306,1307,1308,1309,1310,1311,1312,1313,1314,1315,1316,1317,1318,1319,1320,1321,1322,1323,1324,1325,1326,1327,1328,1329,1330,1331,1332,1296,1297,
1334,1335,1336,1337,1338,1339,1340,1341,1342,1343,1344,1345,1346,1347,1348,1349,1350,1351,1352,1353,1354,1355,1356,1357,1358,1359,1360,1361,1362,1363,1364,1365,1366,1367,1368,1369,1333,
100679,101382,102085,102788,103491,104194,104897,105600,106303,107006,107709,108412,109115,109818,110521,111224,111927,112630,113333,114036,114739,115442,116145,116848,117551,118254,118957,119660,120363,121066,121769,122472,123175,123878,124581,125284,125987,
39818,227370,229442,231514,233586,235658,237730,239802,241874,243946,246018,248090,250162,252234,254306,256378,258450,260522,450,2522,4594,6666,8738,10810,12882,14954,17026,19098,21170,23242,25314,27386,29458,31530,33602,35674,37746,
212352,215793,91917,95358,98799,102240,105681,109122,112563,116004,119445,122886,126327,129768,133209,136650,140091,143532,146973,150414,153855,157296,160737,164178,167619,171060,174501,177942,181383,184824,188265,191706,195147,198588,202029,205470,208911,
120004,124814,129624,218608,223418,228228,233038,237848,242658,247468,252278,257088,261898,4564,9374,14184,18994,23804,28614,33424,38234,43044,47854,52664,57474,62284,67094,71904,76714,81524,86334,91144,95954,100764,105574,110384,115194,
24918,31097,37276,43455,83155,89334,95513,101692,107871,114050,120229,126408,132587,138766,144945,151124,157303,163482,169661,175840,182019,188198,194377,200556,206735,212914,219093,225272,231451,237630,243809,249988,256167,202,6381,12560,18739,
189238,196786,204334,211882,219430,209846,217394,224942,232490,240038,247586,255134,538,8086,15634,23182,30730,38278,45826,53374,60922,68470,76018,83566,91114,98662,106210,113758,121306,128854,136402,143950,151498,159046,166594,174142,181690,
88676,97593,106510,115427,124344,133261,74393,83310,92227,101144,110061,118978,127895,136812,145729,154646,163563,172480,181397,190314,199231,208148,217065,225982,234899,243816,252733,261650,8423,17340,26257,35174,44091,53008,61925,70842,79759,
247520,257806,5948,16234,26520,36806,47092,201084,211370,221656,231942,242228,252514,656,10942,21228,31514,41800,52086,62372,72658,82944,93230,103516,113802,124088,134374,144660,154946,165232,175518,185804,196090,206376,216662,226948,237234,
141482,153137,164792,176447,188102,199757,211412,223067,65631,77286,88941,100596,112251,123906,135561,147216,158871,170526,182181,193836,205491,217146,228801,240456,252111,1622,13277,24932,36587,48242,59897,71552,83207,94862,106517,118172,129827,
32706,45730,58754,71778,84802,97826,110850,123874,136898,192322,205346,218370,231394,244418,257442,8322,21346,34370,47394,60418,73442,86466,99490,112514,125538,138562,151586,164610,177634,190658,203682,216706,229730,242754,255778,6658,19682,
183336,197729,212122,226515,240908,255301,7550,21943,36336,50729,56869,71262,85655,100048,114441,128834,143227,157620,172013,186406,200799,215192,229585,243978,258371,10620,25013,39406,53799,68192,82585,96978,111371,125764,140157,154550,168943,
69084,84846,100608,116370,132132,147894,163656,179418,195180,210942,226704,183560,199322,215084,230846,246608,226,15988,31750,47512,63274,79036,94798,110560,126322,142084,157846,173608,189370,205132,220894,236656,252418,6036,21798,37560,53322,
214238,231369,248500,3487,20618,37749,54880,72011,89142,106273,123404,140535,48107,65238,82369,99500,116631,133762,150893,168024,185155,202286,219417,236548,253679,8666,25797,42928,60059,77190,94321,111452,128583,145714,162845,179976,197107,
94510,113010,131510,150010,168510,187010,205510,224010,242510,261010,17366,35866,54366,174798,193298,211798,230298,248798,5154,23654,42154,60654,79154,97654,116154,134654,153154,171654,190154,208654,227154,245654,2010,20510,39010,57510,76010,
234188,254057,11782,31651,51520,71389,91258,111127,130996,150865,170734,190603,210472,230341,39345,59214,79083,98952,118821,138690,158559,178428,198297,218166,238035,257904,15629,35498,55367,75236,95105,114974,134843,154712,174581,194450,214319,
108984,130222,151460,172698,193936,215174,236412,257650,16744,37982,59220,80458,101696,122934,144172,166036,187274,208512,229750,250988,10082,31320,52558,73796,95034,116272,137510,158748,179986,201224,222462,243700,2794,24032,45270,66508,87746,
243186,3649,26256,48863,71470,94077,116684,139291,161898,184505,207112,229719,252326,12789,35396,58003,30583,53190,75797,98404,121011,143618,166225,188832,211439,234046,256653,17116,39723,62330,84937,107544,130151,152758,175365,197972,220579,
112506,136482,160458,184434,208410,232386,256362,18194,42170,66146,90122,114098,138074,162050,186026,210002,233978,157274,181250,205226,229202,253178,15010,38986,62962,86938,110914,134890,158866,182842,206818,230794,254770,16602,40578,64554,88530,
241232,4433,29778,55123,80468,105813,131158,156503,181848,207193,232538,257883,21084,46429,71774,97119,122464,147809,21821,47166,72511,97856,123201,148546,173891,199236,224581,249926,13127,38472,63817,89162,114507,139852,165197,190542,215887,
105076,131790,158504,185218,211932,238646,3216,29930,56644,83358,110072,136786,163500,190214,216928,243642,8212,34926,61640,148512,175226,201940,228654,255368,19938,46652,73366,100080,126794,153508,180222,206936,233650,260364,24934,51648,78362,
228326,256409,22348,50431,78514,106597,134680,162763,190846,218929,247012,12951,41034,69117,97200,125283,153366,181449,209532,237615,13059,41142,69225,97308,125391,153474,181557,209640,237723,3662,31745,59828,87911,115994,144077,172160,200243,
86694,116146,145598,175050,204502,233954,1262,30714,60166,89618,119070,148522,177974,207426,236878,4186,33638,63090,92542,121994,151446,139750,169202,198654,228106,257558,24866,54318,83770,113222,142674,172126,201578,231030,260482,27790,57242,
204468,235289,3966,34787,65608,96429,127250,158071,188892,219713,250534,19211,50032,80853,111674,142495,173316,204137,234958,3635,34456,65277,4297,35118,65939,96760,127581,158402,189223,220044,250865,19542,50363,81184,112005,142826,173647,
57360,89550,121740,153930,186120,218310,250500,20546,52736,84926,117116,149306,181496,213686,245876,15922,48112,80302,112492,144682,176872,209062,241252,130988,163178,195368,227558,259748,29794,61984,94174,126364,158554,190744,222934,255124,25170,
169658,203217,236776,8191,41750,75309,108868,142427,175986,209545,243104,14519,48078,81637,115196,148755,182314,215873,249432,20847,54406,87965,121524,155083,257679,29094,62653,96212,129771,163330,196889,230448,1863,35422,68981,102540,136099,
17074,52002,86930,121858,156786,191714,226642,261570,34354,69282,104210,139138,174066,208994,243922,16706,51634,86562,121490,156418,191346,226274,261202,33986,68914,122226,157154,192082,227010,261938,34722,69650,104578,139506,174434,209362,244290,
123896,160193,196490,232787,6940,43237,79534,115831,152128,188425,224722,261019,35172,71469,107766,144063,180360,216657,252954,27107,63404,99701,135998,172295,208592,244889,248917,23070,59367,95664,131961,168258,204555,240852,15005,51302,87599,
227980,3502,41168,78834,116500,154166,191832,229498,5020,42686,80352,118018,155684,193350,231016,6538,44204,81870,119536,157202,194868,232534,8056,45722,83388,121054,158720,113464,151130,188796,226462,1984,39650,77316,114982,152648,190314,
67182,106217,145252,184287,223322,213,39248,78283,117318,156353,195388,234423,11314,50349,89384,128419,167454,206489,245524,22415,61450,100485,139520,178555,217590,256625,33516,72551,240155,17046,56081,95116,134151,173186,212221,251256,28147,
165790,206194,246598,24858,65262,105666,146070,186474,226878,5138,45542,85946,126350,166754,207158,247562,25822,66226,106630,147034,187438,227842,6102,46506,86910,127314,167718,208122,248526,104702,145106,185510,225914,4174,44578,84982,125386,
261660,41289,83062,124835,166608,208381,250154,29783,71556,113329,155102,196875,238648,18277,60050,101823,143596,185369,227142,6771,48544,90317,132090,173863,215636,257409,37038,78811,120584,162357,231393,11022,52795,94568,136341,178114,219887,
92648,135790,178932,222074,3072,46214,89356,132498,175640,218782,261924,42922,86064,129206,172348,215490,258632,39630,82772,125914,169056,212198,255340,36338,79480,122622,165764,208906,252048,33046,76188,95940,139082,182224,225366,6364,49506,
183042,227553,9920,54431,98942,143453,187964,232475,14842,59353,103864,148375,192886,237397,19764,64275,108786,153297,197808,242319,24686,69197,113708,158219,202730,247241,29608,74119,118630,163141,207652,252163,222631,4998,49509,94020,138531,
8554,54434,100314,146194,192074,237954,21690,67570,113450,159330,205210,251090,34826,80706,126586,172466,218346,2082,47962,93842,139722,185602,231482,15218,61098,106978,152858,198738,244618,28354,74234,120114,165994,87178,133058,178938,224818,
93472,140721,187970,235219,20324,67573,114822,162071,209320,256569,41674,88923,136172,183421,230670,15775,63024,110273,157522,204771,252020,37125,84374,131623,178872,226121,11226,58475,105724,152973,200222,247471,32576,79825,213869,261118,46223,
175652,224270,10744,59362,107980,156598,205216,253834,40308,88926,137544,186162,234780,21254,69872,118490,167108,215726,2200,50818,99436,148054,196672,245290,31764,80382,129000,177618,226236,12710,61328,109946,158564,207182,255800,78416,127034,
255094,42937,92924,142911,192898,242885,30728,80715,130702,180689,230676,18519,68506,118493,168480,218467,6310,56297,106284,156271,206258,256245,44088,94075,144062,194049,244036,31879,81866,131853,181840,231827,19670,69657,119644,169631,205107,
6833,5850,4867,3884,2901,1918,935,262096,261113,260130,259147,258164,257181,256198,255215,254232,253249,252266,251283,250300,249317,248334,247351,246368,245385,244402,243419,242436,241453,240470,239487,238504,237521,236538,235555,234572,233589,
208942,257510,88680,181994,13164,106478,199792,30962,124276,217590,48760,142074,235388,66558,159872,253186,84356,177670,8840,102154,195468,26638,119952,213266,44436,137750,231064,62234,155548,248862,80032,173346,4516,97830,191144,22314,115628,
258828,184295,246043,171510,96977,22444,210055,135522,60989,248600,174067,99534,25001,212612,138079,63546,251157,176624,102091,27558,215169,140636,66103,253714,179181,104648,30115,217726,143193,68660,256271,181738,107205,32672,220283,145750,71217,
120120,139884,159648,234576,254340,11960,31724,51488,71252,91016,110780,130544,150308,170072,189836,209600,229364,249128,6748,26512,46276,66040,85804,105568,125332,145096,164860,184624,204388,224152,243916,1536,21300,41064,60828,80592,100356,
54962,169023,20940,135001,223109,75026,189087,41004,155065,6982,121043,235104,87021,201082,52999,167060,18977,133038,247099,99016,213077,64994,179055,30972,145033,259094,111011,225072,76989,191050,42967,157028,8945,123006,237067,88984,203045,
63354,9568,217926,164140,110354,211642,157856,104070,50284,258642,204856,151070,97284,43498,251856,198070,144284,90498,36712,245070,191284,137498,83712,29926,238284,184498,130712,76926,23140,231498,177712,123926,70140,16354,224712,170926,117140,
145296,185807,226318,4685,45196,85707,200175,240686,19053,59564,100075,140586,181097,221608,262119,40486,80997,121508,162019,202530,243041,21408,61919,102430,142941,183452,223963,2330,42841,83352,123863,164374,204885,245396,23763,64274,104785,
38644,173452,46116,180924,53588,188396,61060,188708,61372,196180,68844,203652,76316,211124,83788,218596,91260,226068,98732,233540,106204,241012,113676,248484,121148,255956,128620,1284,136092,8756,143564,16228,151036,23700,158508,31172,165980,
5542,234647,201608,168569,135530,102491,69452,36413,177241,144202,111163,78124,45085,12046,241151,208112,175073,142034,108995,75956,42917,9878,238983,205944,172905,139866,106827,73788,40749,7710,236815,203776,170737,137698,104659,71620,38581,
45990,107248,168506,229764,28878,90136,151394,212652,11766,165774,227032,26146,87404,148662,209920,9034,70292,131550,192808,254066,53180,114438,175696,236954,36068,97326,158584,219842,18956,80214,141472,202730,1844,63102,124360,185618,246876,
159988,53399,208954,102365,257920,151331,44742,200297,93708,249263,154307,47718,203273,96684,252239,145650,39061,194616,88027,243582,136993,30404,185959,79370,234925,128336,21747,177302,70713,226268,119679,13090,168645,62056,217611,111022,4433,
85392,73100,60808,48516,36224,23932,11640,261492,249200,236908,224616,142840,130548,118256,105964,93672,81380,69088,56796,44504,32212,19920,7628,257480,245188,232896,220604,208312,196020,183728,171436,159144,146852,134560,122268,109976,97684,
84346,166351,248356,68217,150222,232227,52088,134093,216098,35959,117964,199969,131373,213378,33239,115244,197249,17110,99115,181120,981,82986,164991,246996,66857,148862,230867,50728,132733,214738,34599,116604,198609,18470,100475,182480,2341,
156850,71008,247310,161468,75626,251928,166086,80244,256546,170704,84862,261164,175322,119906,34064,210366,124524,38682,214984,129142,43300,219602,133760,47918,224220,138378,52536,228838,142996,57154,233456,147614,61772,238074,152232,66390,242692,
40760,49215,57670,66125,74580,83035,91490,99945,108400,116855,125310,133765,142220,150675,108439,116894,125349,133804,142259,150714,159169,167624,176079,184534,192989,201444,209899,218354,226809,235264,243719,252174,260629,6940,15395,23850,32305,
260364,100972,203724,44332,147084,249836,90444,193196,33804,136556,239308,79916,182668,23276,126028,96972,199724,40332,143084,245836,86444,189196,29804,132556,235308,75916,178668,19276,122028,224780,65388,168140,8748,111500,214252,54860,157612,
29230,226279,161184,96089,30994,228043,162948,97853,32758,229807,164712,99617,34522,231571,166476,101381,85505,20410,217459,152364,87269,22174,219223,154128,89033,23938,220987,155892,90797,25702,222751,157656,92561,27466,224515,159420,94325,
133790,162992,192194,221396,250598,17656,46858,76060,105262,134464,163666,192868,222070,251272,18330,47532,76734,74038,103240,132442,161644,190846,220048,249250,16308,45510,74712,103914,133116,162318,191520,220722,249924,16982,46184,75386,104588,
49756,173255,34610,158109,19464,142963,4318,127817,251316,112671,236170,97525,221024,82379,205878,67233,190732,52087,62571,186070,47425,170924,32279,155778,17133,140632,1987,125486,248985,110340,233839,95194,218693,80048,203547,64902,188401,
39272,257068,212720,168372,124024,79676,35328,253124,208776,164428,120080,75732,31384,249180,204832,160484,116136,71788,27440,51104,6756,224552,180204,135856,91508,47160,2812,220608,176260,131912,87564,43216,261012,216664,172316,127968,83620,
102338,152287,202236,252185,39990,89939,139888,189837,239786,27591,77540,127489,177438,227387,15192,65141,115090,165039,214988,2793,39637,89586,139535,189484,239433,27238,77187,127136,177085,227034,14839,64788,114737,164686,214635,2440,52389,
238954,121056,3158,147404,29506,173752,55854,200100,82202,226448,108550,252796,134898,17000,161246,43348,187594,69696,213942,96044,240290,28170,172416,54518,198764,80866,225112,107214,251460,133562,15664,159910,42012,186258,68360,212606,94708,
186976,163375,139774,116173,92572,68971,45370,21769,260312,236711,213110,189509,165908,142307,118706,95105,71504,47903,24302,701,239244,215643,16703,255246,231645,208044,184443,160842,137241,113640,90039,66438,42837,19236,257779,234178,210577,
208548,17100,87796,158492,229188,37740,108436,179132,249828,58380,129076,199772,8324,79020,149716,220412,28964,99660,170356,241052,49604,120300,190996,5236,75932,146628,217324,25876,96572,167268,237964,46516,117212,187908,258604,67156,137852,
41526,206519,109368,12217,177210,80059,245052,147901,50750,215743,118592,21441,186434,89283,254276,157125,59974,224967,127816,30665,195658,98507,1356,166349,255913,158762,61611,226604,129453,32302,197295,100144,2993,167986,70835,235828,138677,
210198,207344,204490,201636,198782,195928,193074,190220,187366,184512,181658,178804,175950,173096,170242,167388,164534,161680,158826,155972,153118,150264,147410,144556,141702,244446,241592,238738,235884,233030,230176,227322,224468,221614,218760,215906,213052,
190276,19575,111018,202461,31760,123203,214646,43945,135388,226831,56130,147573,239016,68315,159758,251201,80500,171943,1242,92685,184128,13427,104870,196313,25612,117055,232979,62278,153721,245164,74463,165906,257349,86648,178091,7390,98833,
243904,167500,91096,14692,200432,124028,47624,233364,156960,80556,4152,189892,113488,37084,222824,146420,70016,255756,179352,102948,26544,212284,135880,59476,245216,168812,92408,221512,145108,68704,254444,178040,101636,25232,210972,134568,58164,
108938,126831,144724,162617,180510,198403,216296,234189,252082,7831,25724,43617,61510,79403,97296,115189,133082,150975,168868,186761,204654,222547,240440,258333,14082,31975,49868,67761,210045,227938,245831,1580,19473,37366,55259,73152,91045,
47522,159712,9758,121948,234138,84184,196374,46420,158610,8656,120846,233036,83082,195272,45318,157508,7554,119744,231934,81980,194170,44216,156406,6452,118642,230832,80878,193068,43114,198578,48624,160814,10860,123050,235240,85286,197476,
59656,3999,210486,154829,99172,43515,250002,194345,138688,83031,27374,233861,178204,122547,66890,11233,217720,162063,106406,50749,257236,201579,145922,90265,34608,241095,185438,129781,74124,18467,187111,131454,75797,20140,226627,170970,115313,
145340,183980,222620,261260,37756,76396,115036,153676,192316,230956,7452,46092,84732,123372,162012,200652,239292,15788,54428,93068,131708,170348,208988,247628,24124,62764,101404,140044,178684,217324,255964,175644,214284,252924,29420,68060,106700,
42430,175367,46160,179097,49890,182827,53620,186557,57350,190287,61080,194017,64810,197747,68540,201477,72270,205207,76000,208937,79730,212667,83460,216397,87190,220127,90920,223857,94650,227587,98380,231317,164177,34970,167907,38700,171637,
13070,240304,205394,170484,135574,100664,65754,30844,258078,223168,188258,153348,118438,83528,48618,13708,240942,206032,171122,136212,101302,66392,31482,258716,223806,188896,153986,119076,84166,49256,14346,241580,206670,152710,117800,82890,47980,
57260,116647,176034,235421,32664,92051,151438,210825,8068,67455,126842,186229,245616,42859,102246,161633,221020,18263,77650,137037,196424,255811,53054,112441,171828,231215,28458,87845,147232,206619,3862,63249,122636,182023,141243,200630,260017,
175000,66540,220224,111764,3304,156988,48528,202212,93752,247436,138976,30516,184200,75740,229424,120964,12504,166188,57728,211412,102952,256636,148176,39716,193400,84940,238624,130164,21704,175388,66928,220612,112152,3692,157376,129776,21316,
104146,89983,75820,61657,47494,33331,19168,5005,252986,238823,224660,210497,196334,182171,168008,153845,139682,125519,111356,97193,83030,68867,54704,40541,26378,12215,260196,246033,231870,217707,203544,189381,175218,161055,146892,132729,118309,
17575,43586,69597,95608,121619,147630,173641,199652,225663,251674,15541,41552,67563,93574,119585,145596,171607,197618,223629,249640,13507,39518,65529,91540,117551,143562,169573,195584,221595,247606,11473,37484,63495,89506,115517,141528,167539,
182050,43586,120250,196914,11434,88098,164762,241426,55946,132610,209274,23794,100458,177122,253786,68306,144970,221634,36154,112818,189482,4002,80666,157330,233994,48514,125178,201842,16362,93026,169690,246354,60874,137538,214202,28722,105386,
69244,196561,69597,196914,62087,189404,54577,181894,47067,174384,39557,166874,32047,159364,24537,151854,17027,144344,9517,136834,2007,129324,256641,121814,249131,114304,241621,106794,234111,99284,226601,91774,219091,84264,211581,76754,204071,
117276,33102,211072,95608,11434,189404,105230,21056,199026,114852,30678,208648,124474,40300,218270,134096,49922,227892,143718,59544,237514,153340,69166,247136,162962,78788,256758,172584,88410,4236,182206,98032,13858,191828,107654,23480,201450,
64002,30481,259104,225583,121619,88098,54577,21056,249679,216158,182637,149116,115595,82074,48553,15032,243655,210134,176613,143092,109571,76050,42529,9008,237631,204110,170589,137068,103547,70026,36505,2984,231607,198086,164565,131044,97523,
171566,188698,205830,222962,240094,147630,164762,181894,199026,216158,233290,250422,5410,22542,39674,56806,73938,91070,108202,125334,142466,159598,176730,193862,210994,228126,245258,246,17378,34510,51642,68774,85906,103038,120170,137302,154434,
177824,245609,51250,119035,186820,254605,173641,241426,47067,114852,182637,250422,56063,123848,191633,259418,65059,132844,200629,6270,74055,141840,209625,15266,83051,150836,218621,24262,92047,159832,227617,33258,101043,168828,236613,42254,110039,
82776,201214,57508,175946,32240,150678,6972,199652,55946,174384,30678,149116,5410,123848,242286,98580,217018,73312,191750,48044,166482,22776,141214,259652,115946,234384,90678,209116,65410,183848,40142,158580,14874,133312,251750,108044,226482,
148566,55513,224604,131551,38498,207589,114536,21483,225663,132610,39557,208648,115595,22542,191633,98580,5527,174618,81565,250656,157603,64550,233641,140588,47535,216626,123573,30520,199611,106558,13505,182596,89543,258634,165581,72528,241619,
113050,70650,28250,247994,205594,163194,120794,78394,35994,251674,209274,166874,124474,82074,39674,259418,217018,174618,132218,89818,47418,5018,224762,182362,139962,97562,55162,12762,232506,190106,147706,105306,62906,20506,240250,197850,155450,
238372,246625,254878,987,9240,17493,25746,33999,42252,50505,15541,23794,32047,40300,48553,56806,65059,73312,81565,89818,98071,106324,114577,122830,131083,139336,147589,155842,164095,172348,180601,188854,197107,205360,213613,221866,230119,
244,59150,118056,176962,235868,32630,91536,150442,209348,6110,65016,41552,100458,159364,218270,15032,73938,132844,191750,250656,47418,106324,165230,224136,20898,79804,138710,197616,256522,53284,112190,171096,230002,26764,85670,144576,203482,
185098,32513,142072,251631,99046,208605,56020,165579,12994,122553,232112,79527,67563,177122,24537,134096,243655,91070,200629,48044,157603,5018,114577,224136,71551,181110,28525,138084,247643,95058,204617,52032,161591,9006,118565,228124,75539,
6502,166714,64782,224994,123062,21130,181342,79410,239622,137690,35758,195970,94038,93574,253786,151854,49922,210134,108202,6270,166482,64550,224762,122830,20898,181110,79178,239390,137458,35526,195738,93806,254018,152086,50154,210366,108434,
250888,199609,148330,97051,45772,256637,205358,154079,102800,51521,242,211107,159828,108549,119585,68306,17027,227892,176613,125334,74055,22776,233641,182362,131083,79804,28525,239390,188111,136832,85553,34274,245139,193860,142581,91302,40023,
131824,131198,130572,129946,129320,128694,128068,127442,126816,126190,125564,124938,124312,123686,123060,145596,144970,144344,143718,143092,142466,141840,141214,140588,139962,139336,138710,138084,137458,136832,136206,135580,134954,134328,133702,133076,132450,
173598,223625,11508,61535,111562,161589,211616,261643,49526,99553,149580,199607,249634,37517,87544,137571,171607,221634,9517,59544,109571,159598,209625,259652,47535,97562,147589,197616,247643,35526,85553,135580,185607,235634,23517,73544,123571,
114066,214746,53282,153962,254642,93178,193858,32394,133074,233754,72290,172970,11506,112186,212866,51402,152082,197618,36154,136834,237514,76050,176730,15266,115946,216626,55162,155842,256522,95058,195738,34274,134954,235634,74170,174850,13386,
215372,104561,255894,145083,34272,185605,74794,226127,115316,4505,155838,45027,196360,85549,236882,126071,15260,166593,223629,112818,2007,153340,42529,193862,83051,234384,123573,12762,164095,53284,204617,93806,245139,134328,23517,174850,64039,
215372,155214,95056,34898,236884,176726,116568,56410,258396,198238,138080,77922,17764,219750,159592,99434,39276,241262,181104,249640,189482,129324,69166,9008,210994,150836,90678,30520,232506,172348,112190,52032,254018,193860,133702,73544,13386,
114066,104561,95056,85551,76046,66541,57036,47531,38026,28521,19016,9511,6,252645,243140,233635,224130,214625,205120,195615,13507,4002,256641,247136,237631,228126,218621,209116,199611,190106,180601,171096,161591,152086,142581,133076,123571,
173598,214746,255894,34898,76046,117194,158342,199490,240638,19642,60790,101938,143086,184234,225382,4386,45534,86682,127830,168978,210126,39518,80666,121814,162962,204110,245258,24262,65410,106558,147706,188854,230002,9006,50154,91302,132450,
131824,223625,53282,145083,236884,66541,158342,250143,79800,171601,1258,93059,184860,14517,106318,198119,27776,119577,211378,41035,132836,224637,65529,157330,249131,78788,170589,246,92047,183848,13505,105306,197107,26764,118565,210366,40023,
250888,131198,11508,153962,34272,176726,57036,199490,79800,222254,102564,245018,125328,5638,148092,28402,170856,51166,193620,73930,216384,96694,239148,91540,233994,114304,256758,137068,17378,159832,40142,182596,62906,205360,85670,228124,108434,
6502,199609,130572,61535,254642,185605,116568,47531,240638,171601,102564,33527,226634,157597,88560,19523,212630,143593,74556,5519,198626,129589,60552,253659,117551,48514,241621,172584,103547,34510,227617,158580,89543,20506,213613,144576,75539,
185098,166714,148330,129946,111562,93178,74794,56410,38026,19642,1258,245018,226634,208250,189866,171482,153098,134714,116330,97946,79562,61178,42794,24410,6026,143562,125178,106794,88410,70026,51642,33258,14874,258634,240250,221866,203482,
244,32513,64782,97051,129320,161589,193858,226127,258396,28521,60790,93059,125328,157597,189866,222135,254404,24529,56798,89067,121336,153605,185874,218143,250412,20537,169573,201842,234111,4236,36505,68774,101043,133312,165581,197850,230119,
238372,59150,142072,224994,45772,128694,211616,32394,115316,198238,19016,101938,184860,5638,88560,171482,254404,75182,158104,241026,61804,144726,227648,48426,131348,214270,35048,195584,16362,99284,182206,2984,85906,168828,251750,72528,155450,
113050,246625,118056,251631,123062,256637,128068,261643,133074,4505,138080,9511,143086,14517,148092,19523,153098,24529,158104,29535,163110,34541,168116,39547,173122,44553,178128,49559,221595,93026,226601,98032,231607,103038,236613,108044,241619,
148566,70650,254878,176962,99046,21130,205358,127442,49526,233754,155838,77922,6,184234,106318,28402,212630,134714,56798,241026,163110,85194,7278,191506,113590,35674,219902,141986,64070,247606,169690,91774,13858,198086,120170,42254,226482,
82776,55513,28250,987,235868,208605,181342,154079,126816,99553,72290,45027,17764,252645,225382,198119,170856,143593,116330,89067,61804,34541,7278,242159,214896,187633,160370,133107,105844,78581,11473,246354,219091,191828,164565,137302,110039,
177824,201214,224604,247994,9240,32630,56020,79410,102800,126190,149580,172970,196360,219750,243140,4386,27776,51166,74556,97946,121336,144726,168116,191506,214896,238286,261676,22922,46312,69702,93092,37484,60874,84264,107654,131044,154434,
171566,245609,57508,131551,205594,17493,91536,165579,239622,51521,125564,199607,11506,85549,159592,233635,45534,119577,193620,5519,79562,153605,227648,39547,113590,187633,261676,73575,147618,221661,33560,107603,63495,137538,211581,23480,97523,
64002,188698,51250,175946,38498,163194,25746,150442,12994,137690,242,124938,249634,112186,236882,99434,224130,86682,211378,73930,198626,61178,185874,48426,173122,35674,160370,22922,147618,10170,134866,259562,122114,89506,214202,76754,201450,
117276,30481,205830,119035,32240,207589,120794,33999,209348,122553,35758,211107,124312,37517,212866,126071,39276,214625,127830,41035,216384,129589,42794,218143,131348,44553,219902,133107,46312,221661,134866,48071,223420,136625,115517,28722,204071,
69244,33102,259104,222962,186820,150678,114536,78394,42252,6110,232112,195970,159828,123686,87544,51402,15260,241262,205120,168978,132836,96694,60552,24410,250412,214270,178128,141986,105844,69702,33560,259562,223420,187278,151136,141528,105386,
182050,196561,211072,225583,240094,254605,6972,21483,35994,50505,65016,79527,94038,108549,123060,137571,152082,166593,181104,195615,210126,224637,239148,253659,6026,20537,35048,49559,64070,78581,93092,107603,122114,136625,151136,165647,167539,
62993,26902,252955,216864,180773,144682,108591,72500,36409,318,226371,190280,154189,118098,82007,45916,9825,235878,199787,163696,127605,91514,55423,19332,245385,209294,173203,137112,101021,64930,28839,254892,218801,182710,146619,110528,74437,
74694,26622,71648,116674,161700,206726,251752,34634,79660,124686,169712,214738,259764,42646,87672,132698,177724,222750,5632,50658,95684,140710,185736,230762,13644,58670,103696,148722,193748,238774,21656,66682,111708,156734,201760,246786,29668,
210952,74951,252395,116394,242537,106536,232679,96678,222821,86820,212963,76962,203105,67104,193247,57246,183389,47388,173531,37530,163673,27672,153815,17814,143957,7956,134099,260242,124241,250384,114383,240526,104525,230668,94667,220810,84809,
184976,130092,75208,216024,161140,106256,51372,258632,203748,148864,93980,39096,246356,191472,136588,81704,26820,234080,179196,124312,69428,14544,221804,166920,112036,57152,2268,209528,154644,99760,44876,252136,197252,142368,87484,32600,239860,
258910,22999,49232,75465,179653,205886,232119,258352,22441,48674,74907,101140,127373,153606,179839,206072,232305,258538,22627,48860,75093,101326,127559,153792,180025,206258,232491,258724,22813,49046,75279,101512,127745,153978,180211,206444,232677,
170610,15816,123166,230516,75722,143282,250632,95838,203188,48394,155744,950,108300,215650,60856,168206,13412,120762,228112,73318,180668,25874,133224,240574,85780,193130,38336,145686,253036,98242,205592,50798,158148,3354,110704,218054,63260,
182220,108543,34866,223333,149656,75979,106911,33234,221701,148024,74347,670,189137,115460,41783,230250,156573,82896,9219,197686,124009,50332,238799,165122,91445,17768,206235,132558,58881,247348,173671,99994,26317,214784,141107,67430,255897,
31596,39036,46476,53916,61356,68796,76236,70540,77980,85420,92860,100300,107740,115180,122620,130060,137500,144940,152380,159820,167260,174700,182140,189580,197020,204460,211900,219340,226780,234220,241660,249100,256540,1836,9276,16716,24156,
243026,69439,157996,246553,72966,161523,250080,76493,34169,122726,211283,37696,126253,214810,41223,129780,218337,44750,133307,221864,48277,136834,225391,51804,140361,228918,55331,143888,232445,58858,147415,235972,62385,150942,239499,65912,154469,
30078,199752,107282,14812,184486,92016,261690,169220,76750,259942,167472,75002,244676,152206,59736,229410,136940,44470,214144,121674,29204,198878,106408,13938,183612,91142,260816,168346,75876,245550,153080,60610,230284,137814,45344,215018,122548,
179184,167831,156478,145125,133772,122419,111066,99713,88360,77007,223571,212218,200865,189512,178159,166806,155453,144100,132747,121394,110041,98688,87335,75982,64629,53276,41923,30570,19217,7864,258655,247302,235949,224596,213243,201890,190537,
166056,235820,43440,113204,182968,252732,60352,130116,199880,7500,77264,187200,256964,64584,134348,204112,11732,81496,151260,221024,28644,98408,168172,237936,45556,115320,185084,254848,62468,132232,201996,9616,79380,149144,218908,26528,96292,
252838,141575,30312,181193,69930,220811,109548,260429,149166,37903,188784,77521,150829,39566,190447,79184,230065,118802,7539,158420,47157,198038,86775,237656,126393,15130,166011,54748,205629,94366,245247,133984,22721,173602,62339,213220,101957,
177386,147240,117094,86948,56802,26656,258654,228508,198362,168216,138070,107924,77778,114458,84312,54166,24020,256018,225872,195726,165580,135434,105288,75142,44996,14850,246848,216702,186556,156410,126264,96118,65972,35826,5680,237678,207532,
201844,252815,41642,92613,143584,194555,245526,34353,85324,136295,187266,238237,27064,78035,78087,129058,180029,231000,19827,70798,121769,172740,223711,12538,63509,114480,165451,216422,5249,56220,107191,158162,209133,260104,48931,99902,150873,
64068,196156,66100,198188,68132,200220,70164,202252,72196,204284,74228,206316,76260,208348,78292,41716,173804,43748,175836,45780,177868,47812,179900,49844,181932,51876,183964,53908,185996,55940,188028,57972,190060,60004,192092,62036,194124,
26202,239407,190468,141529,92590,43651,256856,207917,158978,110039,61100,12161,225366,176427,127488,78549,5345,218550,169611,120672,71733,22794,235999,187060,138121,89182,40243,253448,204509,155570,106631,57692,8753,221958,173019,124080,75141,
88246,120424,152602,184780,216958,249136,19170,51348,83526,115704,147882,180060,212238,244416,14450,46628,78806,231118,1152,33330,65508,97686,129864,162042,194220,226398,258576,28610,60788,92966,125144,157322,189500,221678,253856,23890,56068,
250200,101351,214646,65797,179092,30243,143538,256833,107984,221279,72430,185725,36876,150171,1322,114617,227912,79063,194747,45898,159193,10344,123639,236934,88085,201380,52531,165826,16977,130272,243567,94718,208013,59164,172459,23610,136905,
249920,182188,114456,46724,241136,173404,105672,37940,232352,164620,96888,29156,223568,155836,88104,20372,214784,147052,79320,158376,90644,22912,217324,149592,81860,14128,208540,140808,73076,5344,199756,132024,64292,258704,190972,123240,55508,
87406,100791,114176,127561,140946,154331,167716,181101,194486,207871,221256,234641,248026,261411,12652,26037,39422,52807,66192,79577,122005,135390,148775,162160,175545,188930,202315,215700,229085,242470,255855,7096,20481,33866,47251,60636,74021,
24802,119304,213806,46164,140666,235168,67526,162028,256530,88888,183390,15748,110250,204752,37110,131612,226114,58472,152974,247476,79834,85634,180136,12494,106996,201498,33856,128358,222860,55218,149720,244222,76580,171082,3440,97942,192444,
62108,237727,151202,64677,240296,153771,67246,242865,156340,69815,245434,158909,72384,248003,161478,74953,250572,164047,77522,253141,166616,80091,49263,224882,138357,51832,227451,140926,54401,230020,143495,56970,232589,146064,59539,235158,148633,
199324,193916,188508,183100,177692,172284,166876,161468,156060,150652,145244,139836,134428,129020,123612,118204,112796,107388,101980,96572,91164,85756,80348,12892,7484,2076,258812,253404,247996,242588,237180,231772,226364,220956,215548,210140,204732,
174306,250015,63580,139289,214998,28563,104272,179981,255690,69255,144964,220673,34238,109947,185656,261365,74930,150639,226348,39913,115622,191331,4896,80605,238665,52230,127939,203648,17213,92922,168631,244340,57905,133614,209323,22888,98597,
249198,143880,38562,195388,90070,246896,141578,36260,193086,87768,244594,139276,33958,190784,85466,242292,136974,31656,188482,83164,239990,134672,29354,186180,80862,202294,96976,253802,148484,43166,199992,94674,251500,146182,40864,197690,92372,
161856,137655,113454,89253,65052,40851,16650,254593,230392,206191,181990,157789,133588,109387,85186,60985,36784,12583,250526,226325,202124,177923,153722,129521,105320,81119,165923,141722,117521,93320,69119,44918,20717,258660,234459,210258,186057,
174424,231340,26112,83028,139944,196860,253776,48548,105464,162380,219296,14068,70984,127900,184816,241732,36504,93420,150336,207252,2024,58940,115856,172772,229688,24460,81376,129552,186468,243384,38156,95072,151988,208904,3676,60592,117508,
24758,162791,38680,176713,52602,190635,66524,204557,80446,218479,94368,232401,108290,246323,122212,260245,136134,12023,150056,25945,163978,39867,177900,53789,191822,67711,205744,81633,93181,231214,107103,245136,121025,259058,134947,10836,148869,
237146,194152,151158,108164,65170,22176,241326,198332,155338,112344,69350,26356,245506,202512,159518,116524,73530,30536,249686,206692,163698,120704,77710,34716,253866,210872,167878,124884,81890,56810,13816,232966,189972,146978,103984,60990,17996,
25156,63279,101402,139525,177648,215771,253894,29873,67996,106119,144242,182365,220488,258611,34590,72713,110836,148959,187082,225205,1184,39307,77430,115553,153676,191799,229922,5901,44024,82147,20439,58562,96685,134808,172931,211054,249177,
175220,32316,151556,8652,127892,247132,104228,223468,80564,199804,56900,176140,33236,152476,9572,128812,248052,105148,224388,81484,200724,57820,177060,34156,153396,10492,129732,248972,106068,225308,82404,246212,103308,222548,79644,198884,55980,
163050,101263,39476,239833,178046,116259,54472,254829,193042,131255,69468,7681,208038,146251,84464,22677,223034,161247,99460,37673,238030,176243,114456,52669,253026,191239,129452,67665,5878,206235,144448,82661,209841,148054,86267,24480,224837,
250790,7976,27306,46636,65966,85296,104626,123956,143286,162616,181946,201276,220606,239936,259266,16452,35782,55112,74442,93772,113102,132432,151762,171092,190422,209752,229082,248412,5598,24928,44258,63588,82918,173470,192800,212130,231460,
176296,14599,115046,215493,53796,154243,254690,92993,193440,31743,132190,232637,70940,171387,9690,110137,210584,48887,149334,249781,88084,188531,26834,127281,227728,66031,166478,4781,105228,205675,43978,144425,244872,83175,137099,237546,75849,
201712,121132,40552,222116,141536,60956,242520,161940,81360,780,182344,101764,21184,202748,122168,41588,223152,142572,61992,243556,162976,82396,1816,183380,102800,22220,203784,123204,42624,224188,143608,63028,244592,164012,83432,100728,20148,
64894,65431,65968,66505,67042,67579,68116,68653,69190,69727,70264,70801,71338,71875,72412,72949,73486,74023,74560,75097,75634,76171,76708,77245,77782,78319,78856,79393,79930,80467,81004,81541,82078,82615,83152,83689,64357,
215239,239918,2453,27132,51811,76490,101169,125848,150527,175206,199885,224564,249243,11778,36457,61136,85815,110494,135173,159852,184531,209210,233889,258568,21103,45782,70461,95140,119819,144498,169177,193856,218535,243214,5749,30428,55107,
81118,239918,2490,27206,51922,76638,101354,126070,150786,175502,200218,224934,249650,12222,36938,61654,86370,111086,135802,160518,185234,209950,234666,259382,21954,46670,71386,96102,120818,145534,170250,194966,219682,244398,6970,31686,56402,
82376,107129,2453,27206,51959,76712,101465,126218,150971,175724,200477,225230,249983,12592,37345,62098,86851,111604,136357,161110,185863,210616,235369,260122,22731,47484,72237,96990,121743,146496,171249,196002,220755,245508,8117,32870,57623,
83560,108350,133140,27132,51922,76712,101502,126292,151082,175872,200662,225452,250242,12888,37678,62468,87258,112048,136838,161628,186418,211208,235998,260788,23434,48224,73014,97804,122594,147384,172174,196964,221754,246544,9190,33980,58770,
84670,109497,134324,159151,51811,76638,101465,126292,151119,175946,200773,225600,250427,13110,37937,62764,87591,112418,137245,162072,186899,211726,236553,261380,24063,48890,73717,98544,123371,148198,173025,197852,222679,247506,10189,35016,59843,
85706,110570,135434,160298,185162,76490,101354,126218,151082,175946,200810,225674,250538,13258,38122,62986,87850,112714,137578,162442,187306,212170,237034,261898,24618,49482,74346,99210,124074,148938,173802,198666,223530,248394,11114,35978,60842,
86668,111569,136470,161371,186272,211173,101169,126070,150971,175872,200773,225674,250575,13332,38233,63134,88035,112936,137837,162738,187639,212540,237441,198,25099,50000,74901,99802,124703,149604,174505,199406,224307,249208,11965,36866,61767,
87556,112494,137432,162370,187308,212246,237184,125848,150786,175724,200662,225600,250538,13332,38270,63208,88146,113084,138022,162960,187898,212836,237774,568,25506,50444,75382,100320,125258,150196,175134,200072,225010,249948,12742,37680,62618,
88370,113345,138320,163295,188270,213245,238220,1051,150527,175502,200477,225452,250427,13258,38233,63208,88183,113158,138133,163108,188083,213058,238033,864,25839,50814,75789,100764,125739,150714,175689,200664,225639,250614,13445,38420,63395,
89110,114122,139134,164146,189158,214170,239182,2050,27062,175206,200218,225230,250242,13110,38122,63134,88146,113158,138170,163182,188194,213206,238218,1086,26098,51110,76122,101134,126146,151158,176170,201182,226194,251206,14074,39086,64098,
89776,114825,139874,164923,189972,215021,240070,2975,28024,53073,199885,224934,249983,12888,37937,62986,88035,113084,138133,163182,188231,213280,238329,1234,26283,51332,76381,101430,126479,151528,176577,201626,226675,251724,14629,39678,64727,
90368,115454,140540,165626,190712,215798,240884,3826,28912,53998,79084,224564,249650,12592,37678,62764,87850,112936,138022,163108,188194,213280,238366,1308,26394,51480,76566,101652,126738,151824,176910,201996,227082,252168,15110,40196,65282,
90886,116009,141132,166255,191378,216501,241624,4603,29726,54849,79972,105095,249243,12222,37345,62468,87591,112714,137837,162960,188083,213206,238329,1308,26431,51554,76677,101800,126923,152046,177169,202292,227415,252538,15517,40640,65763,
91330,116490,141650,166810,191970,217130,242290,5306,30466,55626,80786,105946,131106,11778,36938,62098,87258,112418,137578,162738,187898,213058,238218,1234,26394,51554,76714,101874,127034,152194,177354,202514,227674,252834,15850,41010,66170,
91700,116897,142094,167291,192488,217685,242882,5935,31132,56329,81526,106723,131920,157117,36457,61654,86851,112048,137245,162442,187639,212836,238033,1086,26283,51480,76677,101874,127071,152268,177465,202662,227859,253056,16109,41306,66503,
91996,117230,142464,167698,192932,218166,243400,6490,31724,56958,82192,107426,132660,157894,183128,61136,86370,111604,136838,162072,187306,212540,237774,864,26098,51332,76566,101800,127034,152268,177502,202736,227970,253204,16294,41528,66762,
92218,117489,142760,168031,193302,218573,243844,6971,32242,57513,82784,108055,133326,158597,183868,209139,85815,111086,136357,161628,186899,212170,237441,568,25839,51110,76381,101652,126923,152194,177465,202736,228007,253278,16405,41676,66947,
92366,117674,142982,168290,193598,218906,244214,7378,32686,57994,83302,108610,133918,159226,184534,209842,235150,110494,135802,161110,186418,211726,237034,198,25506,50814,76122,101430,126738,152046,177354,202662,227970,253278,16442,41750,67058,
92440,117785,143130,168475,193820,219165,244510,7711,33056,58401,83746,109091,134436,159781,185126,210471,235816,261161,135173,160518,185863,211208,236553,261898,25099,50444,75789,101134,126479,151824,177169,202514,227859,253204,16405,41750,67095,
92440,117822,143204,168586,193968,219350,244732,7970,33352,58734,84116,109498,134880,160262,185644,211026,236408,261790,25028,159852,185234,210616,235998,261380,24618,50000,75382,100764,126146,151528,176910,202292,227674,253056,16294,41676,67058,
92366,117785,143204,168623,194042,219461,244880,8155,33574,58993,84412,109831,135250,160669,186088,211507,236926,201,25620,51039,184531,209950,235369,260788,24063,49482,74901,100320,125739,151158,176577,201996,227415,252834,16109,41528,66947,
92218,117674,143130,168586,194042,219498,244954,8266,33722,59178,84634,110090,135546,161002,186458,211914,237370,682,26138,51594,77050,209210,234666,260122,23434,48890,74346,99802,125258,150714,176170,201626,227082,252538,15850,41306,66762,
91996,117489,142982,168475,193968,219461,244954,8303,33796,59289,84782,110275,135768,161261,186754,212247,237740,1089,26582,52075,77568,103061,233889,259382,22731,48224,73717,99210,124703,150196,175689,201182,226675,252168,15517,41010,66503,
91700,117230,142760,168290,193820,219350,244880,8266,33796,59326,84856,110386,135916,161446,186976,212506,238036,1422,26952,52482,78012,103542,129072,258568,21954,47484,73014,98544,124074,149604,175134,200664,226194,251724,15110,40640,66170,
91330,116897,142464,168031,193598,219165,244732,8155,33722,59289,84856,110423,135990,161557,187124,212691,238258,1681,27248,52815,78382,103949,129516,155083,21103,46670,72237,97804,123371,148938,174505,200072,225639,251206,14629,40196,65763,
90886,116490,142094,167698,193302,218906,244510,7970,33574,59178,84782,110386,135990,161594,187198,212802,238406,1866,27470,53074,78678,104282,129886,155490,181094,45782,71386,96990,122594,148198,173802,199406,225010,250614,14074,39678,65282,
90368,116009,141650,167291,192932,218573,244214,7711,33352,58993,84634,110275,135916,161557,187198,212839,238480,1977,27618,53259,78900,104541,130182,155823,181464,207105,70461,96102,121743,147384,173025,198666,224307,249948,13445,39086,64727,
89776,115454,141132,166810,192488,218166,243844,7378,33056,58734,84412,110090,135768,161446,187124,212802,238480,2014,27692,53370,79048,104726,130404,156082,181760,207438,233116,95140,120818,146496,172174,197852,223530,249208,12742,38420,64098,
89110,114825,140540,166255,191970,217685,243400,6971,32686,58401,84116,109831,135546,161261,186976,212691,238406,1977,27692,53407,79122,104837,130552,156267,181982,207697,233412,259127,119819,145534,171249,196964,222679,248394,11965,37680,63395,
88370,114122,139874,165626,191378,217130,242882,6490,32242,57994,83746,109498,135250,161002,186754,212506,238258,1866,27618,53370,79122,104874,130626,156378,182130,207882,233634,259386,22994,144498,170250,196002,221754,247506,11114,36866,62618,
87556,113345,139134,164923,190712,216501,242290,5935,31724,57513,83302,109091,134880,160669,186458,212247,238036,1681,27470,53259,79048,104837,130626,156415,182204,207993,233782,259571,23216,49005,169177,194966,220755,246544,10189,35978,61767,
86668,112494,138320,164146,189972,215798,241624,5306,31132,56958,82784,108610,134436,160262,186088,211914,237740,1422,27248,53074,78900,104726,130552,156378,182204,208030,233856,259682,23364,49190,75016,193856,219682,245508,9190,35016,60842,
85706,111569,137432,163295,189158,215021,240884,4603,30466,56329,82192,108055,133918,159781,185644,211507,237370,1089,26952,52815,78678,104541,130404,156267,182130,207993,233856,259719,23438,49301,75164,101027,218535,244398,8117,33980,59843,
84670,110570,136470,162370,188270,214170,240070,3826,29726,55626,81526,107426,133326,159226,185126,211026,236926,682,26582,52482,78382,104282,130182,156082,181982,207882,233782,259682,23438,49338,75238,101138,127038,243214,6970,32870,58770,
83560,109497,135434,161371,187308,213245,239182,2975,28912,54849,80786,106723,132660,158597,184534,210471,236408,201,26138,52075,78012,103949,129886,155823,181760,207697,233634,259571,23364,49301,75238,101175,127112,153049,5749,31686,57623,
82376,108350,134324,160298,186272,212246,238220,2050,28024,53998,79972,105946,131920,157894,183868,209842,235816,261790,25620,51594,77568,103542,129516,155490,181464,207438,233412,259386,23216,49190,75164,101138,127112,153086,179060,30428,56402,
81118,107129,133140,159151,185162,211173,237184,1051,27062,53073,79084,105095,131106,157117,183128,209139,235150,261161,25028,51039,77050,103061,129072,155083,181094,207105,233116,259127,22994,49005,75016,101027,127038,153049,179060,205071,55107,
23089,43754,64419,85084,105749,126414,147079,167744,188409,209074,229739,250404,8925,29590,50255,70920,91585,112250,132915,153580,174245,194910,215575,236240,256905,15426,36091,56756,77421,98086,118751,139416,160081,180746,201411,222076,242741,
206650,44034,216032,125886,35740,207738,117592,27446,199444,109298,19152,191150,101004,10858,182856,92710,2564,174562,84416,256414,166268,76122,248120,157974,67828,239826,149680,59534,231532,141386,51240,223238,133092,42946,214944,124798,34652,
109372,170559,64979,126166,187353,248540,47583,108770,169957,231144,30187,91374,152561,213748,12791,73978,135165,196352,257539,56582,117769,178956,240143,39186,100373,161560,222747,21790,82977,144164,205351,4394,65581,126768,187955,249142,48185,
233716,184092,134468,85924,36300,248820,199196,149572,99948,50324,700,213220,163596,113972,64348,14724,227244,177620,127996,78372,28748,241268,191644,142020,92396,42772,255292,205668,156044,106420,56796,7172,219692,170068,120444,70820,21196,
55394,157103,258812,98377,106869,208578,48143,149852,251561,91126,192835,32400,134109,235818,75383,177092,16657,118366,220075,59640,161349,914,102623,204332,43897,145606,247315,86880,188589,28154,129863,231572,71137,172846,12411,114120,215829,
98694,89592,80490,71388,62286,127814,118712,109610,100508,91406,82304,73202,64100,54998,45896,36794,27692,18590,9488,386,253428,244326,235224,226122,217020,207918,198816,189714,180612,171510,162408,153306,144204,135102,126000,116898,107796,
101472,243703,123790,3877,146108,26195,148759,28846,171077,51164,193395,73482,215713,95800,238031,118118,260349,140436,20523,162754,42841,185072,65159,207390,87477,229708,109795,252026,132113,12200,154431,34518,176749,56836,199067,79154,221385,
63728,95148,126568,157988,189408,220828,252248,169704,201124,232544,1820,33240,64660,96080,127500,158920,190340,221760,253180,22456,53876,85296,116716,148136,179556,210976,242396,11672,43092,74512,105932,137352,168772,200192,231612,888,32308,
247606,168215,88824,9433,192186,112795,33404,216157,190649,111258,31867,214620,135229,55838,238591,159200,79809,418,183171,103780,24389,207142,127751,48360,231113,151722,72331,255084,175693,96302,16911,199664,120273,40882,223635,144244,64853,
128818,200760,10558,82500,154442,226384,36182,108124,180066,211594,21392,93334,165276,237218,47016,118958,190900,698,72640,144582,216524,26322,98264,170206,242148,51946,123888,195830,5628,77570,149512,221454,31252,103194,175136,247078,56876,
231652,192783,153914,115045,76176,37307,260582,221713,182844,143975,232539,193670,154801,115932,77063,38194,261469,222600,183731,144862,105993,67124,28255,251530,212661,173792,134923,96054,57185,18316,241591,202722,163853,124984,86115,47246,8377,
31820,144284,256748,107068,219532,69852,182316,32636,145100,257564,107884,253484,103804,216268,66588,179052,29372,141836,254300,104620,217084,67404,179868,30188,142652,255116,105436,217900,68220,180684,31004,143468,255932,106252,218716,69036,181500,
53610,55263,56916,58569,60222,61875,63528,65181,66834,68487,70140,71793,12285,13938,15591,17244,18897,20550,22203,23856,25509,27162,28815,30468,32121,33774,35427,37080,38733,40386,42039,43692,45345,46998,48651,50304,51957,
34878,187864,78706,231692,122534,13376,166362,57204,210190,101032,254018,144860,35702,33230,186216,77058,230044,120886,11728,164714,55556,208542,99384,252370,143212,34054,187040,77882,230868,121710,12552,165538,56380,209366,100208,253194,144036,
237768,17799,59974,102149,144324,186499,228674,8705,50880,93055,135230,177405,219580,261755,54175,96350,138525,180700,222875,2906,45081,87256,129431,171606,213781,255956,35987,78162,120337,162512,204687,246862,26893,69068,111243,153418,195593,
137992,69356,720,194228,125592,56956,250464,181828,113192,44556,238064,169428,100792,32156,225664,75120,6484,199992,131356,62720,256228,187592,118956,50320,243828,175192,106556,37920,231428,162792,94156,25520,219028,150392,81756,13120,206628,
259838,80391,163088,245785,66338,149035,231732,52285,134982,217679,38232,120929,203626,24179,106876,189573,96065,178762,261459,82012,164709,247406,67959,150656,233353,53906,136603,219300,39853,122550,205247,25800,108497,191194,11747,94444,177141,
79018,50904,22790,256820,228706,200592,172478,144364,116250,88136,60022,31908,3794,237824,209710,181596,153482,117010,88896,60782,32668,4554,238584,210470,182356,154242,126128,98014,69900,41786,13672,247702,219588,191474,163360,135246,107132,
119820,243039,104114,227333,88408,211627,72702,195921,56996,180215,41290,164509,25584,148803,9878,133097,256316,117391,137955,261174,122249,245468,106543,229762,90837,214056,75131,198350,59425,182644,43719,166938,28013,151232,12307,135526,258745,
120100,132508,144916,157324,169732,182140,194548,206956,219364,231772,244180,256588,6852,19260,31668,44076,56484,68892,81300,158900,171308,183716,196124,208532,220940,233348,245756,258164,8428,20836,33244,45652,58060,70468,82876,95284,107692,
79858,243599,145196,46793,210534,112131,13728,177469,79066,242807,144404,46001,209742,111339,12936,176677,78274,242015,143612,45209,179845,81442,245183,146780,48377,212118,113715,15312,179053,80650,244391,145988,47585,211326,112923,14520,178261,
261238,52024,104954,157884,210814,1600,54530,107460,160390,213320,4106,57036,109966,162896,215826,6612,59542,112472,165402,218332,9118,200790,253720,44506,97436,150366,203296,256226,47012,99942,152872,205802,258732,49518,102448,155378,208308,
139952,82071,24190,228453,170572,112691,54810,259073,201192,143311,85430,27549,231812,173931,116050,58169,288,204551,146670,88789,30908,235171,221735,163854,105973,48092,252355,194474,136593,78712,20831,225094,167213,109332,51451,255714,197833,
240288,71596,165048,258500,89808,183260,14568,108020,201472,32780,126232,219684,50992,144444,237896,69204,162656,256108,87416,180868,12176,105628,199080,242680,73988,167440,260892,92200,185652,16960,110412,203864,35172,128624,222076,53384,146836,
37958,20599,3240,248025,230666,213307,195948,178589,161230,143871,126512,109153,91794,74435,57076,39717,22358,4999,249784,232425,215066,197707,180348,162989,1481,246266,228907,211548,194189,176830,159471,142112,124753,107394,90035,72676,55317,
57250,191224,63054,197028,68858,202832,74662,208636,80466,214440,86270,220244,92074,226048,97878,231852,103682,237656,109486,243460,115290,249264,121094,255068,126898,22426,156400,28230,162204,34034,168008,39838,173812,45642,179616,51446,185420,
36020,59183,82346,105509,128672,151835,174998,198161,221324,244487,5506,28669,51832,74995,98158,121321,144484,167647,190810,213973,237136,260299,21318,44481,67644,90807,43371,66534,89697,112860,136023,159186,182349,205512,228675,251838,12857,
236412,148764,61116,235612,147964,60316,234812,147164,59516,234012,146364,58716,233212,145564,57916,232412,144764,57116,231612,143964,56316,230812,143164,55516,230012,142364,54716,64316,238812,151164,63516,238012,150364,62716,237212,149564,61916,
134138,197823,261508,63049,126734,190419,254104,55645,119330,183015,246700,48241,111926,175611,239296,40837,104522,168207,231892,33433,97118,160803,224488,26029,89714,153399,217084,18625,85261,148946,212631,14172,77857,141542,205227,6768,70453,
253486,206360,159234,112108,64982,17856,232874,185748,138622,91496,44370,259388,212262,165136,118010,70884,23758,238776,191650,144524,97398,50272,3146,218164,171038,123912,76786,29660,244678,106206,59080,11954,226972,179846,132720,85594,38468,
70168,174375,16438,120645,224852,66915,171122,13185,117392,221599,63662,167869,9932,114139,218346,60409,164616,6679,110886,215093,57156,161363,3426,107633,211840,53903,158110,173,104380,208587,127151,231358,73421,177628,19691,123898,228105,
108472,101868,95264,88660,82056,75452,68848,62244,55640,49036,42432,35828,29224,22620,16016,9412,2808,258348,251744,245140,238536,231932,225328,218724,212120,205516,198912,192308,185704,179100,172496,148096,141492,134888,128284,121680,115076,
106254,250983,133568,16153,160882,43467,188196,70781,215510,98095,242824,125409,7994,152723,35308,180037,62622,207351,89936,234665,117250,261979,144564,27149,171878,54463,199192,81777,226506,109091,253820,136405,169041,51626,196355,78940,223669,
63514,97432,131350,165268,199186,233104,4878,38796,72714,106632,140550,174468,208386,242304,14078,47996,81914,115832,149750,183668,217586,251504,23278,57196,91114,125032,158950,192868,226786,260704,32478,66396,100314,189986,223904,257822,29596,
242396,165503,88610,11717,196968,120075,43182,228433,151540,74647,259898,183005,106112,29219,214470,137577,60684,245935,169042,92149,15256,200507,123614,46721,231972,155079,78186,1293,186544,109651,32758,218009,141116,64223,210931,134038,57145,
118612,193052,5348,79788,154228,228668,40964,115404,189844,2140,76580,151020,225460,37756,112196,186636,261076,73372,147812,222252,34548,108988,183428,257868,70164,144604,219044,31340,105780,180220,254660,66956,141396,215836,28132,231876,44172,
216450,180079,143708,107337,70966,34595,260368,223997,187626,151255,114884,78513,42142,5771,231544,195173,158802,122431,86060,49689,13318,239091,202720,166349,129978,93607,57236,20865,246638,210267,173896,137525,101154,64783,28412,254185,252821,
100679,227370,91917,218608,83155,209846,74393,201084,65631,192322,56869,183560,48107,174798,39345,166036,30583,157274,21821,148512,13059,139750,4297,130988,257679,122226,248917,113464,240155,104702,231393,95940,222631,87178,213869,78416,205107,
255094,101382,229442,95358,223418,89334,217394,83310,211370,77286,205346,71262,199322,65238,193298,59214,187274,53190,181250,47166,175226,41142,169202,35118,163178,29094,157154,23070,151130,17046,145106,11022,139082,4998,133058,261118,127034,
175652,42937,102085,231514,98799,228228,95513,224942,92227,221656,88941,218370,85655,215084,82369,211798,79083,208512,75797,205226,72511,201940,69225,198654,65939,195368,62653,192082,59367,188796,56081,185510,52795,182224,49509,178938,46223,
93472,224270,92924,102788,233586,102240,233038,101692,232490,101144,231942,100596,231394,100048,230846,99500,230298,98952,229750,98404,229202,97856,228654,97308,228106,96760,227558,96212,227010,95664,226462,95116,225914,94568,225366,94020,224818,
8554,140721,10744,142911,103491,235658,105681,237848,107871,240038,110061,242228,112251,244418,114441,246608,116631,248798,118821,250988,121011,253178,123201,255368,125391,257558,127581,259748,129771,261938,131961,1984,134151,4174,136341,6364,138531,
183042,54434,187970,59362,192898,104194,237730,109122,242658,114050,247586,118978,252514,123906,257442,128834,226,133762,5154,138690,10082,143618,15010,148546,19938,153474,24866,158402,29794,163330,34722,168258,39650,173186,44578,178114,49506,
92648,227553,100314,235219,107980,242885,104897,239802,112563,247468,120229,255134,127895,656,135561,8322,143227,15988,150893,23654,158559,31320,166225,38986,173891,46652,181557,54318,189223,61984,196889,69650,204555,77316,212221,84982,219887,
261660,135790,9920,146194,20324,156598,30728,105600,241874,116004,252278,126408,538,136812,10942,147216,21346,157620,31750,168024,42154,178428,52558,188832,62962,199236,73366,209640,83770,220044,94174,230448,104578,240852,114982,251256,125386,
165790,41289,178932,54431,192074,67573,205216,80715,106303,243946,119445,257088,132587,8086,145729,21228,158871,34370,172013,47512,185155,60654,198297,73796,211439,86938,224581,100080,237723,113222,250865,126364,1863,139506,15005,152648,28147,
67182,206194,83062,222074,98942,237954,114822,253834,130702,107006,246018,122886,261898,138766,15634,154646,31514,170526,47394,186406,63274,202286,79154,218166,95034,234046,110914,249926,126794,3662,142674,19542,158554,35422,174434,51302,190314,
227980,106217,246598,124835,3072,143453,21690,162071,40308,180689,107709,248090,126327,4564,144945,23182,163563,41800,182181,60418,200799,79036,219417,97654,238035,116272,256653,134890,13127,153508,31745,172126,50363,190744,68981,209362,87599,
123896,3502,145252,24858,166608,46214,187964,67570,209320,88926,230676,108412,250162,129768,9374,151124,30730,172480,52086,193836,73442,215192,94798,236548,116154,257904,137510,17116,158866,38472,180222,59828,201578,81184,222934,102540,244290,
17074,160193,41168,184287,65262,208381,89356,232475,113450,256569,137544,18519,109115,252234,133209,14184,157303,38278,181397,62372,205491,86466,229585,110560,253679,134654,15629,158748,39723,182842,63817,206936,87911,231030,112005,255124,136099,
169658,52002,196490,78834,223322,105666,250154,132498,14842,159330,41674,186162,68506,109818,254306,136650,18994,163482,45826,190314,72658,217146,99490,243978,126322,8666,153154,35498,179986,62330,206818,89162,233650,115994,260482,142826,25170,
57360,203217,86930,232787,116500,213,146070,29783,175640,59353,205210,88923,234780,118493,110521,256378,140091,23804,169661,53374,199231,82944,228801,112514,258371,142084,25797,171654,55367,201224,84937,230794,114507,260364,144077,27790,173647,
204468,89550,236776,121858,6940,154166,39248,186474,71556,218782,103864,251090,136172,21254,168480,111224,258450,143532,28614,175840,60922,208148,93230,240456,125538,10620,157846,42928,190154,75236,222462,107544,254770,139852,24934,172160,57242,
86694,235289,121740,8191,156786,43237,191832,78283,226878,113329,261924,148375,34826,183421,69872,218467,111927,260522,146973,33424,182019,68470,217065,103516,252111,138562,25013,173608,60059,208654,95105,243700,130151,16602,165197,51648,200243,
228326,116146,3966,153930,41750,191714,79534,229498,117318,5138,155102,42922,192886,80706,230670,118490,6310,112630,450,150414,38234,188198,76018,225982,113802,1622,151586,39406,189370,77190,227154,114974,2794,152758,40578,190542,78362,
105076,256409,145598,34787,186120,75309,226642,115831,5020,156353,45542,196875,86064,237397,126586,15775,167108,56297,113333,2522,153855,43044,194377,83566,234899,124088,13277,164610,53799,205132,94321,245654,134843,24032,175365,64554,215887,
241232,131790,22348,175050,65608,218310,108868,261570,152128,42686,195388,85946,238648,129206,19764,172466,63024,215726,106284,114036,4594,157296,47854,200556,91114,243816,134374,24932,177634,68192,220894,111452,2010,154712,45270,197972,88530,
112506,4433,158504,50431,204502,96429,250500,142427,34354,188425,80352,234423,126350,18277,172348,64275,218346,110273,2200,156271,114739,6666,160737,52664,206735,98662,252733,144660,36587,190658,82585,236656,128583,20510,174581,66508,220579,
243186,136482,29778,185218,78514,233954,127250,20546,175986,69282,224722,118018,11314,166754,60050,215490,108786,2082,157522,50818,206258,115442,8738,164178,57474,212914,106210,261650,154946,48242,203682,96978,252418,145714,39010,194450,87746,
108984,3649,160458,55123,211932,106597,1262,158071,52736,209545,104210,261019,155684,50349,207158,101823,258632,153297,47962,204771,99436,256245,116145,10810,167619,62284,219093,113758,8423,165232,59897,216706,111371,6036,162845,57510,214319,
234188,130222,26256,184434,80468,238646,134680,30714,188892,84926,243104,139138,35172,193350,89384,247562,143596,39630,197808,93842,252020,148054,44088,116848,12882,171060,67094,225272,121306,17340,175518,71552,229730,125764,21798,179976,76010,
94510,254057,151460,48863,208410,105813,3216,162763,60166,219713,117116,14519,174066,71469,231016,128419,25822,185369,82772,242319,139722,37125,196672,94075,117551,14954,174501,71904,231451,128854,26257,185804,83207,242754,140157,37560,197107,
214238,113010,11782,172698,71470,232386,131158,29930,190846,89618,250534,149306,48078,208994,107766,6538,167454,66226,227142,125914,24686,185602,84374,245290,144062,118254,17026,177942,76714,237630,136402,35174,196090,94862,255778,154550,53322,
69084,231369,131510,31651,193936,94077,256362,156503,56644,218929,119070,19211,181496,81637,243922,144063,44204,206489,106630,6771,169056,69197,231482,131623,31764,194049,118957,19098,181383,81524,243809,143950,44091,206376,106517,6658,168943,
183336,84846,248500,150010,51520,215174,116684,18194,181848,83358,247012,148522,50032,213686,115196,16706,180360,81870,245524,147034,48544,212198,113708,15218,178872,80382,244036,119660,21170,184824,86334,249988,151498,53008,216662,118172,19682,
32706,197729,100608,3487,168510,71389,236412,139291,42170,207193,110072,12951,177974,80853,245876,148755,51634,216657,119536,22415,187438,90317,255340,158219,61098,226121,129000,31879,120363,23242,188265,91144,256167,159046,61925,226948,129827,
141482,45730,212122,116370,20618,187010,91258,257650,161898,66146,232538,136786,41034,207426,111674,15922,182314,86562,252954,157202,61450,227842,132090,36338,202730,106978,11226,177618,81866,121066,25314,191706,95954,202,166594,70842,237234,
247520,153137,58754,226515,132132,37749,205510,111127,16744,184505,90122,257883,163500,69117,236878,142495,48112,215873,121490,27107,194868,100485,6102,173863,79480,247241,152858,58475,226236,131853,121769,27386,195147,100764,6381,174142,79759,
88676,257806,164792,71778,240908,147894,54880,224010,130996,37982,207112,114098,21084,190214,97200,4186,173316,80302,249432,156418,63404,232534,139520,46506,215636,122622,29608,198738,105724,12710,181840,122472,29458,198588,105574,12560,181690,
189238,97593,5948,176447,84802,255301,163656,72011,242510,150865,59220,229719,138074,46429,216928,125283,33638,204137,112492,20847,191346,99701,8056,178555,86910,257409,165764,74119,244618,152973,61328,231827,123175,31530,202029,110384,18739,
24918,196786,106510,16234,188102,97826,7550,179418,89142,261010,170734,80458,252326,162050,71774,243642,153366,63090,234958,144682,54406,226274,135998,45722,217590,127314,37038,208906,118630,28354,200222,109946,19670,123878,33602,205470,115194,
120004,31097,204334,115427,26520,199757,110850,21943,195180,106273,17366,190603,101696,12789,186026,97119,8212,181449,92542,3635,176872,87965,261202,172295,83388,256625,167718,78811,252048,163141,74234,247471,158564,69657,124581,35674,208911,
212352,124814,37276,211882,124344,36806,211412,123874,36336,210942,123404,35866,210472,122934,35396,210002,122464,34926,209532,121994,34456,209062,121524,33986,208592,121054,33516,208122,120584,33046,207652,120114,32576,207182,119644,125284,37746,
39818,215793,129624,43455,219430,133261,47092,223067,136898,50729,226704,140535,54366,230341,144172,58003,233978,147809,61640,237615,151446,65277,241252,155083,68914,244889,158720,72551,248526,162357,76188,252163,165994,79825,255800,169631,125987,
62993,26622,252395,216024,179653,143282,106911,70540,34169,259942,223571,187200,150829,114458,78087,41716,5345,231118,194747,158376,122005,85634,49263,12892,238665,202294,165923,129552,93181,56810,20439,246212,209841,173470,137099,100728,64357,
64894,26902,71648,116394,161140,205886,250632,33234,77980,122726,167472,212218,256964,39566,84312,129058,173804,218550,1152,45898,90644,135390,180136,224882,7484,52230,96976,141722,186468,231214,13816,58562,103308,148054,192800,237546,20148,
201712,65431,252955,116674,242537,106256,232119,95838,221701,85420,211283,75002,200865,64584,190447,54166,180029,43748,169611,33330,159193,22912,148775,12494,138357,2076,127939,253802,117521,243384,107103,232966,96685,222548,86267,212130,75849,
176296,121132,65968,216864,161700,106536,51372,258352,203188,148024,92860,37696,244676,189512,134348,79184,24020,231000,175836,120672,65508,10344,217324,162160,106996,51832,258812,203648,148484,93320,38156,245136,189972,134808,79644,24480,231460,
250790,14599,40552,66505,180773,206726,232679,258632,22441,48394,74347,100300,126253,152206,178159,204112,230065,256018,19827,45780,71733,97686,123639,149592,175545,201498,227451,253404,17213,43166,69119,95072,121025,146978,172931,198884,224837,
163050,7976,115046,222116,67042,144682,251752,96678,203748,48674,155744,670,107740,214810,59736,166806,11732,118802,225872,70798,177868,22794,129864,236934,81860,188930,33856,140926,247996,92922,199992,44918,151988,259058,103984,211054,55980,
175220,101263,27306,215493,141536,67579,108591,34634,222821,148864,74907,950,189137,115180,41223,229410,155453,81496,7539,195726,121769,47812,235999,162042,88085,14128,202315,128358,54401,242588,168631,94674,20717,208904,134947,60990,249177,
25156,32316,39476,46636,53796,60956,68116,72500,79660,86820,93980,101140,108300,115460,122620,129780,136940,144100,151260,158420,165580,172740,179900,187060,194220,201380,208540,215700,222860,230020,237180,244340,251500,258660,3676,10836,17996,
237146,63279,151556,239833,65966,154243,242520,68653,36409,124686,212963,39096,127373,215650,41783,130060,218337,44470,132747,221024,47157,135434,223711,49844,138121,226398,52531,140808,229085,55218,143495,231772,57905,146182,234459,60592,148869,
24758,194152,101402,8652,178046,85296,254690,161940,69190,318,169712,76962,246356,153606,60856,230250,137500,44750,214144,121394,28644,198038,105288,12538,181932,89182,258576,165826,73076,242470,149720,56970,226364,133614,40864,210258,117508,
174424,162791,151158,139525,127892,116259,104626,92993,81360,69727,226371,214738,203105,191472,179839,168206,156573,144940,133307,121674,110041,98408,86775,75142,63509,51876,40243,28610,16977,5344,255855,244222,232589,220956,209323,197690,186057,
161856,231340,38680,108164,177648,247132,54472,123956,193440,780,70264,190280,259764,67104,136588,206072,13412,82896,152380,221864,29204,98688,168172,237656,44996,114480,183964,253448,60788,130272,199756,7096,76580,146064,215548,22888,92372,
249198,137655,26112,176713,65170,215771,104228,254829,143286,31743,182344,70801,154189,42646,193247,81704,232305,120762,9219,159820,48277,198878,87335,237936,126393,14850,165451,53908,204509,92966,243567,132024,20481,171082,59539,210140,98597,
174306,143880,113454,83028,52602,22176,253894,223468,193042,162616,132190,101764,71338,118098,87672,57246,26820,258538,228112,197686,167260,136834,106408,75982,45556,15130,246848,216422,185996,155570,125144,94718,64292,33866,3440,235158,204732,
199324,250015,38562,89253,139944,190635,241326,29873,80564,131255,181946,232637,21184,71875,82007,132698,183389,234080,22627,73318,124009,174700,225391,13938,64629,115320,166011,216702,5249,55940,106631,157322,208013,258704,47251,97942,148633,
62108,193916,63580,195388,65052,196860,66524,198332,67996,199804,69468,201276,70940,202748,72412,45916,177724,47388,179196,48860,180668,50332,182140,51804,183612,53276,185084,54748,186556,56220,188028,57692,189500,59164,190972,60636,192444,
24802,237727,188508,139289,90070,40851,253776,204557,155338,106119,56900,7681,220606,171387,122168,72949,9825,222750,173531,124312,75093,25874,238799,189580,140361,91142,41923,254848,205629,156410,107191,57972,8753,221678,172459,123240,74021,
87406,119304,151202,183100,214998,246896,16650,48548,80446,112344,144242,176140,208038,239936,9690,41588,73486,235878,5632,37530,69428,101326,133224,165122,197020,228918,260816,30570,62468,94366,126264,158162,190060,221958,253856,23610,55508,
249920,100791,213806,64677,177692,28563,141578,254593,105464,218479,69350,182365,33236,146251,259266,110137,223152,74023,199787,50658,163673,14544,127559,240574,91445,204460,55331,168346,19217,132232,245247,96118,209133,60004,173019,23890,136905,
250200,182188,114176,46164,240296,172284,104272,36260,230392,162380,94368,26356,220488,152476,84464,16452,210584,142572,74560,163696,95684,27672,221804,153792,85780,17768,211900,143888,75876,7864,201996,133984,65972,260104,192092,124080,56068,
88246,101351,114456,127561,140666,153771,166876,179981,193086,206191,219296,232401,245506,258611,9572,22677,35782,48887,61992,75097,127605,140710,153815,166920,180025,193130,206235,219340,232445,245550,258655,9616,22721,35826,48931,62036,75141,
26202,120424,214646,46724,140946,235168,67246,161468,255690,87768,181990,14068,108290,202512,34590,128812,223034,55112,149334,243556,75634,91514,185736,17814,112036,206258,38336,132558,226780,58858,153080,247302,79380,173602,5680,99902,194124,
64068,239407,152602,65797,241136,154331,67526,242865,156060,69255,244594,157789,70984,246323,159518,72713,248052,161247,74442,249781,162976,76171,55423,230762,143957,57152,232491,145686,58881,234220,147415,60610,235949,149144,62339,237678,150873,
201844,196156,190468,184780,179092,173404,167716,162028,156340,150652,144964,139276,133588,127900,122212,116524,110836,105148,99460,93772,88084,82396,76708,19332,13644,7956,2268,258724,253036,247348,241660,235972,230284,224596,218908,213220,207532,
177386,252815,66100,141529,216958,30243,105672,181101,256530,69815,145244,220673,33958,109387,184816,260245,73530,148959,224388,37673,113102,188531,1816,77245,245385,58670,134099,209528,22813,98242,173671,249100,62385,137814,213243,26528,101957,
252838,147240,41642,198188,92590,249136,143538,37940,194486,88888,245434,139836,34238,190784,85186,241732,136134,30536,187082,81484,238030,132432,26834,183380,77782,209294,103696,260242,154644,49046,205592,99994,256540,150942,45344,201890,96292,
166056,141575,117094,92613,68132,43651,19170,256833,232352,207871,183390,158909,134428,109947,85466,60985,36504,12023,249686,225205,200724,176243,151762,127281,102800,78319,173203,148722,124241,99760,75279,50798,26317,1836,239499,215018,190537,
179184,235820,30312,86948,143584,200220,256856,51348,107984,164620,221256,15748,72384,129020,185656,242292,36784,93420,150056,206692,1184,57820,114456,171092,227728,22220,78856,137112,193748,250384,44876,101512,158148,214784,9276,65912,122548,
30078,167831,43440,181193,56802,194555,70164,207917,83526,221279,96888,234641,110250,248003,123612,261365,136974,12583,150336,25945,163698,39307,177060,52669,190422,66031,203784,79393,101021,238774,114383,252136,127745,3354,141107,16716,154469,
243026,199752,156478,113204,69930,26656,245526,202252,158978,115704,72430,29156,248026,204752,161478,118204,74930,31656,250526,207252,163978,120704,77430,34156,253026,209752,166478,123204,79930,64930,21656,240526,197252,153978,110704,67430,24156,
31596,69439,107282,145125,182968,220811,258654,34353,72196,110039,147882,185725,223568,261411,37110,74953,112796,150639,188482,226325,2024,39867,77710,115553,153396,191239,229082,4781,42624,80467,28839,66682,104525,142368,180211,218054,255897,
182220,39036,157996,14812,133772,252732,109548,228508,85324,204284,61100,180060,36876,155836,12652,131612,250572,107388,226348,83164,202124,58940,177900,34716,153676,10492,129452,248412,105228,224188,81004,254892,111708,230668,87484,206444,63260,
170610,108543,46476,246553,184486,122419,60352,260429,198362,136295,74228,12161,212238,150171,88104,26037,226114,164047,101980,39913,239990,177923,115856,53789,253866,191799,129732,67665,5598,205675,143608,81541,218801,156734,94667,32600,232677,
258910,15816,34866,53916,72966,92016,111066,130116,149166,168216,187266,206316,225366,244416,1322,20372,39422,58472,77522,96572,115622,134672,153722,172772,191822,210872,229922,248972,5878,24928,43978,63028,82078,182710,201760,220810,239860,
184976,22999,123166,223333,61356,161523,261690,99713,199880,37903,138070,238237,76260,176427,14450,114617,214784,52807,152974,253141,91164,191331,29354,129521,229688,67711,167878,5901,106068,206235,44258,144425,244592,82615,146619,246786,84809,
210952,130092,49232,230516,149656,68796,250080,169220,88360,7500,188784,107924,27064,208348,127488,46628,227912,147052,66192,247476,166616,85756,4896,186180,105320,24460,205744,124884,44024,225308,144448,63588,244872,164012,83152,110528,29668,
74694,74951,75208,75465,75722,75979,76236,76493,76750,77007,77264,77521,77778,78035,78292,78549,78806,79063,79320,79577,79834,80091,80348,80605,80862,81119,81376,81633,81890,82147,82404,82661,82918,83175,83432,83689,74437,
