1,2,3,4,5,6,7,8,9,10,11,12,13,14,15,16,17,18,19,20,21,22,23,24,25,26,27,28,29,30,31,32,33,34,35,36,37,38,39,
78,40,41,42,43,44,45,46,47,48,49,50,51,52,53,54,55,56,57,58,59,60,61,62,63,64,65,66,67,68,69,70,71,72,73,74,75,76,77,
116,117,79,80,81,82,83,84,85,86,87,88,89,90,91,92,93,94,95,96,97,98,99,100,101,102,103,104,105,106,107,108,109,110,111,112,113,114,115,
154,155,156,118,119,120,121,122,123,124,125,126,127,128,129,130,131,132,133,134,135,136,137,138,139,140,141,142,143,144,145,146,147,148,149,150,151,152,153,
192,193,194,195,157,158,159,160,161,162,163,164,165,166,167,168,169,170,171,172,173,174,175,176,177,178,179,180,181,182,183,184,185,186,187,188,189,190,191,
230,231,232,233,234,196,197,198,199,200,201,202,203,204,205,206,207,208,209,210,211,212,213,214,215,216,217,218,219,220,221,222,223,224,225,226,227,228,229,
268,269,270,271,272,273,235,236,237,238,239,240,241,242,243,244,245,246,247,248,249,250,251,252,253,254,255,256,257,258,259,260,261,262,263,264,265,266,267,
306,307,308,309,310,311,312,274,275,276,277,278,279,280,281,282,283,284,285,286,287,288,289,290,291,292,293,294,295,296,297,298,299,300,301,302,303,304,305,
344,345,346,347,348,349,350,351,313,314,315,316,317,318,319,320,321,322,323,324,325,326,327,328,329,330,331,332,333,334,335,336,337,338,339,340,341,342,343,
382,383,384,385,386,387,388,389,390,352,353,354,355,356,357,358,359,360,361,362,363,364,365,366,367,368,369,370,371,372,373,374,375,376,377,378,379,380,381,
420,421,422,423,424,425,426,427,428,429,391,392,393,394,395,396,397,398,399,400,401,402,403,404,405,406,407,408,409,410,411,412,413,414,415,416,417,418,419,
458,459,460,461,462,463,464,465,466,467,468,430,431,432,433,434,435,436,437,438,439,440,441,442,443,444,445,446,447,448,449,450,451,452,453,454,455,456,457,
496,497,498,499,500,501,502,503,504,505,506,507,469,470,471,472,473,474,475,476,477,478,479,480,481,482,483,484,485,486,487,488,489,490,491,492,493,494,495,
534,535,536,537,538,539,540,541,542,543,544,545,546,508,509,510,511,512,513,514,515,516,517,518,519,520,521,522,523,524,525,526,527,528,529,530,531,532,533,
572,573,574,575,576,577,578,579,580,581,582,583,584,585,547,548,549,550,551,552,553,554,555,556,557,558,559,560,561,562,563,564,565,566,567,568,569,570,571,
610,611,612,613,614,615,616,617,618,619,620,621,622,623,624,586,587,588,589,590,591,592,593,594,595,596,597,598,599,600,601,602,603,604,605,606,607,608,609,
648,649,650,651,652,653,654,655,656,657,658,659,660,661,662,663,625,626,627,628,629,630,631,632,633,634,635,636,637,638,639,640,641,642,643,644,645,646,647,
686,687,688,689,690,691,692,693,694,695,696,697,698,699,700,701,702,664,665,666,667,668,669,670,671,672,673,674,675,676,677,678,679,680,681,682,683,684,685,
724,725,726,727,728,729,730,731,732,733,734,735,736,737,738,739,740,741,703,704,705,706,707,708,709,710,711,712,713,714,715,716,717,718,719,720,721,722,723,
762,763,764,765,766,767,768,769,770,771,772,773,774,775,776,777,778,779,780,742,743,744,745,746,747,748,749,750,751,752,753,754,755,756,757,758,759,760,761,
800,801,802,803,804,805,806,807,808,809,810,811,812,813,814,815,816,817,818,819,781,782,783,784,785,786,787,788,789,790,791,792,793,794,795,796,797,798,799,
838,839,840,841,842,843,844,845,846,847,848,849,850,851,852,853,854,855,856,857,858,820,821,822,823,824,825,826,827,828,829,830,831,832,833,834,835,836,837,
876,877,878,879,880,881,882,883,884,885,886,887,888,889,890,891,892,893,894,895,896,897,859,860,861,862,863,864,865,866,867,868,869,870,871,872,873,874,875,
914,915,916,917,918,919,920,921,922,923,924,925,926,927,928,929,930,931,932,933,934,935,936,898,899,900,901,902,903,904,905,906,907,908,909,910,911,912,913,
952,953,954,955,956,957,958,959,960,961,962,963,964,965,966,967,968,969,970,971,972,973,974,975,937,938,939,940,941,942,943,944,945,946,947,948,949,950,951,
990,991,992,993,994,995,996,997,998,999,1000,1001,1002,1003,1004,1005,1006,1007,1008,1009,1010,1011,1012,1013,1014,976,977,978,979,980,981,982,983,984,985,986,987,988,989,
1028,1029,1030,1031,1032,1033,1034,1035,1036,1037,1038,1039,1040,1041,1042,1043,1044,1045,1046,1047,1048,1049,1050,1051,1052,1053,1015,1016,1017,1018,1019,1020,1021,1022,1023,1024,1025,1026,1027,
1066,1067,1068,1069,1070,1071,1072,1073,1074,1075,1076,1077,1078,1079,1080,1081,1082,1083,1084,1085,1086,1087,1088,1089,1090,1091,1092,1054,1055,1056,1057,1058,1059,1060,1061,1062,1063,1064,1065,
1104,1105,1106,1107,1108,1109,1110,1111,1112,1113,1114,1115,1116,1117,1118,1119,1120,1121,1122,1123,1124,1125,1126,1127,1128,1129,1130,1131,1093,1094,1095,1096,1097,1098,1099,1100,1101,1102,1103,
1142,1143,1144,1145,1146,1147,1148,1149,1150,1151,1152,1153,1154,1155,1156,1157,1158,1159,1160,1161,1162,1163,1164,1165,1166,1167,1168,1169,1170,1132,1133,1134,1135,1136,1137,1138,1139,1140,1141,
1180,1181,1182,1183,1184,1185,1186,1187,1188,1189,1190,1191,1192,1193,1194,1195,1196,1197,1198,1199,1200,1201,1202,1203,1204,1205,1206,1207,1208,1209,1171,1172,1173,1174,1175,1176,1177,1178,1179,
1218,1219,1220,1221,1222,1223,1224,1225,1226,1227,1228,1229,1230,1231,1232,1233,1234,1235,1236,1237,1238,1239,1240,1241,1242,1243,1244,1245,1246,1247,1248,1210,1211,1212,1213,1214,1215,1216,1217,
1256,1257,1258,1259,1260,1261,1262,1263,1264,1265,1266,1267,1268,1269,1270,1271,1272,1273,1274,1275,1276,1277,1278,1279,1280,1281,1282,1283,1284,1285,1286,1287,1249,1250,1251,1252,1253,1254,1255,
1294,1295,1296,1297,1298,1299,1300,1301,1302,1303,1304,1305,1306,1307,1308,1309,1310,1311,1312,1313,1314,1315,1316,1317,1318,1319,1320,1321,1322,1323,1324,1325,1326,1288,1289,1290,1291,1292,1293,
1332,1333,1334,1335,1336,1337,1338,1339,1340,1341,1342,1343,1344,1345,1346,1347,1348,1349,1350,1351,1352,1353,1354,1355,1356,1357,1358,1359,1360,1361,1362,1363,1364,1365,1327,1328,1329,1330,1331,
1370,1371,1372,1373,1374,1375,1376,1377,1378,1379,1380,1381,1382,1383,1384,1385,1386,1387,1388,1389,1390,1391,1392,1393,1394,1395,1396,1397,1398,1399,1400,1401,1402,1403,1404,1366,1367,1368,1369,
1408,1409,1410,1411,1412,1413,1414,1415,1416,1417,1418,1419,1420,1421,1422,1423,1424,1425,1426,1427,1428,1429,1430,1431,1432,1433,1434,1435,1436,1437,1438,1439,1440,1441,1442,1443,1405,1406,1407,
1446,1447,1448,1449,1450,1451,1452,1453,1454,1455,1456,1457,1458,1459,1460,1461,1462,1463,1464,1465,1466,1467,1468,1469,1470,1471,1472,1473,1474,1475,1476,1477,1478,1479,1480,1481,1482,1444,1445,
1484,1485,1486,1487,1488,1489,1490,1491,1492,1493,1494,1495,1496,1497,1498,1499,1500,1501,1502,1503,1504,1505,1506,1507,1508,1509,1510,1511,1512,1513,1514,1515,1516,1517,1518,1519,1520,1521,1483,
247132,247912,248692,249472,250252,251032,251812,252592,253372,254152,254932,255712,256492,257272,258052,258832,259612,260392,261172,261952,588,1368,2148,2928,3708,4488,5268,6048,6828,7608,8388,9168,9948,10728,11508,12288,13068,13848,14628,
152432,64994,67295,69596,71897,74198,76499,78800,81101,83402,85703,88004,90305,92606,94907,97208,99509,101810,104111,106412,108713,111014,113315,115616,117917,120218,122519,124820,127121,129422,131723,134024,136325,138626,140927,143228,145529,147830,150131,
24270,28092,145000,148822,152644,156466,160288,164110,167932,171754,175576,179398,183220,187042,190864,194686,198508,202330,206152,209974,213796,217618,221440,225262,229084,232906,236728,240550,244372,248194,252016,255838,259660,1338,5160,8982,12804,16626,20448,
155210,160553,165896,225006,230349,235692,241035,246378,251721,257064,263,5606,10949,16292,21635,26978,32321,37664,43007,48350,53693,59036,64379,69722,75065,80408,85751,91094,96437,101780,107123,112466,117809,123152,128495,133838,139181,144524,149867,
20964,27828,34692,41556,42868,49732,56596,63460,70324,77188,84052,90916,97780,104644,111508,118372,125236,132100,138964,145828,152692,159556,166420,173284,180148,187012,193876,200740,207604,214468,221332,228196,235060,241924,248788,255652,372,7236,14100,
145820,154205,162590,170975,179360,122874,131259,139644,148029,156414,164799,173184,181569,189954,198339,206724,215109,223494,231879,240264,248649,257034,3275,11660,20045,28430,36815,45200,53585,61970,70355,78740,87125,95510,103895,112280,120665,129050,137435,
5490,15396,25302,35208,45114,55020,202880,212786,222692,232598,242504,252410,172,10078,19984,29890,39796,49702,59608,69514,79420,89326,99232,109138,119044,128950,138856,148762,158668,168574,178480,188386,198292,208198,218104,228010,237916,247822,257728,
124262,135689,147116,158543,169970,181397,192824,20742,32169,43596,55023,66450,77877,89304,100731,112158,123585,135012,146439,157866,169293,180720,192147,203574,215001,226428,237855,249282,260709,9992,21419,32846,44273,55700,67127,78554,89981,101408,112835,
239992,252940,3744,16692,29640,42588,55536,68484,100748,113696,126644,139592,152540,165488,178436,191384,204332,217280,230228,243176,256124,6928,19876,32824,45772,58720,71668,84616,97564,110512,123460,136408,149356,162304,175252,188200,201148,214096,227044,
90536,105005,119474,133943,148412,162881,177350,191819,206288,180754,195223,209692,224161,238630,253099,5424,19893,34362,48831,63300,77769,92238,106707,121176,135645,150114,164583,179052,193521,207990,222459,236928,251397,3722,18191,32660,47129,61598,76067,
200182,216172,232162,248152,1998,17988,33978,49968,65958,81948,260760,14606,30596,46586,62576,78566,94556,110546,126536,142526,158516,174506,190496,206486,222476,238466,254456,8302,24292,40282,56272,72262,88252,104242,120232,136222,152212,168202,184192,
44642,62153,79664,97175,114686,132197,149708,167219,184730,202241,219752,78622,96133,113644,131155,148666,166177,183688,201199,218710,236221,253732,9099,26610,44121,61632,79143,96654,114165,131676,149187,166698,184209,201720,219231,236742,254253,9620,27131,
148204,167236,186268,205300,224332,243364,252,19284,38316,57348,76380,95412,158628,177660,196692,215724,234756,253788,10676,29708,48740,67772,86804,105836,124868,143900,162932,181964,200996,220028,239060,258092,14980,34012,53044,72076,91108,110140,129172,
248724,7133,27686,48239,68792,89345,109898,130451,151004,171557,192110,212663,233216,238634,259187,17596,38149,58702,79255,99808,120361,140914,161467,182020,202573,223126,243679,2088,22641,43194,63747,84300,104853,125406,145959,166512,187065,207618,228171,
84058,106132,128206,150280,172354,194428,216502,238576,260650,20580,42654,64728,86802,108876,56496,78570,100644,122718,144792,166866,188940,211014,233088,255162,15092,37166,59240,81314,103388,125462,147536,169610,191684,213758,235832,257906,17836,39910,61984,
178494,202089,225684,249279,10730,34325,57920,81515,105110,128705,152300,175895,199490,223085,246680,136502,160097,183692,207287,230882,254477,15928,39523,63118,86713,110308,133903,157498,181093,204688,228283,251878,13329,36924,60519,84114,107709,131304,154899,
7744,32860,57976,83092,108208,133324,158440,183556,208672,233788,258904,21876,46992,72108,97224,122340,216508,241624,4596,29712,54828,79944,105060,130176,155292,180408,205524,230640,255756,18728,43844,68960,94076,119192,144308,169424,194540,219656,244772,
96096,122733,149370,176007,202644,229281,255918,20411,47048,73685,100322,126959,153596,180233,206870,233507,260144,34370,61007,87644,114281,140918,167555,194192,220829,247466,11959,38596,65233,91870,118507,145144,171781,198418,225055,251692,16185,42822,69459,
181406,209564,237722,3736,31894,60052,88210,116368,144526,172684,200842,229000,257158,23172,51330,79488,107646,135804,114376,142534,170692,198850,227008,255166,21180,49338,77496,105654,133812,161970,190128,218286,246444,12458,40616,68774,96932,125090,153248,
1530,31209,60888,90567,120246,149925,179604,209283,238962,6497,36176,65855,95534,125213,154892,184571,214250,243929,11464,194382,224061,253740,21275,50954,80633,110312,139991,169670,199349,229028,258707,26242,55921,85600,115279,144958,174637,204316,233995,
80756,111956,143156,174356,205556,236756,5812,37012,68212,99412,130612,161812,193012,224212,255412,24468,55668,86868,118068,149268,12244,43444,74644,105844,137044,168244,199444,230644,261844,30900,62100,93300,124500,155700,186900,218100,249300,18356,49556,
156940,189661,222382,255103,25680,58401,91122,123843,156564,189285,222006,254727,25304,58025,90746,123467,156188,188909,221630,254351,24928,92250,124971,157692,190413,223134,255855,26432,59153,91874,124595,157316,190037,222758,255479,26056,58777,91498,124219,
230082,2180,36422,70664,104906,139148,173390,207632,241874,13972,48214,82456,116698,150940,185182,219424,253666,25764,60006,94248,128490,162732,172256,206498,240740,12838,47080,81322,115564,149806,184048,218290,252532,24630,58872,93114,127356,161598,195840,
38038,73801,109564,145327,181090,216853,252616,26235,61998,97761,133524,169287,205050,240813,14432,50195,85958,121721,157484,193247,229010,2629,38392,252262,25881,61644,97407,133170,168933,204696,240459,14078,49841,85604,121367,157130,192893,228656,2275,
105096,142380,179664,216948,254232,29372,66656,103940,141224,178508,215792,253076,28216,65500,102784,140068,177352,214636,251920,27060,64344,101628,138912,176196,70124,107408,144692,181976,219260,256544,31684,68968,106252,143536,180820,218104,255388,30528,67812,
169112,207917,246722,23383,62188,100993,139798,178603,217408,256213,32874,71679,110484,149289,188094,226899,3560,42365,81170,119975,158780,197585,236390,13051,51856,150130,188935,227740,4401,43206,82011,120816,159621,198426,237231,13892,52697,91502,130307,
230086,8268,48594,88920,129246,169572,209898,250224,28406,68732,109058,149384,189710,230036,8218,48544,88870,129196,169522,209848,250174,28356,68682,109008,149334,189660,230136,8318,48644,88970,129296,169622,209948,250274,28456,68782,109108,149434,189760,
25874,67721,109568,151415,193262,235109,14812,56659,98506,140353,182200,224047,3750,45597,87444,129291,171138,212985,254832,34535,76382,118229,160076,201923,243770,23473,65320,47998,89845,131692,173539,215386,257233,36936,78783,120630,162477,204324,246171,
80764,124132,167500,210868,254236,35460,78828,122196,165564,208932,252300,33524,76892,120260,163628,206996,250364,31588,74956,118324,161692,205060,248428,29652,73020,116388,159756,203124,128004,171372,214740,258108,39332,82700,126068,169436,212804,256172,37396,
132612,177501,222390,5135,50024,94913,139802,184691,229580,12325,57214,102103,146992,191881,236770,19515,64404,109293,154182,199071,243960,26705,71594,116483,161372,206261,251150,33895,78784,208010,252899,35644,80533,125422,170311,215200,260089,42834,87723,
181418,227828,12094,58504,104914,151324,197734,244144,28410,74820,121230,167640,214050,260460,44726,91136,137546,183956,230366,14632,61042,107452,153862,200272,246682,30948,77358,123768,170178,216588,25872,72282,118692,165102,211512,257922,42188,88598,135008,
227182,12969,60900,108831,156762,204693,252624,38411,86342,134273,182204,230135,15922,63853,111784,159715,207646,255577,41364,89295,137226,185157,233088,18875,66806,114737,162668,210599,258530,44317,92248,105878,153809,201740,249671,35458,83389,131320,179251,
7760,57212,106664,156116,205568,255020,42328,91780,141232,190684,240136,27444,76896,126348,175800,225252,12560,62012,111464,160916,210368,259820,47128,96580,146032,195484,244936,32244,81696,131148,180600,230052,185884,235336,22644,72096,121548,171000,220452,
47440,98413,149386,200359,251332,40161,91134,142107,193080,244053,32882,83855,134828,185801,236774,25603,76576,127549,178522,229495,18324,69297,120270,171243,222216,11045,62018,112991,163964,214937,3766,54739,105712,3746,54719,105692,156665,207638,258611,
84078,136572,189066,241560,31910,84404,136898,189392,241886,32236,84730,137224,189718,242212,32562,85056,137550,190044,242538,32888,85382,137876,190370,242864,33214,85708,138202,190696,243190,33540,86034,138528,191022,243516,83752,136246,188740,241234,31584,
117674,171689,225704,17575,71590,125605,179620,233635,25506,79521,133536,187551,241566,33437,87452,141467,195482,249497,41368,95383,149398,203413,257428,49299,103314,157329,211344,3215,57230,111245,165260,219275,11146,65161,119176,163758,217773,9644,63659,
148228,203764,259300,52692,108228,163764,219300,12692,68228,123764,179300,234836,28228,83764,139300,194836,250372,43764,99300,154836,210372,3764,59300,114836,170372,225908,19300,74836,130372,185908,241444,34836,90372,145908,201444,256980,243764,37156,92692,
175740,232797,27710,84767,141824,198881,255938,50851,107908,164965,222022,16935,73992,131049,188106,245163,40076,97133,154190,211247,6160,63217,120274,177331,234388,29301,86358,143415,200472,257529,52442,109499,166556,223613,18526,75583,132640,61626,118683,
200210,258788,55222,113800,172378,230956,27390,85968,144546,203124,261702,58136,116714,175292,233870,30304,88882,147460,206038,2472,61050,119628,178206,236784,33218,91796,150374,208952,5386,63964,122542,181120,239698,36132,94710,153288,211866,8300,141632,
15216,7728,240,254896,247408,239920,232432,224944,217456,209968,202480,194992,187504,180016,172528,165040,157552,150064,142576,135088,127600,120112,112624,105136,97648,90160,82672,75184,67696,60208,52720,45232,37744,30256,22768,15280,7792,304,254960,
128056,233950,17309,62812,108315,153818,199321,244824,28183,73686,119189,164692,210195,255698,39057,84560,130063,175566,221069,4428,49931,95434,140937,186440,231943,15302,60805,106308,151811,197314,242817,26176,71679,117182,162685,208188,253691,37050,82553,
164802,1152,190540,26890,125384,223878,60228,158722,257216,93566,192060,28410,126904,225398,61748,160242,258736,95086,193580,29930,128424,226918,63268,161762,260256,96606,195100,31450,129944,228438,64788,163282,261776,98126,196620,32970,131464,229958,66308,
95566,247051,136392,147130,36471,187956,77297,228782,118123,7464,158949,48290,199775,89116,240601,129942,19283,170768,60109,211594,100935,252420,141761,31102,182587,71928,223413,112754,2095,153580,42921,194406,83747,235232,124573,13914,165399,54740,206225,
182492,124824,67156,9488,103720,46052,250528,192860,135192,77524,19856,224332,166664,108996,51328,255804,198136,140468,82800,25132,229608,171940,114272,56604,261080,203412,145744,88076,30408,234884,177216,119548,61880,4212,208688,151020,93352,35684,240160,
163436,158759,154082,149405,144728,60310,55633,50956,46279,41602,36925,32248,27571,22894,18217,13540,8863,4186,261653,256976,252299,247622,242945,238268,233591,228914,224237,219560,214883,210206,205529,200852,196175,191498,186821,182144,177467,172790,168113,
38398,86712,135026,183340,231654,17824,16900,65214,113528,161842,210156,258470,44640,92954,141268,189582,237896,24066,72380,120694,169008,217322,3492,51806,100120,148434,196748,245062,31232,79546,127860,176174,224488,10658,58972,107286,155600,203914,252228,
69522,170827,9988,111293,212598,51759,153064,235634,74795,176100,15261,116566,217871,57032,158337,259642,98803,200108,39269,140574,241879,81040,182345,21506,122811,224116,63277,164582,3743,105048,206353,45514,146819,248124,87285,188590,27751,129056,230361,
256808,148960,41112,195408,87560,241856,134008,26160,192224,84376,238672,130824,22976,177272,69424,223720,115872,8024,162320,54472,208768,100920,255216,147368,39520,193816,85968,240264,132416,24568,178864,71016,225312,117464,9616,163912,56064,210360,102512,
75968,21111,228398,173541,118684,63827,8970,216257,161400,148814,93957,39100,246387,191530,136673,81816,26959,234246,179389,124532,69675,14818,222105,167248,112391,57534,2677,209964,155107,100250,45393,252680,197823,142966,88109,33252,240539,185682,130825,
51290,49424,47558,45692,43826,41960,40094,38228,36362,34496,105404,103538,101672,99806,97940,96074,94208,92342,90476,88610,86744,84878,83012,81146,79280,77414,75548,73682,71816,69950,68084,66218,64352,62486,60620,58754,56888,55022,53156,
182774,233899,22880,74005,125130,176255,227380,16361,67486,118611,169736,61994,113119,164244,215369,4350,55475,106600,157725,208850,259975,48956,100081,151206,202331,253456,42437,93562,144687,195812,246937,35918,87043,138168,189293,240418,29399,80524,131649,
208276,50248,154364,258480,100452,204568,46540,150656,254772,96744,200860,42832,18584,122700,226816,68788,172904,14876,118992,223108,65080,169196,11168,115284,219400,61372,165488,7460,111576,215692,57664,161780,3752,107868,211984,53956,158072,44,104160,
127796,22759,179866,74829,231936,126899,21862,178969,73932,231039,126002,20965,178072,237318,132281,27244,184351,79314,236421,131384,26347,183454,78417,235524,130487,25450,182557,77520,234627,129590,24553,181660,76623,233730,128693,23656,180763,75726,232833,
203478,151432,99386,47340,257438,205392,153346,101300,49254,259352,207306,155260,103214,51168,193908,141862,89816,37770,247868,195822,143776,91730,39684,249782,197736,145690,93644,41598,251696,199650,147604,95558,43512,253610,201564,149518,97472,45426,255524,
173178,174123,175068,176013,176958,177903,178848,179793,180738,181683,182628,183573,184518,185463,186408,150498,151443,152388,153333,154278,155223,156168,157113,158058,159003,159948,160893,161838,162783,163728,164673,165618,166563,167508,168453,169398,170343,171288,172233,
36896,90832,144768,198704,252640,44432,98368,152304,206240,260176,51968,105904,159840,213776,5568,59504,107088,161024,214960,6752,60688,114624,168560,222496,14288,68224,122160,176096,230032,21824,75760,129696,183632,237568,29360,83296,137232,191168,245104,
56776,163703,8486,115413,222340,67123,174050,18833,125760,232687,77470,184397,29180,136107,243034,87817,194744,63678,170605,15388,122315,229242,74025,180952,25735,132662,239589,84372,191299,36082,143009,249936,94719,201646,46429,153356,260283,105066,211993,
232818,130592,28366,188284,86058,245976,143750,41524,201442,99216,259134,156908,54682,214600,112374,10148,170066,67840,20268,180186,77960,237878,135652,33426,193344,91118,251036,148810,46584,206502,104276,2050,161968,59742,219660,117434,15208,175126,72900,
40734,253643,204408,155173,105938,56703,7468,220377,171142,121907,72672,23437,236346,187111,137876,88641,39406,252315,203080,239002,189767,140532,91297,42062,254971,205736,156501,107266,58031,8796,221705,172470,123235,74000,24765,237674,188439,139204,89969,
4812,8568,12324,16080,19836,23592,27348,31104,34860,38616,42372,46128,49884,53640,57396,61152,64908,68664,72420,76176,195592,199348,203104,206860,210616,214372,218128,221884,225640,229396,233152,236908,240664,244420,248176,251932,255688,259444,1056,
125052,181799,238546,33149,89896,146643,203390,260137,54740,111487,168234,224981,19584,76331,133078,189825,246572,41175,97922,154669,211416,152182,208929,3532,60279,117026,173773,230520,25123,81870,138617,195364,252111,46714,103461,160208,216955,11558,68305,
139310,249048,96642,206380,53974,163712,11306,121044,230782,78376,188114,35708,145446,255184,102778,212516,60110,169848,17442,127180,236918,84512,108772,218510,66104,175842,23436,133174,242912,90506,200244,47838,157576,5170,114908,224646,72240,181978,29572,
47586,210315,110900,11485,174214,74799,237528,138113,38698,201427,102012,2597,165326,65911,228640,129225,29810,192539,93124,255853,156438,57023,219752,65362,228091,128676,29261,191990,92575,255304,155889,56474,219203,119788,20373,183102,83687,246416,147001,
112024,65600,19176,234896,188472,142048,95624,49200,2776,218496,172072,125648,79224,32800,248520,202096,155672,109248,62824,16400,232120,185696,139272,92848,21952,237672,191248,144824,98400,51976,5552,221272,174848,128424,82000,35576,251296,204872,158448,
70480,77047,83614,90181,96748,103315,109882,116449,123016,129583,136150,142717,149284,155851,162418,168985,175552,182119,188686,195253,201820,208387,214954,221521,228088,240686,247253,253820,260387,4810,11377,17944,24511,31078,37645,44212,50779,57346,63913,
185098,244656,42070,101628,161186,220744,18158,77716,137274,196832,256390,53804,113362,172920,232478,29892,89450,149008,208566,5980,65538,125096,184654,244212,41626,101184,197276,256834,54248,113806,173364,232922,30336,89894,149452,209010,6424,65982,125540,
193734,44139,156688,7093,119642,232191,82596,195145,45550,158099,8504,121053,233602,84007,196556,46961,159510,9915,122464,235013,85418,197967,48372,160921,11326,123875,236424,153866,4271,116820,229369,79774,192323,42728,155277,5682,118231,230780,81185,
96388,261928,165324,68720,234260,137656,41052,206592,109988,13384,178924,82320,247860,151256,54652,220192,123588,26984,192524,95920,261460,164856,68252,233792,137188,40584,206124,109520,110456,13852,179392,82788,248328,151724,55120,220660,124056,27452,192992,
155204,111591,67978,24365,242896,199283,155670,112057,68444,24831,243362,199749,156136,112523,68910,25297,243828,200215,156602,112989,69376,25763,244294,200681,157068,113455,69842,26229,244760,67046,23433,241964,198351,154738,111125,67512,23899,242430,198817,
108038,117416,126794,136172,145550,154928,164306,173684,183062,192440,201818,211196,220574,229952,239330,248708,258086,5320,14698,24076,33454,42832,52210,61588,70966,80344,89722,99100,108478,117856,23636,33014,42392,51770,61148,70526,79904,89282,98660,
217034,17259,79628,141997,204366,4591,66960,129329,191698,254067,54292,116661,179030,241399,41624,103993,166362,228731,28956,91325,153694,216063,16288,78657,141026,203395,3620,65989,128358,190727,253096,242370,42595,104964,167333,229702,29927,92296,154665,
220048,73264,188624,41840,157200,10416,125776,241136,94352,209712,62928,178288,31504,146864,80,115440,230800,84016,199376,52592,167952,21168,136528,251888,105104,220464,73680,189040,42256,157616,10832,126192,198960,52176,167536,20752,136112,251472,104688,
117080,23287,191638,97845,4052,172403,78610,246961,153168,59375,227726,133933,40140,208491,114698,20905,189256,95463,1670,170021,76228,244579,150786,56993,225344,131551,37758,206109,112316,18523,186874,93081,261432,155550,61757,230108,136315,42522,210873,
170274,129472,88670,47868,7066,228408,187606,146804,106002,65200,24398,245740,204938,164136,123334,82532,41730,928,222270,181468,140666,99864,59062,18260,239602,198800,157998,117196,76394,35592,256934,216132,175330,134528,112140,71338,30536,251878,211076,
117486,129675,141864,154053,166242,178431,190620,202809,214998,227187,239376,251565,1610,13799,25988,38177,50366,62555,74744,86933,99122,111311,123500,135689,147878,160067,172256,184445,196634,208823,221012,233201,245390,257579,7624,68730,80919,93108,105297,
220860,23896,89076,154256,219436,22472,87652,152832,218012,21048,86228,151408,216588,19624,84804,149984,215164,18200,83380,148560,213740,16776,81956,147136,212316,15352,80532,145712,210892,13928,79108,144288,209468,12504,77684,142864,25320,90500,155680,
218252,74279,192450,48477,166648,22675,140846,259017,115044,233215,89242,207413,63440,181611,37638,155809,11836,130007,248178,104205,222376,78403,196574,52601,170772,26799,144970,997,119168,237339,93366,211537,67564,185735,41762,159933,15960,244054,100081,
109662,18680,189842,98860,7878,179040,88058,259220,168238,77256,248418,157436,66454,237616,146634,55652,226814,135832,44850,216012,125030,34048,205210,114228,23246,194408,103426,12444,183606,92624,1642,172804,81822,252984,162002,71020,242182,151200,200644,
20540,50960,81380,111800,142220,172640,203060,233480,1756,32176,62596,93016,123436,153856,184276,214696,245116,13392,43812,74232,104652,135072,165492,195912,226332,256752,25028,55448,85868,116288,146708,177128,207548,237968,6244,36664,67084,97504,127924,
53170,50960,140699,230438,58033,147772,237511,65106,154845,244584,72179,161918,251657,79252,168991,258730,86325,176064,3659,93398,183137,10732,100471,190210,17805,107544,197283,24878,114617,204356,31951,121690,211429,39024,128763,218502,46097,135836,225575,
91502,240560,81380,230438,117352,4266,153324,40238,189296,76210,225268,112182,261240,148154,35068,184126,71040,220098,107012,256070,142984,29898,178956,65870,214928,101842,250900,137814,24728,173786,60700,209758,96672,245730,132644,19558,168616,55530,204588,
11196,219573,165806,111800,58033,4266,212643,158876,105109,51342,259719,205952,152185,98418,44651,253028,199261,145494,91727,37960,246337,192570,138803,85036,31269,239646,185879,132112,78345,24578,232955,179188,125421,71654,17887,226264,172497,118730,64963,
74396,79948,85500,91052,142220,147772,153324,158876,164428,169980,175532,181084,186636,192188,197740,203292,208844,214396,219948,225500,231052,236604,242156,247708,253260,258812,2220,7772,13324,18876,24428,29980,35532,41084,46636,52188,57740,63292,68844,
18958,83829,148700,213571,16298,172640,237511,40238,105109,169980,234851,37578,102449,167320,232191,34918,99789,164660,229531,32258,97129,162000,226871,29598,94469,159340,224211,26938,91809,156680,221551,24278,89149,154020,218891,21618,86489,151360,216231,
107026,231216,93262,217452,79498,203688,203060,65106,189296,51342,175532,37578,161768,23814,148004,10050,134240,258430,120476,244666,106712,230902,92948,217138,79184,203374,65420,189610,51656,175846,37892,162082,24128,148318,10364,134554,258744,120790,244980,
76456,259965,181330,102695,24060,207569,128934,233480,154845,76210,259719,181084,102449,23814,207323,128688,50053,233562,154927,76292,259801,181166,102531,23896,207405,128770,50135,233644,155009,76374,259883,181248,102613,23978,207487,128852,50217,233726,155091,
189392,170076,150760,131444,112128,92812,73496,54180,1756,244584,225268,205952,186636,167320,148004,128688,109372,90056,70740,51424,32108,12792,255620,236304,216988,197672,178356,159040,139724,120408,101092,81776,62460,43144,23828,4512,247340,228024,208708,
183690,223693,1552,41555,81558,121561,161564,201567,241570,32176,72179,112182,152185,192188,232191,10050,50053,90056,130059,170062,210065,250068,27927,67930,107933,147936,187939,227942,5801,45804,85807,125810,165813,205816,245819,23678,63681,103684,143687,
59350,158672,257994,95172,194494,31672,130994,230316,67494,166816,62596,161918,261240,98418,197740,34918,134240,233562,70740,170062,7240,106562,205884,43062,142384,241706,78884,178206,15384,114706,214028,51206,150528,249850,87028,186350,23528,122850,222172,
78516,237157,133654,30151,188792,85289,243930,140427,36924,195565,92062,93016,251657,148154,44651,203292,99789,258430,154927,51424,210065,106562,3059,161700,58197,216838,113335,9832,168473,64970,223611,120108,16605,175246,71743,230384,126881,23378,182019,
241188,197004,152820,108636,64452,20268,238228,194044,149860,105676,61492,17308,123436,79252,35068,253028,208844,164660,120476,76292,32108,250068,205884,161700,117516,73332,29148,247108,202924,158740,114556,70372,26188,244148,199964,155780,111596,67412,23228,
23078,38213,53348,68483,83618,98753,113888,129023,144158,159293,174428,189563,204698,153856,168991,184126,199261,214396,229531,244666,259801,12792,27927,43062,58197,73332,88467,103602,118737,133872,149007,164142,179277,194412,209547,224682,239817,254952,7943,
210618,22928,97382,171836,246290,58600,133054,207508,19818,94272,168726,243180,55490,129944,184276,258730,71040,145494,219948,32258,106712,181166,255620,67930,142384,216838,29148,103602,178056,252510,64820,139274,213728,26038,100492,174946,249400,61710,136164,
17376,151149,22778,156551,28180,161953,33582,167355,38984,172757,44386,178159,49788,183561,55190,214696,86325,220098,91727,225500,97129,230902,102531,236304,107933,241706,113335,247108,118737,252510,124139,257912,129541,1170,134943,6572,140345,11974,145747,
229784,160732,91680,22628,215720,146668,77616,8564,201656,132604,63552,256644,187592,118540,49488,242580,245116,176064,107012,37960,231052,162000,92948,23896,216988,147936,78884,9832,202924,133872,64820,257912,188860,119808,50756,243848,174796,105744,36692,
61410,51677,41944,32211,22478,12745,3012,255423,245690,235957,226224,216491,206758,197025,187292,177559,167826,13392,3659,256070,246337,236604,226871,217138,207405,197672,187939,178206,168473,158740,149007,139274,129541,119808,110075,100342,90609,80876,71143,
36542,86128,135714,185300,234886,22328,71914,121500,171086,220672,8114,57700,107286,156872,206458,256044,43486,93072,43812,93398,142984,192570,242156,29598,79184,128770,178356,227942,15384,64970,114556,164142,213728,1170,50756,100342,149928,199514,249100,
155180,1941,110846,219751,66512,175417,22178,131083,239988,86749,195654,42415,151320,260225,106986,215891,62652,171557,18318,74232,183137,29898,138803,247708,94469,203374,50135,159040,5801,114706,223611,70372,179277,26038,134943,243848,90609,199514,46275,
155180,61260,229484,135564,41644,209868,115948,22028,190252,96332,2412,170636,76716,244940,151020,57100,225324,131404,37484,205708,104652,10732,178956,85036,253260,159340,65420,233644,139724,45804,214028,120108,26188,194412,100492,6572,174796,80876,249100,
36542,1941,229484,194883,160282,125681,91080,56479,21878,249421,214820,180219,145618,111017,76416,41815,7214,234757,200156,165555,130954,135072,100471,65870,31269,258812,224211,189610,155009,120408,85807,51206,16605,244148,209547,174946,140345,105744,71143,
61410,86128,110846,135564,160282,185000,209718,234436,259154,21728,46446,71164,95882,120600,145318,170036,194754,219472,244190,6764,31482,56200,165492,190210,214928,239646,2220,26938,51656,76374,101092,125810,150528,175246,199964,224682,249400,11974,36692,
229784,51677,135714,219751,41644,125681,209718,31611,115648,199685,21578,105615,189652,11545,95582,179619,1512,85549,169586,253623,75516,159553,243590,195912,17805,101842,185879,7772,91809,175846,259883,81776,165813,249850,71743,155780,239817,61710,145747,
17376,160732,41944,185300,66512,209868,91080,234436,115648,259004,140216,21428,164784,45996,189352,70564,213920,95132,238488,119700,912,144268,25480,168836,226332,107544,250900,132112,13324,156680,37892,181248,62460,205816,87028,230384,111596,254952,136164,
210618,151149,91680,32211,234886,175417,115948,56479,259154,199685,140216,80747,21278,223953,164484,105015,45546,248221,188752,129283,69814,10345,213020,153551,94082,256752,197283,137814,78345,18876,221551,162082,102613,43144,245819,186350,126881,67412,7943,
23078,22928,22778,22628,22478,22328,22178,22028,21878,21728,21578,21428,21278,21128,20978,20828,20678,20528,20378,20228,20078,19928,19778,19628,19478,19328,25028,24878,24728,24578,24428,24278,24128,23978,23828,23678,23528,23378,23228,
241188,38213,97382,156551,215720,12745,71914,131083,190252,249421,46446,105615,164784,223953,20978,80147,139316,198485,257654,54679,113848,173017,232186,29211,88380,147549,206718,55448,114617,173786,232955,29980,89149,148318,207487,4512,63681,122850,182019,
78516,197004,53348,171836,28180,146668,3012,121500,239988,96332,214820,71164,189652,45996,164484,20828,139316,257804,114148,232636,88980,207468,63812,182300,38644,157132,13476,131964,85868,204356,60700,179188,35532,154020,10364,128852,247340,103684,222172,
59350,237157,152820,68483,246290,161953,77616,255423,171086,86749,2412,180219,95882,11545,189352,105015,20678,198485,114148,29811,207618,123281,38944,216751,132414,48077,225884,141547,57210,116288,31951,209758,125421,41084,218891,134554,50217,228024,143687,
183690,158672,133654,108636,83618,58600,33582,8564,245690,220672,195654,170636,145618,120600,95582,70564,45546,20528,257654,232636,207618,182600,157582,132564,107546,82528,57510,32492,7474,244600,146708,121690,96672,71654,46636,21618,258744,233726,208708,
189392,223693,257994,30151,64452,98753,133054,167355,201656,235957,8114,42415,76716,111017,145318,179619,213920,248221,20378,54679,88980,123281,157582,191883,226184,260485,32642,66943,101244,135545,169846,177128,211429,245730,17887,52188,86489,120790,155091,
76456,170076,1552,95172,188792,20268,113888,207508,38984,132604,226224,57700,151320,244940,76416,170036,1512,95132,188752,20228,113848,207468,38944,132564,226184,57660,151280,244900,76376,169996,1472,95092,207548,39024,132644,226264,57740,151360,244980,
107026,259965,150760,41555,194494,85289,238228,129023,19818,172757,63552,216491,107286,260225,151020,41815,194754,85549,238488,129283,20078,173017,63812,216751,107546,260485,151280,42075,195014,85809,238748,129543,20338,237968,128763,19558,172497,63292,216231,
18958,231216,181330,131444,81558,31672,243930,194044,144158,94272,44386,256644,206758,156872,106986,57100,7214,219472,169586,119700,69814,19928,232186,182300,132414,82528,32642,244900,195014,145128,95242,45356,257614,207728,6244,218502,168616,118730,68844,
74396,83829,93262,102695,112128,121561,130994,140427,149860,159293,168726,178159,187592,197025,206458,215891,225324,234757,244190,253623,912,10345,19778,29211,38644,48077,57510,66943,76376,85809,95242,104675,114108,123541,132974,36664,46097,55530,64963,
11196,79948,148700,217452,24060,92812,161564,230316,36924,105676,174428,243180,49788,118540,187292,256044,62652,131404,200156,6764,75516,144268,213020,19628,88380,157132,225884,32492,101244,169996,238748,45356,114108,182860,251612,58220,67084,135836,204588,
91502,219573,85500,213571,79498,207569,73496,201567,67494,195565,61492,189563,55490,183561,49488,177559,43486,171557,37484,165555,31482,159553,25480,153551,19478,147549,13476,141547,7474,135545,1472,129543,257614,123541,251612,117539,245610,97504,225575,
53170,240560,165806,91052,16298,203688,128934,54180,241570,166816,92062,17308,204698,129944,55190,242580,167826,93072,18318,205708,130954,56200,243590,168836,94082,19328,206718,131964,57210,244600,169846,95092,20338,207728,132974,58220,245610,170856,127924,
33424,218376,141184,63992,248944,171752,94560,17368,202320,125128,47936,232888,155696,78504,1312,186264,109072,31880,216832,139640,62448,247400,170208,93016,15824,200776,123584,46392,231344,154152,76960,261912,184720,107528,30336,215288,138096,60904,245856,
105430,3536,157985,50290,204739,97044,251493,143798,36103,190552,82857,237306,129611,21916,176365,68670,223119,115424,7729,162178,54483,208932,101237,255686,147991,40296,194745,87050,241499,133804,26109,180558,72863,227312,119617,11922,166371,58676,213125,
103202,227148,235792,97594,221540,83342,207288,69090,193036,54838,178784,40586,164532,26334,150280,12082,136028,259974,121776,245722,107524,231470,93272,217218,79020,202966,64768,188714,50516,174462,36264,160210,22012,145958,7760,131706,255652,117454,241400,
161980,255423,86722,205904,37203,130646,224089,55388,148831,242274,73573,167016,260459,91758,185201,16500,109943,203386,34685,128128,221571,52870,146313,239756,71055,164498,257941,89240,182683,13982,107425,200868,32167,125610,219053,50352,143795,237238,68537,
19620,82560,145500,208440,176016,238956,39752,102692,165632,228572,29368,92308,155248,218188,18984,81924,144864,207804,8600,71540,134480,197420,260360,61156,124096,187036,249976,50772,113712,176652,239592,40388,103328,166268,229208,30004,92944,155884,218824,
200410,232847,3140,35577,68014,146128,178565,211002,243439,13732,46169,78606,111043,143480,175917,208354,240791,11084,43521,75958,108395,140832,173269,205706,238143,8436,40873,73310,105747,138184,170621,203058,235495,5788,38225,70662,103099,135536,167973,
180062,181996,183930,185864,187798,189732,116240,118174,120108,122042,123976,125910,127844,129778,131712,133646,135580,137514,139448,141382,143316,145250,147184,149118,151052,152986,154920,156854,158788,160722,162656,164590,166524,168458,170392,172326,174260,176194,178128,
220720,192151,163582,135013,106444,77875,49306,86352,57783,29214,645,234220,205651,177082,148513,119944,91375,62806,34237,5668,239243,210674,182105,153536,124967,96398,67829,39260,10691,244266,215697,187128,158559,129990,101421,72852,44283,15714,249289,
60240,1168,204240,145168,86096,27024,230096,171024,56464,259536,200464,141392,82320,23248,226320,167248,108176,49104,252176,193104,134032,74960,15888,218960,159888,100816,41744,244816,185744,126672,67600,8528,211600,152528,93456,34384,237456,178384,119312,
222910,133335,43760,216329,126754,37179,209748,120173,30598,26576,199145,109570,19995,192564,102989,13414,185983,96408,6833,179402,89827,252,172821,83246,255815,166240,76665,249234,159659,70084,242653,153078,63503,236072,146497,56922,229491,139916,50341,
184442,64364,206430,86352,228418,108340,250406,130328,10250,152316,258832,138754,18676,160742,40664,182730,62652,204718,84640,226706,106628,248694,128616,8538,150604,30526,172592,52514,194580,74502,216568,96490,238556,118478,260544,140466,20388,162454,42376,
206980,56399,167962,17381,128944,240507,89926,201489,50908,162471,11890,228944,78363,189926,39345,150908,327,111890,223453,72872,184435,33854,145417,256980,106399,217962,67381,178944,28363,139926,251489,100908,212471,61890,173453,22872,134435,245998,95417,
28380,109440,190500,9416,90476,171536,252596,71512,152572,233632,52548,133608,199056,17972,99032,180092,261152,80068,161128,242188,61104,142164,223224,42140,123200,204260,23176,104236,185296,4212,85272,166332,247392,66308,147368,228428,47344,128404,209464,
172930,223487,11900,62457,113014,163571,214128,2541,53098,103655,154212,204769,255326,169168,219725,8138,58695,109252,159809,210366,260923,49336,99893,150450,201007,251564,39977,90534,141091,191648,242205,30618,81175,131732,182289,232846,21259,71816,122373,
116342,136396,156450,176504,196558,216612,236666,256720,14630,34684,54738,74792,94846,114900,139280,159334,179388,199442,219496,239550,259604,17514,37568,57622,77676,97730,117784,137838,157892,177946,198000,218054,238108,258162,16072,36126,56180,76234,96288,
120760,110311,99862,89413,78964,68515,58066,47617,37168,26719,16270,5821,257516,247067,236618,109392,98943,88494,78045,67596,57147,46698,36249,25800,15351,4902,256597,246148,235699,225250,214801,204352,193903,183454,173005,162556,152107,141658,131209,
186184,145232,104280,63328,22376,243568,202616,161664,120712,79760,38808,260000,219048,178096,137144,96192,79504,38552,259744,218792,177840,136888,95936,54984,14032,235224,194272,153320,112368,71416,30464,251656,210704,169752,128800,87848,46896,5944,227136,
50470,241159,169704,98249,26794,217483,146028,74573,3118,193807,122352,50897,241586,170131,98676,27221,217910,49616,240305,168850,97395,25940,216629,145174,73719,2264,192953,121498,50043,240732,169277,97822,26367,217056,145601,74146,2691,193380,121925,
237906,135948,33990,194176,92218,252404,150446,48488,208674,106716,4758,164944,62986,223172,121214,19256,179442,77484,19728,179914,77956,238142,136184,34226,194412,92454,252640,150682,48724,208910,106952,4994,165180,63222,223408,121450,19492,179678,77720,
224204,91743,221426,88965,218648,86187,215870,83409,213092,80631,210314,77853,207536,75075,204758,72297,201980,69519,199202,251984,119523,249206,116745,246428,113967,243650,111189,240872,108411,238094,105633,235316,102855,232538,100077,229760,97299,226982,94521,
9364,108544,207724,44760,143940,243120,80156,179336,16372,115552,214732,51768,150948,250128,87164,186344,23380,122560,221740,58776,222096,59132,158312,257492,94528,193708,30744,129924,229104,66140,165320,2356,101536,200716,37752,136932,236112,73148,172328,
117674,186351,255028,61561,130238,198915,5448,74125,142802,211479,18012,86689,155366,224043,30576,99253,167930,236607,43140,111817,180494,192208,260885,67418,136095,204772,11305,79982,148659,217336,23869,92546,161223,229900,36433,105110,173787,242464,48997,
24846,63020,101194,139368,177542,215716,253890,29920,68094,106268,144442,182616,220790,258964,34994,73168,111342,149516,187690,225864,1894,40068,162320,200494,238668,14698,52872,91046,129220,167394,205568,243742,19772,57946,96120,134294,172468,210642,248816,
255168,695,8366,16037,23708,31379,39050,46721,54392,62063,69734,77405,85076,92747,100418,108089,115760,123431,131102,138773,146444,154115,161786,132432,140103,147774,155445,163116,170787,178458,186129,193800,201471,209142,216813,224484,232155,239826,247497,
22208,261520,238688,215856,193024,170192,147360,124528,101696,78864,56032,33200,10368,249680,226848,204016,181184,158352,135520,112688,89856,67024,44192,21360,102544,79712,56880,34048,11216,250528,227696,204864,182032,159200,136368,113536,90704,67872,45040,
112398,59063,5728,214537,161202,107867,54532,1197,210006,156671,103336,50001,258810,205475,152140,98805,45470,254279,200944,147609,94274,40939,249748,196413,143078,72656,19321,228130,174795,121460,68125,14790,223599,170264,116929,63594,10259,219068,165733,
1450,179756,95918,12080,190386,106548,22710,201016,117178,33340,211646,127808,43970,222276,138438,54600,232906,149068,65230,243536,159698,75860,254166,170328,86490,2652,42768,221074,137236,53398,231704,147866,64028,242334,158496,74658,252964,169126,85288,
213652,99311,247114,132773,18432,166235,51894,199697,85356,233159,118818,4477,152280,37939,185742,71401,219204,104863,252666,138325,23984,171787,57446,205249,90908,238711,124370,12880,160683,46342,194145,79804,227607,113266,261069,146728,32387,180190,65849,
224716,79872,197172,52328,169628,24784,142084,259384,114540,231840,86996,204296,59452,176752,31908,149208,4364,121664,238964,94120,211420,66576,183876,39032,156332,11488,128788,246088,245136,100292,217592,72748,190048,45204,162504,17660,134960,252260,107416,
34642,121439,208236,32889,119686,206483,31136,117933,204730,29383,116180,202977,27630,114427,201224,25877,112674,199471,24124,110921,197718,22371,109168,195965,20618,107415,194212,18865,105662,215248,39901,126698,213495,38148,124945,211742,36395,123192,209989,
167718,224012,18162,74456,130750,187044,243338,37488,93782,150076,206370,520,56814,113108,169402,225696,19846,76140,132434,188728,245022,39172,95466,151760,208054,2204,58498,114792,171086,227380,185360,241654,35804,92098,148392,204686,260980,55130,111424,
99656,125447,151238,177029,202820,228611,254402,18049,43840,69631,95422,121213,147004,172795,198586,224377,250168,13815,39606,65397,91188,116979,142770,168561,194352,220143,245934,9581,35372,61163,86954,155472,181263,207054,232845,258636,22283,48074,73865,
92600,87888,83176,78464,73752,69040,64328,59616,54904,50192,45480,40768,36056,31344,26632,21920,17208,12496,7784,3072,260504,255792,251080,246368,241656,236944,232232,227520,222808,218096,213384,208672,125584,120872,116160,111448,106736,102024,97312,
146550,111335,76120,40905,5690,232619,197404,162189,126974,91759,56544,21329,248258,213043,177828,142613,107398,72183,36968,1753,228682,193467,158252,123037,87822,52607,17392,244321,209106,173891,138676,103461,68246,95696,60481,25266,252195,216980,181765,
261506,195788,130070,64352,260778,195060,129342,63624,260050,194332,128614,62896,259322,193604,127886,62168,258594,192876,127158,61440,257866,192148,126430,60712,257138,191420,125702,59984,256410,190692,124974,59256,255682,189964,65808,90,196516,130798,65080,
175324,79103,245026,148805,52584,218507,122286,26065,191988,95767,261690,165469,69248,235171,138950,42729,208652,112431,16210,182133,85912,251835,155614,59393,225316,129095,32874,198797,102576,6355,172278,76057,241980,145759,49538,35920,201843,105622,9401,
150148,23424,158844,32120,167540,40816,176236,49512,184932,58208,193628,66904,202324,75600,211020,84296,219716,92992,228412,101688,237108,110384,245804,119080,254500,127776,1052,136472,9748,145168,18444,153864,27140,162560,35836,171256,6032,141452,14728,
185978,28751,133668,238585,81358,186275,29048,133965,238882,81655,186572,29345,134262,239179,81952,186869,29642,134559,239476,82249,187166,29939,134856,239773,82546,187463,30236,135153,240070,82843,187760,30533,135450,240367,83140,188057,30830,238288,81061,
20670,95084,169498,243912,56182,130596,205010,17280,91694,166108,240522,52792,127206,201620,13890,88304,162718,237132,49402,123816,198230,10500,84914,159328,233742,46012,120426,194840,7110,81524,155938,230352,42622,117036,191450,3720,78134,152548,208400,
149896,178834,207772,236710,3504,32442,61380,90318,119256,148194,177132,206070,235008,1802,30740,59678,88616,117554,146492,175430,204368,233306,100,29038,57976,86914,115852,144790,173728,202666,231604,260542,27336,56274,85212,114150,143088,172026,200964,
231384,178834,207811,236788,3621,32598,61575,90552,119529,148506,177483,206460,235437,2270,31247,60224,89201,118178,147155,176132,205109,234086,919,29896,58873,87850,116827,145804,174781,203758,232735,261712,28545,57522,86499,115476,144453,173430,202407,
232788,261804,207772,236788,3660,32676,61692,90708,119724,148740,177756,206772,235788,2660,31676,60692,89708,118724,147740,176756,205772,234788,1660,30676,59692,88708,117724,146740,175756,204772,233788,660,29676,58692,87708,116724,145740,174756,203772,
234114,1025,30080,236710,3621,32676,61731,90786,119841,148896,177951,207006,236061,2972,32027,61082,90137,119192,148247,177302,206357,235412,2323,31378,60433,89488,118543,147598,176653,205708,234763,1674,30729,59784,88839,117894,146949,176004,205059,
235362,2312,31406,60500,3504,32598,61692,90786,119880,148974,178068,207162,236256,3206,32300,61394,90488,119582,148676,177770,206864,235958,2908,32002,61096,90190,119284,148378,177472,206566,235660,2610,31704,60798,89892,118986,148080,177174,206268,
236532,3521,32654,61787,90920,32442,61575,90708,119841,148974,178107,207240,236373,3362,32495,61628,90761,119894,149027,178160,207293,236426,3415,32548,61681,90814,119947,149080,178213,207346,236479,3468,32601,61734,90867,120000,149133,178266,207399,
237624,4652,33824,62996,92168,121340,61380,90552,119724,148896,178068,207240,236412,3440,32612,61784,90956,120128,149300,178472,207644,236816,3844,33016,62188,91360,120532,149704,178876,208048,237220,4248,33420,62592,91764,120936,150108,179280,208452,
238638,5705,34916,64127,93338,122549,151760,90318,119529,148740,177951,207162,236373,3440,32651,61862,91073,120284,149495,178706,207917,237128,4195,33406,62617,91828,121039,150250,179461,208672,237883,4950,34161,63372,92583,121794,151005,180216,209427,
239574,6680,35930,65180,94430,123680,152930,182180,119256,148506,177756,207006,236256,3362,32612,61862,91112,120362,149612,178862,208112,237362,4468,33718,62968,92218,121468,150718,179968,209218,238468,5574,34824,64074,93324,122574,151824,181074,210324,
240432,7577,36866,66155,95444,124733,154022,183311,212600,148194,177483,206772,236061,3206,32495,61784,91073,120362,149651,178940,208229,237518,4663,33952,63241,92530,121819,151108,180397,209686,238975,6120,35409,64698,93987,123276,152565,181854,211143,
241212,8396,37724,67052,96380,125708,155036,184364,213692,243020,177132,206460,235788,2972,32300,61628,90956,120284,149612,178940,208268,237596,4780,34108,63436,92764,122092,151420,180748,210076,239404,6588,35916,65244,94572,123900,153228,182556,211884,
241914,9137,38504,67871,97238,126605,155972,185339,214706,244073,11296,206070,235437,2660,32027,61394,90761,120128,149495,178862,208229,237596,4819,34186,63553,92920,122287,151654,181021,210388,239755,6978,36345,65712,95079,124446,153813,183180,212547,
242538,9800,39206,68612,98018,127424,156830,186236,215642,245048,12310,41716,235008,2270,31676,61082,90488,119894,149300,178706,208112,237518,4780,34186,63592,92998,122404,151810,181216,210622,240028,7290,36696,66102,95508,124914,154320,183726,213132,
243084,10385,39830,69275,98720,128165,157610,187055,216500,245945,13246,42691,72136,1802,31247,60692,90137,119582,149027,178472,207917,237362,4663,34108,63553,92998,122443,151888,181333,210778,240223,7524,36969,66414,95859,125304,154749,184194,213639,
243552,10892,40376,69860,99344,128828,158312,187796,217280,246764,14104,43588,73072,102556,30740,60224,89708,119192,148676,178160,207644,237128,4468,33952,63436,92920,122404,151888,181372,210856,240340,7680,37164,66648,96132,125616,155100,184584,214068,
243942,11321,40844,70367,99890,129413,158936,188459,217982,247505,14884,44407,73930,103453,132976,59678,89201,118724,148247,177770,207293,236816,4195,33718,63241,92764,122287,151810,181333,210856,240379,7758,37281,66804,96327,125850,155373,184896,214419,
244254,11672,41234,70796,100358,129920,159482,189044,218606,248168,15586,45148,74710,104272,133834,163396,88616,118178,147740,177302,206864,236426,3844,33406,62968,92530,122092,151654,181216,210778,240340,7758,37320,66882,96444,126006,155568,185130,214692,
244488,11945,41546,71147,100748,130349,159950,189551,219152,248753,16210,45811,75412,105013,134614,164215,193816,117554,147155,176756,206357,235958,3415,33016,62617,92218,121819,151420,181021,210622,240223,7680,37281,66882,96483,126084,155685,185286,214887,
244644,12140,41780,71420,101060,130700,160340,189980,219620,249260,16756,46396,76036,105676,135316,164956,194596,224236,146492,176132,205772,235412,2908,32548,62188,91828,121468,151108,180748,210388,240028,7524,37164,66804,96444,126084,155724,185364,215004,
244722,12257,41936,71615,101294,130973,160652,190331,220010,249689,17224,46903,76582,106261,135940,165619,195298,224977,254656,175430,205109,234788,2323,32002,61681,91360,121039,150718,180397,210076,239755,7290,36969,66648,96327,126006,155685,185364,215043,
244722,12296,42014,71732,101450,131168,160886,190604,220322,250040,17614,47332,77050,106768,136486,166204,195922,225640,255358,22932,204368,234086,1660,31378,61096,90814,120532,150250,179968,209686,239404,6978,36696,66414,96132,125850,155568,185286,215004,
244644,12257,42014,71771,101528,131285,161042,190799,220556,250313,17926,47683,77440,107197,136954,166711,196468,226225,255982,23595,53352,233306,919,30676,60433,90190,119947,149704,179461,209218,238975,6588,36345,66102,95859,125616,155373,185130,214887,
244488,12140,41936,71732,101528,131324,161120,190916,220712,250508,18160,47956,77752,107548,137344,167140,196936,226732,256528,24180,53976,83772,100,29896,59692,89488,119284,149080,178876,208672,238468,6120,35916,65712,95508,125304,155100,184896,214692,
244254,11945,41780,71615,101450,131285,161120,190955,220790,250625,18316,48151,77986,107821,137656,167491,197326,227161,256996,24687,54522,84357,114192,29038,58873,88708,118543,148378,178213,208048,237883,5574,35409,65244,95079,124914,154749,184584,214419,
243942,11672,41546,71420,101294,131168,161042,190916,220790,250664,18394,48268,78142,108016,137890,167764,197638,227512,257386,25116,54990,84864,114738,144612,57976,87850,117724,147598,177472,207346,237220,4950,34824,64698,94572,124446,154320,184194,214068,
243552,11321,41234,71147,101060,130973,160886,190799,220712,250625,18394,48307,78220,108133,138046,167959,197872,227785,257698,25467,55380,85293,115206,145119,175032,86914,116827,146740,176653,206566,236479,4248,34161,64074,93987,123900,153813,183726,213639,
243084,10892,40844,70796,100748,130700,160652,190604,220556,250508,18316,48268,78220,108172,138124,168076,198028,227980,257932,25740,55692,85644,115596,145548,175500,205452,115852,145804,175756,205708,235660,3468,33420,63372,93324,123276,153228,183180,213132,
242538,10385,40376,70367,100358,130349,160340,190331,220322,250313,18160,48151,78142,108133,138124,168115,198106,228097,258088,25935,55926,85917,115908,145899,175890,205881,235872,144790,174781,204772,234763,2610,32601,62592,92583,122574,152565,182556,212547,
241914,9800,39830,69860,99890,129920,159950,189980,220010,250040,17926,47956,77986,108016,138046,168076,198106,228136,258166,26052,56082,86112,116142,146172,176202,206232,236262,4148,173728,203758,233788,1674,31704,61734,91764,121794,151824,181854,211884,
241212,9137,39206,69275,99344,129413,159482,189551,219620,249689,17614,47683,77752,107821,137890,167959,198028,228097,258166,26091,56160,86229,116298,146367,176436,206505,236574,4499,34568,202666,232735,660,30729,60798,90867,120936,151005,181074,211143,
240432,8396,38504,68612,98720,128828,158936,189044,219152,249260,17224,47332,77440,107548,137656,167764,197872,227980,258088,26052,56160,86268,116376,146484,176592,206700,236808,4772,34880,64988,231604,261712,29676,59784,89892,120000,150108,180216,210324,
239574,7577,37724,67871,98018,128165,158312,188459,218606,248753,16756,46903,77050,107197,137344,167491,197638,227785,257932,25935,56082,86229,116376,146523,176670,206817,236964,4967,35114,65261,95408,260542,28545,58692,88839,118986,149133,179280,209427,
238638,6680,36866,67052,97238,127424,157610,187796,217982,248168,16210,46396,76582,106768,136954,167140,197326,227512,257698,25740,55926,86112,116298,146484,176670,206856,237042,5084,35270,65456,95642,125828,27336,57522,87708,117894,148080,178266,208452,
237624,5705,35930,66155,96380,126605,156830,187055,217280,247505,15586,45811,76036,106261,136486,166711,196936,227161,257386,25467,55692,85917,116142,146367,176592,206817,237042,5123,35348,65573,95798,126023,156248,56274,86499,116724,146949,177174,207399,
236532,4652,34916,65180,95444,125708,155972,186236,216500,246764,14884,45148,75412,105676,135940,166204,196468,226732,256996,25116,55380,85644,115908,146172,176436,206700,236964,5084,35348,65612,95876,126140,156404,186668,85212,115476,145740,176004,206268,
235362,3521,33824,64127,94430,124733,155036,185339,215642,245945,14104,44407,74710,105013,135316,165619,195922,226225,256528,24687,54990,85293,115596,145899,176202,206505,236808,4967,35270,65573,95876,126179,156482,186785,217088,114150,144453,174756,205059,
234114,2312,32654,62996,93338,123680,154022,184364,214706,245048,13246,43588,73930,104272,134614,164956,195298,225640,255982,24180,54522,84864,115206,145548,175890,206232,236574,4772,35114,65456,95798,126140,156482,186824,217166,247508,143088,173430,203772,
232788,1025,31406,61787,92168,122549,152930,183311,213692,244073,12310,42691,73072,103453,133834,164215,194596,224977,255358,23595,53976,84357,114738,145119,175500,205881,236262,4499,34880,65261,95642,126023,156404,186785,217166,247547,15784,172026,202407,
231384,261804,30080,60500,90920,121340,151760,182180,212600,243020,11296,41716,72136,102556,132976,163396,193816,224236,254656,22932,53352,83772,114192,144612,175032,205452,235872,4148,34568,64988,95408,125828,156248,186668,217088,247508,15784,46204,200964,
91268,117294,143320,169346,195372,221398,247424,11306,37332,63358,89384,115410,141436,167462,193488,219514,245540,9422,35448,61474,87500,113526,139552,165578,191604,217630,243656,7538,33564,59590,85616,111642,137668,163694,189720,215746,241772,5654,31680,
216632,69990,204921,77708,212639,85426,220357,93144,228075,100862,235793,108580,243511,116298,251229,124016,258947,131734,4521,139452,12239,147170,19957,154888,27675,162606,35393,170324,43111,178042,50829,185760,58547,193478,66265,201196,73983,208914,81701,
157748,139440,48712,30404,12096,255932,237624,219316,201008,182700,164392,146084,127776,109468,91160,72852,54544,36236,17928,261764,243456,225148,206840,188532,170224,151916,133608,115300,96992,78684,60376,42068,23760,5452,249288,230980,212672,194364,176056,
143198,233795,62248,27434,118031,208628,37081,127678,218275,46728,137325,227922,56375,146972,237569,66022,156619,247216,75669,166266,256863,85316,175913,4366,94963,185560,14013,104610,195207,23660,114257,204854,33307,123904,214501,42954,133551,224148,52601,
172982,110340,47698,247200,6156,205658,143016,80374,17732,217234,154592,91950,29308,228810,166168,103526,40884,240386,177744,115102,52460,251962,189320,126678,64036,1394,200896,138254,75612,12970,212472,149830,87188,24546,224048,161406,98764,36122,235624,
247100,31219,77482,123745,170008,247022,31141,77404,123667,169930,216193,312,46575,92838,139101,185364,231627,15746,62009,108272,154535,200798,247061,31180,77443,123706,169969,216232,351,46614,92877,139140,185403,231666,15785,62048,108311,154574,200837,
103408,258576,151600,44624,199792,92816,225744,118768,11792,166960,59984,215152,108176,1200,156368,49392,204560,97584,252752,145776,38800,193968,86992,242160,135184,28208,183376,76400,231568,124592,17616,172784,65808,220976,114000,7024,162192,55216,210384,
4050,5979,7908,9837,11766,13695,15624,204466,206395,208324,210253,212182,214111,216040,217969,219898,221827,223756,225685,227614,229543,231472,233401,235330,237259,239188,241117,243046,244975,246904,248833,250762,252691,254620,256549,258478,260407,192,2121,
211170,59860,170694,19384,130218,241052,89742,200576,183188,31878,142712,253546,102236,213070,61760,172594,21284,132118,242952,91642,202476,51166,162000,10690,121524,232358,81048,191882,40572,151406,96,110930,221764,70454,181288,29978,140812,251646,100336,
200480,158075,115670,73265,30860,250599,208194,165789,123384,161910,119505,77100,34695,254434,212029,169624,127219,84814,42409,4,219743,177338,134933,92528,50123,7718,227457,185052,142647,100242,57837,15432,235171,192766,150361,107956,65551,23146,242885,
234124,38480,104980,171480,237980,42336,108836,175336,241836,46192,140632,207132,11488,77988,144488,210988,15344,81844,148344,214844,19200,85700,152200,218700,23056,89556,156056,222556,26912,93412,159912,226412,30768,97268,163768,230268,34624,101124,167624,
49958,225363,138624,51885,227290,140551,53812,229217,142478,55739,231144,119354,32615,208020,121281,34542,209947,123208,36469,211874,125135,38396,213801,127062,40323,215728,128989,42250,217655,130916,44177,219582,132843,46104,221509,134770,48031,223436,136697,
172270,194436,216602,238768,260934,20956,43122,65288,87454,109620,131786,153952,98076,120242,142408,164574,186740,208906,231072,253238,13260,35426,57592,79758,101924,124090,146256,168422,190588,212754,234920,257086,17108,39274,61440,83606,105772,127938,150104,
76772,207843,76770,207841,76768,207839,76766,207837,76764,207835,76762,207833,76760,76798,207869,76796,207867,76794,207865,76792,207863,76790,207861,76788,207859,76786,207857,76784,207855,76782,207853,76780,207851,76778,207849,76776,207847,76774,207845,
25608,3440,243416,221248,199080,176912,154744,132576,110408,88240,66072,43904,21736,261712,55520,33352,11184,251160,228992,206824,184656,162488,140320,118152,95984,73816,51648,29480,7312,247288,225120,202952,180784,158616,136448,114280,92112,69944,47776,
18778,105515,192252,16845,103582,190319,14912,101649,188386,12979,99716,186453,11046,97783,184520,34242,120979,207716,32309,119046,205783,30376,117113,203850,28443,115180,201917,26510,113247,199984,24577,111314,198051,22644,109381,196118,20711,107448,194185,
56282,251924,185422,118920,52418,248060,181558,115056,48554,244196,177694,111192,44690,240332,173830,107328,12964,208606,142104,75602,9100,204742,138240,71738,5236,200878,134376,67874,1372,197014,130512,64010,259652,193150,126648,60146,255788,189286,122784,
138120,180523,222926,3185,45588,87991,130394,172797,215200,257603,37862,80265,122668,165071,207474,249877,30136,253830,34089,76492,118895,161298,203701,246104,26363,68766,111169,153572,195975,238378,18637,61040,103443,145846,188249,230652,10911,53314,95717,
2148,153456,42620,193928,83092,234400,123564,12728,164036,53200,204508,93672,244980,134144,23308,174616,63780,215088,232552,121716,10880,162188,51352,202660,91824,243132,132296,21460,172768,61932,213240,102404,253712,142876,32040,183348,72512,223820,112984,
172654,170723,168792,166861,164930,162999,161068,159137,157206,155275,153344,151413,149482,147551,145620,143689,141758,139827,137896,211274,209343,207412,205481,203550,201619,199688,197757,195826,193895,191964,190033,188102,186171,184240,182309,180378,178447,176516,174585,
125350,232324,77154,184128,28958,135932,242906,87736,194710,39540,146514,253488,98318,205292,50122,157096,1926,108900,215874,60704,189996,34826,141800,248774,93604,200578,45408,152382,259356,104186,211160,55990,162964,7794,114768,221742,66572,173546,18376,
122380,76115,29850,245729,199464,153199,106934,60669,14404,230283,184018,137753,91488,45223,261102,214837,168572,122307,76042,29777,245656,168718,122453,76188,29923,245802,199537,153272,107007,60742,14477,230356,184091,137826,91561,45296,261175,214910,168645,
163744,226384,26880,89520,152160,214800,15296,77936,140576,203216,3712,66352,128992,191632,254272,54768,117408,180048,242688,43184,105824,168464,147440,210080,10576,73216,135856,198496,261136,61632,124272,186912,249552,50048,112688,175328,237968,38464,101104,
249442,158843,68244,239789,149190,58591,230136,139537,48938,220483,129884,39285,210830,120231,29632,201177,110578,19979,191524,100925,10326,181871,91272,126162,35563,207108,116509,25910,197455,106856,16257,187802,97203,6604,178149,87550,259095,168496,77897,
117330,135636,153942,172248,190554,208860,227166,245472,1634,19940,38246,56552,74858,93164,111470,129776,148082,166388,184694,203000,221306,239612,257918,14080,104884,123190,141496,159802,178108,196414,214720,233026,251332,7494,25800,44106,62412,80718,99024,
29552,156763,21830,149041,14108,141319,6386,133597,260808,125875,253086,118153,245364,110431,237642,102709,229920,94987,222198,87265,214476,79543,206754,71821,199032,83606,210817,75884,203095,68162,195373,60440,187651,52718,179929,44996,172207,37274,164485,
248252,222224,196196,170168,144140,118112,92084,66056,40028,14000,250116,224088,198060,172032,146004,119976,93948,67920,41892,15864,251980,225952,199924,173896,147868,121840,62328,36300,10272,246388,220360,194332,168304,142276,116248,90220,64192,38164,12136,
249142,69875,152752,235629,56362,139239,222116,42849,125726,208603,29336,112213,195090,15823,98700,181577,2310,85187,168064,250941,71674,154551,237428,58161,141038,223915,44648,41050,123927,206804,27537,110414,193291,14024,96901,179778,511,83388,166265,
32222,224004,153642,83280,12918,204700,134338,63976,255758,185396,115034,44672,236454,166092,95730,25368,217150,146788,76426,6064,197846,127484,57122,248904,178542,108180,37818,229600,19772,211554,141192,70830,468,192250,121888,51526,243308,172946,102584,
121780,160323,198866,237409,13808,52351,90894,129437,167980,206523,245066,21465,60008,98551,137094,175637,214180,252723,29122,67665,106208,144751,183294,221837,260380,36779,75322,113865,152408,260638,37037,75580,114123,152666,191209,229752,6151,44694,83237,
255672,140976,26280,173728,59032,206480,91784,239232,124536,9840,157288,42592,190040,75344,222792,108096,255544,140848,26152,173600,58904,206352,91656,239104,124408,9712,157160,42464,189912,75216,239360,124664,9968,157416,42720,190168,75472,222920,108224,
171754,165963,160172,154381,148590,142799,137008,131217,125426,119635,113844,108053,102262,96471,90680,84889,79098,73307,67516,61725,55934,50143,44352,38561,32770,26979,21188,15397,9606,3815,260168,218082,212291,206500,200709,194918,189127,183336,177545,
132170,235284,76254,179368,20338,123452,226566,67536,170650,11620,114734,217848,58818,161932,2902,106016,209130,50100,153214,256328,97298,200412,41382,144496,247610,88580,191694,32664,135778,238892,79862,182976,196804,37774,140888,244002,84972,188086,29056,
136920,86795,36670,248689,198564,148439,98314,48189,260208,210083,159958,109833,59708,9583,221602,171477,121352,71227,21102,233121,182996,132871,82746,32621,244640,194515,144390,94265,44140,256159,206034,155909,105784,175526,125401,75276,25151,237170,187045,
186004,244784,41420,100200,158980,217760,14396,73176,131956,190736,249516,46152,104932,163712,222492,19128,77908,136688,195468,254248,50884,109664,168444,227224,23860,82640,141420,200200,258980,55616,114396,173176,231956,28592,154248,213028,9664,68444,127224,
17278,184963,90504,258189,163730,69271,236956,142497,48038,215723,121264,26805,194490,100031,5572,173257,78798,246483,152024,57565,225250,130791,36332,204017,109558,15099,182784,88325,256010,161551,67092,234777,140318,45859,213544,132970,38511,206196,111737,
155030,169476,183922,198368,212814,227260,241706,256152,8454,22900,37346,51792,66238,80684,95130,109576,124022,138468,152914,167360,181806,196252,210698,225144,239590,254036,6338,20784,35230,49676,64122,78568,93014,107460,121906,136352,111692,126138,140584,
74972,198323,59530,182881,44088,167439,28646,151997,13204,136555,259906,121113,244464,105671,229022,90229,213580,74787,198138,59345,182696,43903,167254,28461,151812,13019,136370,259721,120928,244279,105486,228837,90044,213395,74602,197953,59160,90414,213765,
39248,9360,241616,211728,181840,151952,122064,92176,62288,32400,2512,234768,204880,174992,145104,115216,85328,55440,25552,257808,227920,198032,168144,138256,108368,78480,48592,18704,250960,221072,191184,161296,131408,101520,71632,41744,11856,244112,69136,
247132,64994,145000,225006,42868,122874,202880,20742,100748,180754,260760,78622,158628,238634,56496,136502,216508,34370,114376,194382,12244,92250,172256,252262,70124,150130,230136,47998,128004,208010,25872,105878,185884,3746,83752,163758,243764,61626,141632,
200210,247912,67295,148822,230349,49732,131259,212786,32169,113696,195223,14606,96133,177660,259187,78570,160097,241624,61007,142534,224061,43444,124971,206498,25881,107408,188935,8318,89845,171372,252899,72282,153809,235336,54719,136246,217773,37156,118683,
175740,258788,248692,69596,152644,235692,56596,139644,222692,43596,126644,209692,30596,113644,196692,17596,100644,183692,4596,87644,170692,253740,74644,157692,240740,61644,144692,227740,48644,131692,214740,35644,118692,201740,22644,105692,188740,9644,92692,
148228,232797,55222,249472,71897,156466,241035,63460,148029,232598,55023,139592,224161,46586,131155,215724,38149,122718,207287,29712,114281,198850,21275,105844,190413,12838,97407,181976,4401,88970,173539,258108,80533,165102,249671,72096,156665,241234,63659,
117674,203764,27710,113800,250252,74198,160288,246378,70324,156414,242504,66450,152540,238630,62576,148666,234756,58702,144792,230882,54828,140918,227008,50954,137044,223134,47080,133170,219260,43206,129296,215386,39332,125422,211512,35458,121548,207638,31584,
84078,171689,259300,84767,172378,251032,76499,164110,251721,77188,164799,252410,77877,165488,253099,78566,166177,253788,79255,166866,254477,79944,167555,255166,80633,168244,255855,81322,168933,256544,82011,169622,257233,82700,170311,257922,83389,171000,258611,
47440,136572,225704,52692,141824,230956,251812,78800,167932,257064,84052,173184,172,89304,178436,5424,94556,183688,10676,99808,188940,15928,105060,194192,21180,110312,199444,26432,115564,204696,31684,120816,209948,36936,126068,215200,42188,131320,220452,
7760,98413,189066,17575,108228,198881,27390,252592,81101,171754,263,90916,181569,10078,100731,191384,19893,110546,201199,29708,120361,211014,39523,130176,220829,49338,139991,230644,59153,149806,240459,68968,159621,250274,78783,169436,260089,88598,179251,
227182,57212,149386,241560,71590,163764,255938,85968,253372,83402,175576,5606,97780,189954,19984,112158,204332,34362,126536,218710,48740,140914,233088,63118,155292,247466,77496,169670,261844,91874,184048,14078,106252,198426,28456,120630,212804,42834,135008,
181418,12969,106664,200359,31910,125605,219300,50851,144546,254152,85703,179398,10949,104644,198339,29890,123585,217280,48831,142526,236221,67772,161467,255162,86713,180408,11959,105654,199349,30900,124595,218290,49841,143536,237231,68782,162477,256172,87723,
132612,227828,60900,156116,251332,84404,179620,12692,107908,203124,254932,88004,183220,16292,111508,206724,39796,135012,230228,63300,158516,253732,86804,182020,15092,110308,205524,38596,133812,229028,62100,157316,252532,85604,180820,13892,109108,204324,37396,
80764,177501,12094,108831,205568,40161,136898,233635,68228,164965,261702,255712,90305,187042,21635,118372,215109,49702,146439,243176,77769,174506,9099,105836,202573,37166,133903,230640,65233,161970,258707,93300,190037,24630,121367,218104,52697,149434,246171,
25874,124132,222390,58504,156762,255020,91134,189392,25506,123764,222022,58136,256492,92606,190864,26978,125236,223494,59608,157866,256124,92238,190496,26610,124868,223126,59240,157498,255756,91870,190128,26242,124500,222758,58872,157130,255388,91502,189760,
230086,67721,167500,5135,104914,204693,42328,142107,241886,79521,179300,16935,116714,257272,94907,194686,32321,132100,231879,69514,169293,6928,106707,206486,44121,143900,243679,81314,181093,18728,118507,218286,55921,155700,255479,93114,192893,30528,130307,
169112,8268,109568,210868,50024,151324,252624,91780,193080,32236,133536,234836,73992,175292,258052,97208,198508,37664,138964,240264,79420,180720,19876,121176,222476,61632,162932,2088,103388,204688,43844,145144,246444,85600,186900,26056,127356,228656,67812,
105096,207917,48594,151415,254236,94913,197734,38411,141232,244053,84730,187551,28228,131049,233870,258832,99509,202330,43007,145828,248649,89326,192147,32824,135645,238466,79143,181964,22641,125462,228283,68960,171781,12458,115279,218100,58777,161598,2275,
38038,142380,246722,88920,193262,35460,139802,244144,86342,190684,32882,137224,241566,83764,188106,30304,259612,101810,206152,48350,152692,257034,99232,203574,45772,150114,254456,96654,200996,43194,147536,251878,94076,198418,40616,144958,249300,91498,195840,
230082,73801,179664,23383,129246,235109,78828,184691,28410,134273,240136,83855,189718,33437,139300,245163,88882,260392,104111,209974,53693,159556,3275,109138,215001,58720,164583,8302,114165,220028,63747,169610,13329,119192,225055,68774,174637,18356,124219,
156940,2180,109564,216948,62188,169572,14812,122196,229580,74820,182204,27444,134828,242212,87452,194836,40076,147460,261172,106412,213796,59036,166420,11660,119044,226428,71668,179052,24292,131676,239060,84300,191684,36924,144308,251692,96932,204316,49556,
80756,189661,36422,145327,254232,100993,209898,56659,165564,12325,121230,230135,76896,185801,32562,141467,250372,97133,206038,261952,108713,217618,64379,173284,20045,128950,237855,84616,193521,40282,149187,258092,104853,213758,60519,169424,16185,125090,233995,
1530,111956,222382,70664,181090,29372,139798,250224,98506,208932,57214,167640,15922,126348,236774,85056,195482,43764,154190,2472,588,111014,221440,69722,180148,28430,138856,249282,97564,207990,56272,166698,14980,125406,235832,84114,194540,42822,153248,
181406,31209,143156,255103,104906,216853,66656,178603,28406,140353,252300,102103,214050,63853,175800,25603,137550,249497,99300,211247,61050,1368,113315,225262,75065,187012,36815,148762,260709,110512,222459,72262,184209,34012,145959,257906,107709,219656,69459,
96096,209564,60888,174356,25680,139148,252616,103940,217408,68732,182200,33524,146992,260460,111784,225252,76576,190044,41368,154836,6160,119628,2148,115616,229084,80408,193876,45200,158668,9992,123460,236928,88252,201720,53044,166512,17836,131304,244772,
7744,122733,237722,90567,205556,58401,173390,26235,141224,256213,109058,224047,76892,191881,44726,159715,12560,127549,242538,95383,210372,63217,178206,2928,117917,232906,85751,200740,53585,168574,21419,136408,251397,104242,219231,72076,187065,39910,154899,
178494,32860,149370,3736,120246,236756,91122,207632,61998,178508,32874,149384,3750,120260,236770,91136,207646,62012,178522,32888,149398,3764,120274,236784,3708,120218,236728,91094,207604,61970,178480,32846,149356,3722,120232,236742,91108,207618,61984,
84058,202089,57976,176007,31894,149925,5812,123843,241874,97761,215792,71679,189710,45597,163628,19515,137546,255577,111464,229495,85382,203413,59300,177331,33218,4488,122519,240550,96437,214468,70355,188386,44273,162304,18191,136222,254253,110140,228171,
248724,106132,225684,83092,202644,60052,179604,37012,156564,13972,133524,253076,110484,230036,87444,206996,64404,183956,41364,160916,18324,137876,257428,114836,234388,91796,5268,124820,244372,101780,221332,78740,198292,55700,175252,32660,152212,9620,129172,
148204,7133,128206,249279,108208,229281,88210,209283,68212,189285,48214,169287,28216,149289,8218,129291,250364,109293,230366,89295,210368,69297,190370,49299,170372,29301,150374,6048,127121,248194,107123,228196,87125,208198,67127,188200,47129,168202,27131,
44642,167236,27686,150280,10730,133324,255918,116368,238962,99412,222006,82456,205050,65500,188094,48544,171138,31588,154182,14632,137226,259820,120270,242864,103314,225908,86358,208952,6828,129422,252016,112466,235060,95510,218104,78554,201148,61598,184192,
200182,62153,186268,48239,172354,34325,158440,20411,144526,6497,130612,254727,116698,240813,102784,226899,88870,212985,74956,199071,61042,185157,47128,171243,33214,157329,19300,143415,5386,7608,131723,255838,117809,241924,103895,228010,89981,214096,76067,
90536,216172,79664,205300,68792,194428,57920,183556,47048,172684,36176,161812,25304,150940,14432,140068,3560,129196,254832,118324,243960,107452,233088,96580,222216,85708,211344,74836,200472,63964,8388,134024,259660,123152,248788,112280,237916,101408,227044,
239992,105005,232162,97175,224332,89345,216502,81515,208672,73685,200842,65855,193012,58025,185182,50195,177352,42365,169522,34535,161692,26705,153862,18875,146032,11045,138202,3215,130372,257529,122542,9168,136325,1338,128495,255652,120665,247822,112835,
124262,252940,119474,248152,114686,243364,109898,238576,105110,233788,100322,229000,95534,224212,90746,219424,85958,214636,81170,209848,76382,205060,71594,200272,66806,195484,62018,190696,57230,185908,52442,181120,9948,138626,5160,133838,372,129050,257728,
5490,135689,3744,133943,1998,132197,252,130451,260650,128705,258904,126959,257158,125213,255412,123467,253666,121721,251920,119975,250174,118229,248428,116483,246682,114737,244936,112991,243190,111245,241444,109499,239698,10728,140927,8982,139181,7236,137435,
145820,15396,147116,16692,148412,17988,149708,19284,151004,20580,152300,21876,153596,23172,154892,24468,156188,25764,157484,27060,158780,28356,160076,29652,161372,30948,162668,32244,163964,33540,165260,34836,166556,36132,11508,143228,12804,144524,14100,
20964,154205,25302,158543,29640,162881,33978,167219,38316,171557,42654,175895,46992,180233,51330,184571,55668,188909,60006,193247,64344,197585,68682,201923,73020,206261,77358,210599,81696,214937,86034,219275,90372,223613,94710,12288,145529,16626,149867,
155210,27828,162590,35208,169970,42588,177350,49968,184730,57348,192110,64728,199490,72108,206870,79488,214250,86868,221630,94248,229010,101628,236390,109008,243770,116388,251150,123768,258530,131148,3766,138528,11146,145908,18526,153288,13068,147830,20448,
24270,160553,34692,170975,45114,181397,55536,191819,65958,202241,76380,212663,86802,223085,97224,233507,107646,243929,118068,254351,128490,2629,138912,13051,149334,23473,159756,33895,170178,44317,180600,54739,191022,65161,201444,75583,211866,13848,150131,
152432,28092,165896,41556,179360,55020,192824,68484,206288,81948,219752,95412,233216,108876,246680,122340,260144,135804,11464,149268,24928,162732,38392,176196,51856,189660,65320,203124,78784,216588,92248,230052,105712,243516,119176,256980,132640,8300,14628,
33424,3536,235792,205904,176016,146128,116240,86352,56464,26576,258832,228944,199056,169168,139280,109392,79504,49616,19728,251984,222096,192208,162320,132432,102544,72656,42768,12880,245136,215248,185360,155472,125584,95696,65808,35920,6032,238288,208400,
20670,218376,157985,97594,37203,238956,178565,118174,57783,259536,199145,138754,78363,17972,219725,159334,98943,38552,240305,179914,119523,59132,260885,200494,140103,79712,19321,221074,160683,100292,39901,241654,181263,120872,60481,90,201843,141452,81061,
185978,95084,141184,50290,221540,130646,39752,211002,120108,29214,200464,109570,18676,189926,99032,8138,179388,88494,259744,168850,77956,249206,158312,67418,238668,147774,56880,228130,137236,46342,217592,126698,35804,207054,116160,25266,196516,105622,14728,
150148,28751,169498,63992,204739,83342,224089,102692,243439,122042,645,141392,19995,160742,39345,180092,58695,199442,78045,218792,97395,238142,116745,257492,136095,14698,155445,34048,174795,53398,194145,72748,213495,92098,232845,111448,252195,130798,9401,
175324,23424,133668,243912,248944,97044,207288,55388,165632,13732,123976,234220,82320,192564,40664,150908,261152,109252,219496,67596,177840,25940,136184,246428,94528,204772,52872,163116,11216,121460,231704,79804,190048,38148,148392,258636,106736,216980,65080,
261506,79103,158844,238585,56182,171752,251493,69090,148831,228572,46169,125910,205651,23248,102989,182730,327,80068,159809,239550,57147,136888,216629,34226,113967,193708,11305,91046,170787,250528,68125,147866,227607,45204,124945,204686,22283,102024,181765,
146550,195788,245026,32120,81358,130596,94560,143798,193036,242274,29368,78606,127844,177082,226320,13414,62652,111890,161128,210366,259604,46698,95936,145174,194412,243650,30744,79982,129220,178458,227696,14790,64028,113266,162504,211742,260980,48074,97312,
92600,111335,130070,148805,167540,186275,205010,17368,36103,54838,73573,92308,111043,129778,148513,167248,185983,204718,223453,242188,260923,17514,36249,54984,73719,92454,111189,129924,148659,167394,186129,204864,223599,242334,261069,17660,36395,55130,73865,
99656,87888,76120,64352,52584,40816,29048,17280,202320,190552,178784,167016,155248,143480,131712,119944,108176,96408,84640,72872,61104,49336,37568,25800,14032,2264,252640,240872,229104,217336,205568,193800,182032,170264,158496,146728,134960,123192,111424,
167718,125447,83176,40905,260778,218507,176236,133965,91694,125128,82857,40586,260459,218188,175917,133646,91375,49104,6833,226706,184435,142164,99893,57622,15351,235224,192953,150682,108411,66140,23869,243742,201471,159200,116929,74658,32387,252260,209989,
34642,224012,151238,78464,5690,195060,122286,49512,238882,166108,47936,237306,164532,91758,18984,208354,135580,62806,252176,179402,106628,33854,223224,150450,77676,4902,194272,121498,48724,238094,165320,92546,19772,209142,136368,63594,252964,180190,107416,
224716,121439,18162,177029,73752,232619,129342,26065,184932,81655,240522,232888,129611,26334,185201,81924,240791,137514,34237,193104,89827,248694,145417,42140,201007,97730,256597,153320,50043,208910,105633,2356,161223,57946,216813,113536,10259,169126,65849,
213652,79872,208236,74456,202820,69040,197404,63624,191988,58208,186572,52792,155696,21916,150280,16500,144864,11084,139448,5668,134032,252,128616,256980,123200,251564,117784,246148,112368,240732,106952,235316,101536,229900,96120,224484,90704,219068,85288,
1450,99311,197172,32889,130750,228611,64328,162189,260050,95767,193628,29345,127206,78504,176365,12082,109943,207804,43521,141382,239243,74960,172821,8538,106399,204260,39977,137838,235699,71416,169277,4994,102855,200716,36433,134294,232155,67872,165733,
112398,179756,247114,52328,119686,187044,254402,59616,126974,194332,261690,66904,134262,201620,1312,68670,136028,203386,8600,75958,143316,210674,15888,83246,150604,217962,23176,90534,157892,225250,30464,97822,165180,232538,37752,105110,172468,239826,45040,
22208,59063,95918,132773,169628,206483,243338,18049,54904,91759,128614,165469,202324,239179,13890,186264,223119,259974,34685,71540,108395,145250,182105,218960,255815,30526,67381,104236,141091,177946,214801,251656,26367,63222,100077,136932,173787,210642,247497,
255168,261520,5728,12080,18432,24784,31136,37488,43840,50192,56544,62896,69248,75600,81952,88304,109072,115424,121776,128128,134480,140832,147184,153536,159888,166240,172592,178944,185296,191648,198000,204352,210704,217056,223408,229760,236112,242464,248816,
24846,695,238688,214537,190386,166235,142084,117933,93782,69631,45480,21329,259322,235171,211020,186869,162718,31880,7729,245722,221571,197420,173269,149118,124967,100816,76665,52514,28363,4212,242205,218054,193903,169752,145601,121450,97299,73148,48997,
117674,63020,8366,215856,161202,106548,51894,259384,204730,150076,95422,40768,248258,193604,138950,84296,29642,237132,216832,162178,107524,52870,260360,205706,151052,96398,41744,249234,194580,139926,85272,30618,238108,183454,128800,74146,19492,226982,172328,
9364,186351,101194,16037,193024,107867,22710,199697,114540,29383,206370,121213,36056,213043,127886,42729,219716,134559,49402,139640,54483,231470,146313,61156,238143,152986,67829,244816,159659,74502,251489,166332,81175,258162,173005,87848,2691,179678,94521,
224204,108544,255028,139368,23708,170192,54532,201016,85356,231840,116180,520,147004,31344,177828,62168,208652,92992,239476,123816,62448,208932,93272,239756,124096,8436,154920,39260,185744,70084,216568,100908,247392,131732,16072,162556,46896,193380,77720,
237906,91743,207724,61561,177542,31379,147360,1197,117178,233159,86996,202977,56814,172795,26632,142613,258594,112431,228412,82249,198230,247400,101237,217218,71055,187036,40873,156854,10691,126672,242653,96490,212471,66308,182289,36126,152107,5944,121925,
50470,135948,221426,44760,130238,215716,39050,124528,210006,33340,118818,204296,27630,113108,198586,21920,107398,192876,16210,101688,187166,10500,170208,255686,79020,164498,249976,73310,158788,244266,67600,153078,238556,61890,147368,232846,56180,141658,227136,
186184,241159,33990,88965,143940,198915,253890,46721,101696,156671,211646,4477,59452,114427,169402,224377,17208,72183,127158,182133,237108,29939,84914,93016,147991,202966,257941,50772,105747,160722,215697,8528,63503,118478,173453,228428,21259,76234,131209,
120760,145232,169704,194176,218648,243120,5448,29920,54392,78864,103336,127808,152280,176752,201224,225696,250168,12496,36968,61440,85912,110384,134856,159328,15824,40296,64768,89240,113712,138184,162656,187128,211600,236072,260544,22872,47344,71816,96288,
116342,110311,104280,98249,92218,86187,80156,74125,68094,62063,56032,50001,43970,37939,31908,25877,19846,13815,7784,1753,257866,251835,245804,239773,233742,200776,194745,188714,182683,176652,170621,164590,158559,152528,146497,140466,134435,128404,122373,
172930,136396,99862,63328,26794,252404,215870,179336,142802,106268,69734,33200,258810,222276,185742,149208,112674,76140,39606,3072,228682,192148,155614,119080,82546,46012,123584,87050,50516,13982,239592,203058,166524,129990,93456,56922,20388,245998,209464,
28380,223487,156450,89413,22376,217483,150446,83409,16372,211479,144442,77405,10368,205475,138438,71401,4364,199471,132434,65397,260504,193467,126430,59393,254500,187463,120426,46392,241499,174462,107425,40388,235495,168458,101421,34384,229491,162454,95417,
206980,109440,11900,176504,78964,243568,146028,48488,213092,115552,18012,182616,85076,249680,152140,54600,219204,121664,24124,188728,91188,255792,158252,60712,225316,127776,30236,194840,231344,133804,36264,200868,103328,5788,170392,72852,237456,139916,42376,
184442,56399,190500,62457,196558,68515,202616,74573,208674,80631,214732,86689,220790,92747,226848,98805,232906,104863,238964,110921,245022,116979,251080,123037,257138,129095,1052,135153,7110,154152,26109,160210,32167,166268,38225,172326,44283,178384,50341,
222910,64364,167962,9416,113014,216612,58066,161664,3118,106716,210314,51768,155366,258964,100418,204016,45470,149068,252666,94120,197718,39172,142770,246368,87822,191420,32874,136472,240070,81524,76960,180558,22012,125610,229208,70662,174260,15714,119312,
60240,133335,206430,17381,90476,163571,236666,47617,120712,193807,4758,77853,150948,224043,34994,108089,181184,254279,65230,138325,211420,22371,95466,168561,241656,52607,125702,198797,9748,82843,155938,261912,72863,145958,219053,30004,103099,176194,249289,
220720,1168,43760,86352,128944,171536,214128,256720,37168,79760,122352,164944,207536,250128,30576,73168,115760,158352,200944,243536,23984,66576,109168,151760,194352,236944,17392,59984,102576,145168,187760,230352,184720,227312,7760,50352,92944,135536,178128,
180062,192151,204240,216329,228418,240507,252596,2541,14630,26719,38808,50897,62986,75075,87164,99253,111342,123431,135520,147609,159698,171787,183876,195965,208054,220143,232232,244321,256410,6355,18444,30533,42622,107528,119617,131706,143795,155884,167973,
200410,181996,163582,145168,126754,108340,89926,71512,53098,34684,16270,260000,241586,223172,204758,186344,167930,149516,131102,112688,94274,75860,57446,39032,20618,2204,245934,227520,209106,190692,172278,153864,135450,117036,30336,11922,255652,237238,218824,
19620,232847,183930,135013,86096,37179,250406,201489,152572,103655,54738,5821,219048,170131,121214,72297,23380,236607,187690,138773,89856,40939,254166,205249,156332,107415,58498,9581,222808,173891,124974,76057,27140,240367,191450,215288,166371,117454,68537,
161980,82560,3140,185864,106444,27024,209748,130328,50908,233632,154212,74792,257516,178096,98676,19256,201980,122560,43140,225864,146444,67024,249748,170328,90908,11488,194212,114792,35372,218096,138676,59256,241980,162560,83140,3720,138096,58676,241400,
103202,255423,145500,35577,187798,77875,230096,120173,10250,162471,52548,204769,94846,247067,137144,27221,179442,69519,221740,111817,1894,154115,44192,196413,86490,238711,128788,18865,171086,61163,213384,103461,255682,145759,35836,188057,78134,60904,213125,
105430,227148,86722,208440,68014,189732,49306,171024,30598,152316,11890,133608,255326,114900,236618,96192,217910,77484,199202,58776,180494,40068,161786,21360,143078,2652,124370,246088,105662,227380,86954,208672,68246,189964,49538,171256,30830,152548,245856,
