1,2,3,4,5,6,7,8,9,10,11,12,13,14,15,16,17,18,19,20,21,22,23,24,25,26,27,28,29,30,31,32,33,34,35,36,37,38,39,40,41,
82,42,43,44,45,46,47,48,49,50,51,52,53,54,55,56,57,58,59,60,61,62,63,64,65,66,67,68,69,70,71,72,73,74,75,76,77,78,79,80,81,
122,123,83,84,85,86,87,88,89,90,91,92,93,94,95,96,97,98,99,100,101,102,103,104,105,106,107,108,109,110,111,112,113,114,115,116,117,118,119,120,121,
162,163,164,124,125,126,127,128,129,130,131,132,133,134,135,136,137,138,139,140,141,142,143,144,145,146,147,148,149,150,151,152,153,154,155,156,157,158,159,160,161,
202,203,204,205,165,166,167,168,169,170,171,172,173,174,175,176,177,178,179,180,181,182,183,184,185,186,187,188,189,190,191,192,193,194,195,196,197,198,199,200,201,
242,243,244,245,246,206,207,208,209,210,211,212,213,214,215,216,217,218,219,220,221,222,223,224,225,226,227,228,229,230,231,232,233,234,235,236,237,238,239,240,241,
282,283,284,285,286,287,247,248,249,250,251,252,253,254,255,256,257,258,259,260,261,262,263,264,265,266,267,268,269,270,271,272,273,274,275,276,277,278,279,280,281,
322,323,324,325,326,327,328,288,289,290,291,292,293,294,295,296,297,298,299,300,301,302,303,304,305,306,307,308,309,310,311,312,313,314,315,316,317,318,319,320,321,
362,363,364,365,366,367,368,369,329,330,331,332,333,334,335,336,337,338,339,340,341,342,343,344,345,346,347,348,349,350,351,352,353,354,355,356,357,358,359,360,361,
402,403,404,405,406,407,408,409,410,370,371,372,373,374,375,376,377,378,379,380,381,382,383,384,385,386,387,388,389,390,391,392,393,394,395,396,397,398,399,400,401,
442,443,444,445,446,447,448,449,450,451,411,412,413,414,415,416,417,418,419,420,421,422,423,424,425,426,427,428,429,430,431,432,433,434,435,436,437,438,439,440,441,
482,483,484,485,486,487,488,489,490,491,492,452,453,454,455,456,457,458,459,460,461,462,463,464,465,466,467,468,469,470,471,472,473,474,475,476,477,478,479,480,481,
522,523,524,525,526,527,528,529,530,531,532,533,493,494,495,496,497,498,499,500,501,502,503,504,505,506,507,508,509,510,511,512,513,514,515,516,517,518,519,520,521,
562,563,564,565,566,567,568,569,570,571,572,573,574,534,535,536,537,538,539,540,541,542,543,544,545,546,547,548,549,550,551,552,553,554,555,556,557,558,559,560,561,
602,603,604,605,606,607,608,609,610,611,612,613,614,615,575,576,577,578,579,580,581,582,583,584,585,586,587,588,589,590,591,592,593,594,595,596,597,598,599,600,601,
642,643,644,645,646,647,648,649,650,651,652,653,654,655,656,616,617,618,619,620,621,622,623,624,625,626,627,628,629,630,631,632,633,634,635,636,637,638,639,640,641,
682,683,684,685,686,687,688,689,690,691,692,693,694,695,696,697,657,658,659,660,661,662,663,664,665,666,667,668,669,670,671,672,673,674,675,676,677,678,679,680,681,
722,723,724,725,726,727,728,729,730,731,732,733,734,735,736,737,738,698,699,700,701,702,703,704,705,706,707,708,709,710,711,712,713,714,715,716,717,718,719,720,721,
762,763,764,765,766,767,768,769,770,771,772,773,774,775,776,777,778,779,739,740,741,742,743,744,745,746,747,748,749,750,751,752,753,754,755,756,757,758,759,760,761,
802,803,804,805,806,807,808,809,810,811,812,813,814,815,816,817,818,819,820,780,781,782,783,784,785,786,787,788,789,790,791,792,793,794,795,796,797,798,799,800,801,
842,843,844,845,846,847,848,849,850,851,852,853,854,855,856,857,858,859,860,861,821,822,823,824,825,826,827,828,829,830,831,832,833,834,835,836,837,838,839,840,841,
882,883,884,885,886,887,888,889,890,891,892,893,894,895,896,897,898,899,900,901,902,862,863,864,865,866,867,868,869,870,871,872,873,874,875,876,877,878,879,880,881,
922,923,924,925,926,927,928,929,930,931,932,933,934,935,936,937,938,939,940,941,942,943,903,904,905,906,907,908,909,910,911,912,913,914,915,916,917,918,919,920,921,
962,963,964,965,966,967,968,969,970,971,972,973,974,975,976,977,978,979,980,981,982,983,984,944,945,946,947,948,949,950,951,952,953,954,955,956,957,958,959,960,961,
1002,1003,1004,1005,1006,1007,1008,1009,1010,1011,1012,1013,1014,1015,1016,1017,1018,1019,1020,1021,1022,1023,1024,1025,985,986,987,988,989,990,991,992,993,994,995,996,997,998,999,1000,1001,
1042,1043,1044,1045,1046,1047,1048,1049,1050,1051,1052,1053,1054,1055,1056,1057,1058,1059,1060,1061,1062,1063,1064,1065,1066,1026,1027,1028,1029,1030,1031,1032,1033,1034,1035,1036,1037,1038,1039,1040,1041,
1082,1083,1084,1085,1086,1087,1088,1089,1090,1091,1092,1093,1094,1095,1096,1097,1098,1099,1100,1101,1102,1103,1104,1105,1106,1107,1067,1068,1069,1070,1071,1072,1073,1074,1075,1076,1077,1078,1079,1080,1081,
1122,1123,1124,1125,1126,1127,1128,1129,1130,1131,1132,1133,1134,1135,1136,1137,1138,1139,1140,1141,1142,1143,1144,1145,1146,1147,1148,1108,1109,1110,1111,1112,1113,1114,1115,1116,1117,1118,1119,1120,1121,
1162,1163,1164,1165,1166,1167,1168,1169,1170,1171,1172,1173,1174,1175,1176,1177,1178,1179,1180,1181,1182,1183,1184,1185,1186,1187,1188,1189,1149,1150,1151,1152,1153,1154,1155,1156,1157,1158,1159,1160,1161,
1202,1203,1204,1205,1206,1207,1208,1209,1210,1211,1212,1213,1214,1215,1216,1217,1218,1219,1220,1221,1222,1223,1224,1225,1226,1227,1228,1229,1230,1190,1191,1192,1193,1194,1195,1196,1197,1198,1199,1200,1201,
1242,1243,1244,1245,1246,1247,1248,1249,1250,1251,1252,1253,1254,1255,1256,1257,1258,1259,1260,1261,1262,1263,1264,1265,1266,1267,1268,1269,1270,1271,1231,1232,1233,1234,1235,1236,1237,1238,1239,1240,1241,
1282,1283,1284,1285,1286,1287,1288,1289,1290,1291,1292,1293,1294,1295,1296,1297,1298,1299,1300,1301,1302,1303,1304,1305,1306,1307,1308,1309,1310,1311,1312,1272,1273,1274,1275,1276,1277,1278,1279,1280,1281,
1322,1323,1324,1325,1326,1327,1328,1329,1330,1331,1332,1333,1334,1335,1336,1337,1338,1339,1340,1341,1342,1343,1344,1345,1346,1347,1348,1349,1350,1351,1352,1353,1313,1314,1315,1316,1317,1318,1319,1320,1321,
1362,1363,1364,1365,1366,1367,1368,1369,1370,1371,1372,1373,1374,1375,1376,1377,1378,1379,1380,1381,1382,1383,1384,1385,1386,1387,1388,1389,1390,1391,1392,1393,1394,1354,1355,1356,1357,1358,1359,1360,1361,
1402,1403,1404,1405,1406,1407,1408,1409,1410,1411,1412,1413,1414,1415,1416,1417,1418,1419,1420,1421,1422,1423,1424,1425,1426,1427,1428,1429,1430,1431,1432,1433,1434,1435,1395,1396,1397,1398,1399,1400,1401,
1442,1443,1444,1445,1446,1447,1448,1449,1450,1451,1452,1453,1454,1455,1456,1457,1458,1459,1460,1461,1462,1463,1464,1465,1466,1467,1468,1469,1470,1471,1472,1473,1474,1475,1476,1436,1437,1438,1439,1440,1441,
1482,1483,1484,1485,1486,1487,1488,1489,1490,1491,1492,1493,1494,1495,1496,1497,1498,1499,1500,1501,1502,1503,1504,1505,1506,1507,1508,1509,1510,1511,1512,1513,1514,1515,1516,1517,1477,1478,1479,1480,1481,
1522,1523,1524,1525,1526,1527,1528,1529,1530,1531,1532,1533,1534,1535,1536,1537,1538,1539,1540,1541,1542,1543,1544,1545,1546,1547,1548,1549,1550,1551,1552,1553,1554,1555,1556,1557,1558,1518,1519,1520,1521,
1562,1563,1564,1565,1566,1567,1568,1569,1570,1571,1572,1573,1574,1575,1576,1577,1578,1579,1580,1581,1582,1583,1584,1585,1586,1587,1588,1589,1590,1591,1592,1593,1594,1595,1596,1597,1598,1599,1559,1560,1561,
1602,1603,1604,1605,1606,1607,1608,1609,1610,1611,1612,1613,1614,1615,1616,1617,1618,1619,1620,1621,1622,1623,1624,1625,1626,1627,1628,1629,1630,1631,1632,1633,1634,1635,1636,1637,1638,1639,1640,1600,1601,
1642,1643,1644,1645,1646,1647,1648,1649,1650,1651,1652,1653,1654,1655,1656,1657,1658,1659,1660,1661,1662,1663,1664,1665,1666,1667,1668,1669,1670,1671,1672,1673,1674,1675,1676,1677,1678,1679,1680,1681,1641,
155789,156650,157511,158372,159233,160094,160955,161816,162677,163538,164399,165260,166121,166982,167843,168704,169565,170426,171287,172148,173009,173870,174731,175592,176453,177314,178175,179036,179897,180758,181619,182480,183341,184202,185063,185924,186785,187646,188507,189368,190229,
64706,225170,227712,230254,232796,235338,237880,240422,242964,245506,248048,250590,253132,255674,258216,260758,1156,3698,6240,8782,11324,13866,16408,18950,21492,24034,26576,29118,31660,34202,36744,39286,41828,44370,46912,49454,51996,54538,57080,59622,62164,
197104,201327,32407,36630,40853,45076,49299,53522,57745,61968,66191,70414,74637,78860,83083,87306,91529,95752,99975,104198,108421,112644,116867,121090,125313,129536,133759,137982,142205,146428,150651,154874,159097,163320,167543,171766,175989,180212,184435,188658,192881,
63996,69900,75804,101788,107692,113596,119500,125404,131308,137212,143116,149020,154924,160828,166732,172636,178540,184444,190348,196252,202156,208060,213964,219868,225772,231676,237580,243484,249388,255292,261196,4956,10860,16764,22668,28572,34476,40380,46284,52188,58092,
189670,197255,204840,212425,171169,178754,186339,193924,201509,209094,216679,224264,231849,239434,247019,254604,45,7630,15215,22800,30385,37970,45555,53140,60725,68310,75895,83480,91065,98650,106235,113820,121405,128990,136575,144160,151745,159330,166915,174500,182085,
49838,59104,68370,77636,86902,240550,249816,259082,6204,15470,24736,34002,43268,52534,61800,71066,80332,89598,98864,108130,117396,126662,135928,145194,154460,163726,172992,182258,191524,200790,210056,219322,228588,237854,247120,256386,3508,12774,22040,31306,40572,
168788,179735,190682,201629,212576,223523,47787,58734,69681,80628,91575,102522,113469,124416,135363,146310,157257,168204,179151,190098,201045,211992,222939,233886,244833,255780,4583,15530,26477,37424,48371,59318,70265,81212,92159,103106,114053,125000,135947,146894,157841,
22232,34860,47488,60116,72744,85372,98000,117168,129796,142424,155052,167680,180308,192936,205564,218192,230820,243448,256076,6560,19188,31816,44444,57072,69700,82328,94956,107584,120212,132840,145468,158096,170724,183352,195980,208608,221236,233864,246492,259120,9604,
134458,148767,163076,177385,191694,206003,220312,234621,186549,200858,215167,229476,243785,258094,10259,24568,38877,53186,67495,81804,96113,110422,124731,139040,153349,167658,181967,196276,210585,224894,239203,253512,5677,19986,34295,48604,62913,77222,91531,105840,120149,
243322,259312,13158,29148,45138,61128,77118,93108,109098,255930,9776,25766,41756,57746,73736,89726,105716,121706,137696,153686,169676,185666,201656,217646,233636,249626,3472,19462,35452,51442,67432,83422,99412,115402,131392,147382,163372,179362,195352,211342,227332,
86680,104351,122022,139693,157364,175035,192706,210377,228048,245719,63167,80838,98509,116180,133851,151522,169193,186864,204535,222206,239877,257548,13075,30746,48417,66088,83759,101430,119101,136772,154443,172114,189785,207456,225127,242798,260469,15996,33667,51338,69009,
188820,208172,227524,246876,4084,23436,42788,62140,81492,100844,120196,132548,151900,171252,190604,209956,229308,248660,5868,25220,44572,63924,83276,102628,121980,141332,160684,180036,199388,218740,238092,257444,14652,34004,53356,72708,92060,111412,130764,150116,169468,
25454,46487,67520,88553,109586,130619,151652,172685,193718,214751,235784,256817,201929,222962,243995,2884,23917,44950,65983,87016,108049,129082,150115,171148,192181,213214,234247,255280,14169,35202,56235,77268,98301,119334,140367,161400,182433,203466,224499,245532,4421,
120870,143584,166298,189012,211726,234440,257154,17724,40438,63152,85866,108580,131294,9166,31880,54594,77308,100022,122736,145450,168164,190878,213592,236306,259020,19590,42304,65018,87732,110446,133160,155874,178588,201302,224016,246730,7300,30014,52728,75442,98156,
212924,237319,261714,23965,48360,72755,97150,121545,145940,170335,194730,219125,243520,5771,78547,102942,127337,151732,176127,200522,224917,249312,11563,35958,60353,84748,109143,133538,157933,182328,206723,231118,255513,17764,42159,66554,90949,115344,139739,164134,188529,
39472,65548,91624,117700,143776,169852,195928,222004,248080,12012,38088,64164,90240,116316,142392,147928,174004,200080,226156,252232,16164,42240,68316,94392,120468,146544,172620,198696,224772,250848,14780,40856,66932,93008,119084,145160,171236,197312,223388,249464,13396,
124802,152559,180316,208073,235830,1443,29200,56957,84714,112471,140228,167985,195742,223499,251256,16869,217309,245066,10679,38436,66193,93950,121707,149464,177221,204978,232735,260492,26105,53862,81619,109376,137133,164890,192647,220404,248161,13774,41531,69288,97045,
206770,236208,3502,32940,62378,91816,121254,150692,180130,209568,239006,6300,35738,65176,94614,124052,153490,24546,53984,83422,112860,142298,171736,201174,230612,260050,27344,56782,86220,115658,145096,174534,203972,233410,704,30142,59580,89018,118456,147894,177332,
23232,54351,85470,116589,147708,178827,209946,241065,10040,41159,72278,103397,134516,165635,196754,227873,258992,27967,93927,125046,156165,187284,218403,249522,18497,49616,80735,111854,142973,174092,205211,236330,5305,36424,67543,98662,129781,160900,192019,223138,254257,
98476,131276,164076,196876,229676,332,33132,65932,98732,131532,164332,197132,229932,588,33388,66188,98988,131788,164588,163308,196108,228908,261708,32364,65164,97964,130764,163564,196364,229164,261964,32620,65420,98220,131020,163820,196620,229420,76,32876,65676,
170358,204839,239320,11657,46138,80619,115100,149581,184062,218543,253024,25361,59842,94323,128804,163285,197766,232247,4584,39065,232689,5026,39507,73988,108469,142950,177431,211912,246393,18730,53211,87692,122173,156654,191135,225616,260097,32434,66915,101396,135877,
238878,12896,49058,85220,121382,157544,193706,229868,3886,40048,76210,112372,148534,184696,220858,257020,31038,67200,103362,139524,175686,39926,76088,112250,148412,184574,220736,256898,30916,67078,103240,139402,175564,211726,247888,21906,58068,94230,130392,166554,202716,
41892,79735,117578,155421,193264,231107,6806,44649,82492,120335,158178,196021,233864,9563,47406,85249,123092,160935,198778,236621,12320,50163,109307,147150,184993,222836,260679,36378,74221,112064,149907,187750,225593,1292,39135,76978,114821,152664,190507,228350,4049,
103688,143212,182736,222260,261784,39164,78688,118212,157736,197260,236784,14164,53688,93212,132736,172260,211784,251308,28688,68212,107736,147260,186784,178688,218212,257736,35116,74640,114164,153688,193212,232736,10116,49640,89164,128688,168212,207736,247260,24640,64164,
162122,203327,244532,23593,64798,106003,147208,188413,229618,8679,49884,91089,132294,173499,214704,255909,34970,76175,117380,158585,199790,240995,20056,61261,248069,27130,68335,109540,150745,191950,233155,12216,53421,94626,135831,177036,218241,259446,38507,79712,120917,
217194,260080,40822,83708,126594,169480,212366,255252,35994,78880,121766,164652,207538,250424,31166,74052,116938,159824,202710,245596,26338,69224,112110,154996,197882,55306,98192,141078,183964,226850,7592,50478,93364,136250,179136,222022,2764,45650,88536,131422,174308,
6760,51327,95894,140461,185028,229595,12018,56585,101152,145719,190286,234853,17276,61843,106410,150977,195544,240111,22534,67101,111668,156235,200802,245369,27792,72359,124687,169254,213821,258388,40811,85378,129945,174512,219079,1502,46069,90636,135203,179770,224337,
55108,101356,147604,193852,240100,24204,70452,116700,162948,209196,255444,39548,85796,132044,178292,224540,8644,54892,101140,147388,193636,239884,23988,70236,116484,162732,208980,194068,240316,24420,70668,116916,163164,209412,255660,39764,86012,132260,178508,224756,8860,
100094,148023,195952,243881,29666,77595,125524,173453,221382,7167,55096,103025,150954,198883,246812,32597,80526,128455,176384,224313,10098,58027,105956,153885,201814,249743,35528,83457,1305,49234,97163,145092,193021,240950,26735,74664,122593,170522,218451,4236,52165,
141718,191328,240938,28404,78014,127624,177234,226844,14310,63920,113530,163140,212750,216,49826,99436,149046,198656,248266,35732,85342,134952,184562,234172,21638,71248,120858,170468,220078,70686,120296,169906,219516,6982,56592,106202,155812,205422,255032,42498,92108,
179980,231271,20418,71709,123000,174291,225582,14729,66020,117311,168602,219893,9040,60331,111622,162913,214204,3351,54642,105933,157224,208515,259806,48953,100244,151535,202826,254117,43264,94555,140067,191358,242649,31796,83087,134378,185669,236960,26107,77398,128689,
214880,5708,58680,111652,164624,217596,8424,61396,114368,167340,220312,11140,64112,117084,170056,223028,13856,66828,119800,172772,225744,16572,69544,122516,175488,228460,19288,72260,125232,178204,231176,209448,276,53248,106220,159192,212164,2992,55964,108936,161908,
246418,38927,93580,148233,202886,257539,50048,104701,159354,214007,6516,61169,115822,170475,225128,17637,72290,126943,181596,236249,28758,83411,138064,192717,247370,39879,94532,149185,203838,258491,51000,105653,16685,71338,125991,180644,235297,27806,82459,137112,191765,
12450,68784,125118,181452,237786,31976,88310,144644,200978,257312,51502,107836,164170,220504,14694,71028,127362,183696,240030,34220,90554,146888,203222,259556,53746,110080,166414,222748,16938,73272,129606,185940,242274,86066,142400,198734,255068,49258,105592,161926,218260,
37264,95279,153294,211309,7180,65195,123210,181225,239240,35111,93126,151141,209156,5027,63042,121057,179072,237087,32958,90973,148988,207003,2874,60889,118904,176919,234934,30805,88820,146835,204850,721,58736,116751,155447,213462,9333,67348,125363,183378,241393,
58716,118412,178108,237804,35356,95052,154748,214444,11996,71692,131388,191084,250780,48332,108028,167724,227420,24972,84668,144364,204060,1612,61308,121004,180700,240396,37948,97644,157340,217036,14588,74284,133980,193676,253372,224828,22380,82076,141772,201468,261164,
76806,138183,199560,260937,60170,121547,182924,244301,43534,104911,166288,227665,26898,88275,149652,211029,10262,71639,133016,194393,255770,55003,116380,177757,239134,38367,99744,161121,222498,21731,83108,144485,205862,5095,66472,127849,32065,93442,154819,216196,15429,
91534,154592,217650,18564,81622,144680,207738,8652,71710,134768,197826,260884,61798,124856,187914,250972,51886,114944,178002,241060,41974,105032,168090,231148,32062,95120,158178,221236,22150,85208,148266,211324,12238,75296,138354,201412,2326,101446,164504,227562,28476,
102900,167639,232378,34973,99712,164451,229190,31785,96524,161263,226002,28597,93336,158075,222814,25409,90148,154887,219626,22221,86960,151699,216438,19033,83772,148511,213250,15845,80584,145323,210062,12657,77396,142135,206874,9469,74208,138947,170827,235566,38161,
110904,177324,243744,48020,114440,180860,247280,51556,117976,184396,250816,55092,121512,187932,254352,58628,125048,191468,257888,62164,128584,195004,261424,65700,132120,198540,2816,69236,135656,202076,6352,72772,139192,205612,9888,76308,142728,209148,13424,240208,44484,
115546,183647,251748,57705,125806,193907,262008,67965,136066,204167,10124,78225,146326,214427,20384,88485,156586,224687,30644,98745,166846,234947,40904,109005,177106,245207,51164,119265,187366,255467,61424,129525,197626,3583,71684,139785,207886,13843,81944,150045,47445,
117417,132898,148379,163860,179341,194822,210303,225784,241265,256746,10083,25564,41045,56526,72007,87488,102969,118450,133931,149412,164893,180374,195855,211336,226817,242298,257779,11116,26597,42078,57559,73040,88521,104002,119483,134964,150445,165926,181407,196888,212369,
82490,148778,192996,237214,19288,63506,107724,151942,196160,240378,22452,66670,110888,155106,199324,243542,25616,69834,114052,158270,202488,246706,28780,72998,117216,161434,205652,249870,31944,76162,120380,164598,208816,253034,35108,79326,123544,167762,211980,256198,38272,
141800,214755,180139,253094,63905,136860,209815,20626,93581,166536,239491,50302,123257,196212,7023,79978,152933,225888,36699,109654,182609,255564,66375,139330,212285,23096,96051,169006,241961,52772,125727,198682,9493,82448,155403,228358,39169,112124,185079,258034,68845,
143636,245328,84876,211500,51048,152740,254432,93980,195672,35220,136912,238604,78152,179844,19392,121084,222776,62324,164016,3564,105256,206948,46496,148188,249880,89428,191120,30668,132360,234052,73600,175292,14840,116532,218224,57772,159464,261156,100704,202396,41944,
87998,218427,86712,217141,242861,111146,241575,109860,240289,108574,239003,107288,237717,106002,236431,104716,235145,103430,233859,102144,232573,100858,231287,99572,230001,98286,228715,97000,227429,95714,226143,94428,224857,93142,223571,91856,222285,90570,220999,89284,219713,
237030,134052,31074,190240,87262,12078,171244,68266,227432,124454,21476,180642,77664,236830,133852,30874,190040,87062,246228,143250,40272,199438,96460,255626,152648,49670,208836,105858,2880,162046,59068,218234,115256,12278,171444,68466,227632,124654,21676,180842,77864,
66444,254347,180106,105865,31624,219527,43439,231342,157101,82860,8619,196522,122281,48040,235943,161702,87461,13220,201123,126882,52641,240544,166303,92062,17821,205724,131483,57242,245145,170904,96663,22422,210325,136084,61843,249746,175505,101264,27023,214926,140685,
100528,55024,9520,226160,180656,135152,89648,74800,29296,245936,200432,154928,109424,63920,18416,235056,189552,144048,98544,53040,7536,224176,178672,133168,87664,42160,258800,213296,167792,122288,76784,31280,247920,202416,156912,111408,65904,20400,237040,191536,146032,
77138,60371,43604,26837,10070,255447,238680,221913,106161,89394,72627,55860,39093,22326,5559,250936,234169,217402,200635,183868,167101,150334,133567,116800,100033,83266,66499,49732,32965,16198,261575,244808,228041,211274,194507,177740,160973,144206,127439,110672,93905,
258418,8244,20214,32184,44154,56124,68094,80064,92034,137522,149492,161462,173432,185402,197372,209342,221312,233282,245252,257222,7048,19018,30988,42958,54928,66898,78868,90838,102808,114778,126748,138718,150688,162658,174628,186598,198568,210538,222508,234478,246448,
120080,160787,201494,242201,20764,61471,102178,142885,183592,224299,168883,209590,250297,28860,69567,110274,150981,191688,232395,10958,51665,92372,133079,173786,214493,255200,33763,74470,115177,155884,196591,237298,15861,56568,97275,137982,178689,219396,260103,38666,79373,
186412,255856,63156,132600,202044,9344,78788,148232,217676,24976,94420,200244,7544,76988,146432,215876,23176,92620,162064,231508,38808,108252,177696,247140,54440,123884,193328,628,70072,139516,208960,16260,85704,155148,224592,31892,101336,170780,240224,47524,116968,
195270,31307,129488,227669,63706,161887,260068,96105,194286,30323,128504,226685,231605,67642,165823,1860,100041,198222,34259,132440,230621,66658,164839,876,99057,197238,33275,131456,229637,65674,163855,262036,98073,196254,32291,130472,228653,64690,162871,261052,97089,
146654,11428,138346,3120,130038,256956,121730,248648,113422,240340,105114,232032,96806,822,127740,254658,119432,246350,111124,238042,102816,229734,94508,221426,86200,213118,77892,204810,69584,196502,61276,188194,52968,179886,44660,171578,36352,163270,28044,154962,19736,
40564,196219,89730,245385,138896,32407,188062,81573,237228,130739,24250,179905,73416,229071,32183,187838,81349,237004,130515,24026,179681,73192,228847,122358,15869,171524,65035,220690,114201,7712,163367,56878,212533,106044,261699,155210,48721,204376,97887,253542,147053,
139144,61392,245784,168032,90280,12528,196920,119168,41416,225808,148056,70304,254696,176944,99192,63544,247936,170184,92432,14680,199072,121320,43568,227960,150208,72456,256848,179096,101344,23592,207984,130232,52480,236872,159120,81368,3616,188008,110256,32504,216896,
180250,131235,82220,33205,246334,197319,148304,99289,50274,1259,214388,165373,116358,67343,18328,231457,94905,45890,259019,210004,160989,111974,62959,13944,227073,178058,129043,80028,31013,244142,195127,146112,97097,48082,261211,212196,163181,114166,65151,16136,229265,
163882,143604,123326,103048,82770,62492,42214,21936,1658,243524,223246,202968,182690,162412,142134,121856,101578,126266,105988,85710,65432,45154,24876,4598,246464,226186,205908,185630,165352,145074,124796,104518,84240,63962,43684,23406,3128,244994,224716,204438,184160,
90040,98499,106958,115417,123876,132335,140794,149253,157712,166171,174630,183089,191548,200007,208466,216925,225384,233843,157627,166086,174545,183004,191463,199922,208381,216840,225299,233758,242217,250676,259135,5450,13909,22368,30827,39286,47745,56204,64663,73122,81581,
220868,258064,33116,70312,107508,144704,181900,219096,256292,31344,68540,105736,142932,180128,217324,254520,29572,66768,103964,188988,226184,1236,38432,75628,112824,150020,187216,224412,261608,36660,73856,111052,148248,185444,222640,259836,34888,72084,109280,146476,183672,
32078,98011,163944,229877,33666,99599,165532,231465,35254,101187,167120,233053,36842,102775,168708,234641,38430,104363,170296,236229,220349,24138,90071,156004,221937,25726,91659,157592,223525,27314,93247,159180,225113,28902,94835,160768,226701,30490,96423,162356,228289,
47958,142628,237298,69824,164494,259164,91690,186360,18886,113556,208226,40752,135422,230092,62618,157288,251958,84484,179154,11680,106350,251710,84236,178906,11432,106102,200772,33298,127968,222638,55164,149834,244504,77030,171700,4226,98896,193566,26092,120762,215432,
6364,129771,253178,114441,237848,99111,222518,83781,207188,68451,191858,53121,176528,37791,161198,22461,145868,7131,130538,253945,115208,238615,20927,144334,5597,129004,252411,113674,237081,98344,221751,83014,206421,67684,191091,52354,175761,37024,160431,21694,145101,
169440,59440,211584,101584,253728,143728,33728,185872,75872,228016,118016,8016,160160,50160,202304,92304,244448,134448,24448,176592,66592,218736,108736,52288,204432,94432,246576,136576,26576,178720,68720,220864,110864,864,153008,43008,195152,85152,237296,127296,17296,
12898,193779,112516,31253,212134,130871,49608,230489,149226,67963,248844,167581,86318,5055,185936,104673,23410,204291,123028,41765,222646,141383,60120,241001,83649,2386,183267,102004,20741,201622,120359,39096,219977,138714,57451,238332,157069,75806,256687,175424,94161,
61026,8500,218118,165592,113066,60540,8014,217632,165106,112580,60054,7528,217146,164620,112094,59568,7042,216660,164134,111608,59082,6556,216174,163648,111122,115010,62484,9958,219576,167050,114524,61998,9472,219090,166564,114038,61512,8986,218604,166078,113552,
51680,27891,4102,242457,218668,194879,171090,147301,123512,99723,75934,52145,28356,4567,242922,219133,195344,171555,147766,123977,100188,76399,52610,28821,5032,243387,146371,122582,98793,75004,51215,27426,3637,241992,218203,194414,170625,146836,123047,99258,75469,
247004,251952,256900,261848,4652,9600,14548,19496,24444,29392,34340,39288,44236,49184,54132,59080,64028,68976,73924,78872,83820,88768,93716,98664,103612,108560,113508,177732,182680,187628,192576,197524,202472,207420,212368,217316,222264,227212,232160,237108,242056,
122710,156395,190080,223765,257450,28991,62676,96361,130046,163731,197416,231101,2642,36327,70012,103697,137382,171067,204752,238437,9978,43663,77348,111033,144718,178403,212088,245773,209093,242778,14319,48004,81689,115374,149059,182744,216429,250114,21655,55340,89025,
203086,3364,65786,128208,190630,253052,53330,115752,178174,240596,40874,103296,165718,228140,28418,90840,153262,215684,15962,78384,140806,203228,3506,65928,128350,190772,253194,53472,115894,240454,40732,103154,165576,227998,28276,90698,153120,215542,15820,78242,140664,
225988,55003,146162,237321,66336,157495,248654,77669,168828,259987,89002,180161,9176,100335,191494,20509,111668,202827,31842,123001,214160,43175,134334,225493,54508,145667,236826,65841,157000,248159,9671,100830,191989,21004,112163,203322,32337,123496,214655,43670,134829,
191416,49168,169064,26816,146712,4464,124360,244256,102008,221904,79656,199552,57304,177200,34952,154848,12600,132496,252392,110144,230040,87792,207688,65440,185336,43088,162984,20736,140632,260528,118280,41032,160928,18680,138576,258472,116224,236120,93872,213768,71520,
99370,248003,134492,20981,169614,56103,204736,91225,239858,126347,12836,161469,47958,196591,83080,231713,118202,4691,153324,39813,188446,74935,223568,110057,258690,145179,31668,180301,66790,215423,101912,250545,72393,221026,107515,256148,142637,29126,177759,64248,212881,
211994,127220,42446,219816,135042,50268,227638,142864,58090,235460,150686,65912,243282,158508,73734,251104,166330,81556,258926,174152,89378,4604,181974,97200,12426,189796,105022,20248,197618,112844,28070,205440,120666,103754,18980,196350,111576,26802,204172,119398,34624,
5000,211107,155070,99033,42996,249103,193066,137029,80992,24955,231062,175025,118988,62951,6914,213021,156984,100947,44910,251017,194980,138943,82906,26869,232976,176939,120902,64865,8828,214935,158898,102861,46824,252931,135115,79078,23041,229148,173111,117074,61037,
2676,237520,210220,182920,155620,128320,101020,73720,46420,19120,253964,226664,199364,172064,144764,117464,90164,62864,35564,8264,243108,215808,188508,161208,133908,106608,79308,52008,24708,259552,232252,204952,177652,150352,123052,166476,139176,111876,84576,57276,29976,
205022,206459,207896,209333,210770,212207,213644,215081,216518,217955,219392,220829,222266,223703,225140,226577,228014,229451,230888,232325,233762,235199,236636,238073,239510,240947,242384,243821,245258,246695,248132,249569,251006,252443,253880,255317,197837,199274,200711,202148,203585,
87750,117924,148098,178272,208446,238620,6650,36824,66998,97172,127346,157520,187694,217868,248042,16072,46246,76420,106594,136768,166942,197116,227290,257464,25494,55668,85842,116016,146190,176364,206538,236712,4742,34916,65090,95264,125438,229198,259372,27402,57576,
175148,234059,30826,89737,148648,207559,4326,63237,122148,181059,239970,36737,95648,154559,213470,10237,69148,128059,186970,245881,42648,101559,160470,219381,16148,75059,133970,192881,251792,48559,107470,166381,225292,22059,80970,139881,198792,257703,260559,57326,116237,
205072,30576,118224,205872,31376,119024,206672,32176,119824,207472,32976,120624,208272,33776,121424,209072,34576,122224,209872,35376,123024,210672,36176,123824,211472,36976,124624,212272,37776,125424,213072,38576,126224,213872,39376,127024,214672,40176,127824,29776,117424,
177522,31763,148148,2389,118774,235159,89400,205785,60026,176411,30652,147037,1278,117663,234048,88289,204674,58915,175300,29541,145926,167,116552,232937,87178,203563,57804,174189,28430,144815,261200,115441,231826,86067,202452,56693,173078,27319,143704,260089,61137,
23821,59122,94423,129724,165025,200326,235627,8784,44085,79386,114687,149988,185289,220590,255891,29048,64349,99650,134951,170252,205553,240854,14011,49312,84613,119914,155215,190516,225817,261118,34275,69576,104877,140178,175479,210780,246081,19238,54539,89840,125141,
33698,59122,163344,5422,109644,213866,55944,160166,2244,106466,210688,52766,156988,261210,103288,207510,49588,153810,258032,100110,204332,46410,150632,254854,96932,201154,43232,147454,251676,93754,197976,40054,144276,248498,90576,194798,36876,141098,245320,87398,191620,
31256,204399,94423,5422,178565,89564,563,173706,84705,257848,168847,79846,252989,163988,74987,248130,159129,70128,243271,154270,65269,238412,149411,60410,233553,144552,55551,228694,139693,50692,223835,134834,45833,218976,129975,40974,214117,125116,36115,209258,120257,
153116,133036,112956,129724,109644,89564,69484,49404,29324,9244,251308,231228,211148,191068,170988,150908,130828,110748,90668,70588,50508,30428,10348,252412,232332,212252,192172,172092,152012,131932,111852,91772,71692,51612,31532,11452,253516,233436,213356,193276,173196,
137134,185975,234816,21513,165025,213866,563,49404,98245,147086,195927,244768,31465,80306,129147,177988,226829,13526,62367,111208,160049,208890,257731,44428,93269,142110,190951,239792,26489,75330,124171,173012,221853,8550,57391,106232,155073,203914,252755,39452,88293,
245454,101072,218834,74452,192214,200326,55944,173706,29324,147086,2704,120466,238228,93846,211608,67226,184988,40606,158368,13986,131748,249510,105128,222890,78508,196270,51888,169650,25268,143030,260792,116410,234172,89790,207552,63170,180932,36550,154312,9930,127692,
215932,140471,65010,251693,176232,100771,235627,160166,84705,9244,195927,120466,45005,231688,156227,80766,5305,191988,116527,41066,227749,152288,76827,1366,188049,112588,37127,223810,148349,72888,259571,184110,108649,33188,219871,144410,68949,255632,180171,104710,29249,
48568,42028,35488,28948,22408,15868,9328,8784,2244,257848,251308,244768,238228,231688,225148,218608,212068,205528,198988,192448,185908,179368,172828,166288,159748,153208,146668,140128,133588,127048,120508,113968,107428,100888,94348,87808,81268,74728,68188,61648,55108,
5506,67887,130268,192649,255030,55267,117648,180029,44085,106466,168847,231228,31465,93846,156227,218608,18845,81226,143607,205988,6225,68606,130987,193368,255749,55986,118367,180748,243129,43366,105747,168128,230509,30746,93127,155508,217889,18126,80507,142888,205269,
86746,218048,87206,218508,87666,218968,88126,219428,88586,79386,210688,79846,211148,80306,211608,80766,212068,81226,212528,81686,212988,82146,213448,82606,213908,83066,214368,83526,214828,83986,215288,84446,215748,84906,216208,85366,216668,85826,217128,86286,217588,
30144,230367,168446,106525,44604,244827,182906,120985,59064,259287,114687,52766,252989,191068,129147,67226,5305,205528,143607,81686,19765,219988,158067,96146,34225,234448,172527,110606,48685,248908,186987,125066,63145,1224,201447,139526,77605,15684,215907,153986,92065,
97844,104844,111844,118844,125844,132844,139844,146844,153844,160844,167844,149988,156988,163988,170988,177988,184988,191988,198988,205988,212988,219988,226988,233988,240988,247988,254988,261988,6844,13844,20844,27844,34844,41844,48844,55844,62844,69844,76844,83844,90844,
27702,103623,179544,255465,69242,145163,221084,34861,110782,186703,480,76401,185289,261210,74987,150908,226829,40606,116527,192448,6225,82146,158067,233988,47765,123686,199607,13384,89305,165226,241147,54924,130845,206766,20543,96464,172385,248306,62083,138004,213925,
81862,226704,109402,254244,136942,19640,164482,47180,192022,74720,219562,102260,247102,220590,103288,248130,130828,13526,158368,41066,185908,68606,213448,96146,240988,123686,6384,151226,33924,178766,61464,206306,89004,233846,116544,261386,144084,26782,171624,54322,199164,
260324,211943,163562,115181,66800,18419,232182,183801,135420,87039,38658,252421,204040,155659,255891,207510,159129,110748,62367,13986,227749,179368,130987,82606,34225,247988,199607,151226,102845,54464,6083,219846,171465,123084,74703,26322,240085,191704,143323,94942,46561,
38800,59340,79880,100420,120960,141500,162040,182580,203120,223660,244200,2596,23136,43676,64216,29048,49588,70128,90668,111208,131748,152288,172828,193368,213908,234448,254988,13384,33924,54464,75004,95544,116084,136624,157164,177704,198244,218784,239324,259864,18260,
203722,31039,120500,209961,37278,126739,216200,43517,132978,222439,49756,139217,228678,55995,145456,234917,64349,153810,243271,70588,160049,249510,76827,166288,255749,83066,172527,261988,89305,178766,6083,95544,185005,12322,101783,191244,18561,108022,197483,24800,114261,
230802,127040,23278,181660,77898,236280,132518,28756,187138,83376,241758,137996,34234,192616,88854,247236,143474,99650,258032,154270,50508,208890,105128,1366,159748,55986,214368,110606,6844,165226,61464,219846,116084,12322,170704,66942,225324,121562,17800,176182,72420,
120040,85199,50358,15517,242820,207979,173138,138297,103456,68615,33774,261077,226236,191395,156554,121713,86872,52031,134951,100110,65269,30428,257731,222890,188049,153208,118367,83526,48685,13844,241147,206306,171465,136624,101783,66942,32101,259404,224563,189722,154881,
133580,167660,201740,235820,7756,41836,75916,109996,144076,178156,212236,246316,18252,52332,86412,120492,154572,188652,222732,170252,204332,238412,10348,44428,78508,112588,146668,180748,214828,248908,20844,54924,89004,123084,157164,191244,225324,259404,31340,65420,99500,
9278,112279,215280,56137,159138,262139,102996,205997,46854,149855,252856,93713,196714,37571,140572,243573,84430,187431,28288,131289,205553,46410,149411,252412,93269,196270,37127,140128,243129,83986,186987,27844,130845,233846,74703,177704,18561,121562,224563,65420,168421,
9278,181200,90978,756,172678,82456,254378,164156,73934,245856,155634,65412,237334,147112,56890,228812,138590,48368,220290,130068,39846,240854,150632,60410,232332,142110,51888,223810,133588,43366,215288,125066,34844,206766,116544,26322,198244,108022,17800,189722,99500,
133580,112279,90978,69677,48376,27075,5774,246617,225316,204015,182714,161413,140112,118811,97510,76209,54908,33607,12306,253149,231848,210547,14011,254854,233553,212252,190951,169650,148349,127048,105747,84446,63145,41844,20543,261386,240085,218784,197483,176182,154881,
120040,167660,215280,756,48376,95996,143616,191236,238856,24332,71952,119572,167192,214812,288,47908,95528,143148,190768,238388,23864,71484,119104,49312,96932,144552,192172,239792,25268,72888,120508,168128,215748,1224,48844,96464,144084,191704,239324,24800,72420,
230802,85199,201740,56137,172678,27075,143616,260157,114554,231095,85492,202033,56430,172971,27368,143909,260450,114847,231388,85785,202326,56723,173264,27661,84613,201154,55551,172092,26489,143030,259571,113968,230509,84906,201447,55844,172385,26782,143323,259864,114261,
203722,127040,50358,235820,159138,82456,5774,191236,114554,37872,223334,146652,69970,255432,178750,102068,25386,210848,134166,57484,242946,166264,89582,12900,198362,119914,43232,228694,152012,75330,260792,184110,107428,30746,216208,139526,62844,248306,171624,94942,18260,
38800,31039,23278,15517,7756,262139,254378,246617,238856,231095,223334,215573,207812,200051,192290,184529,176768,169007,161246,153485,145724,137963,130202,122441,114680,106919,155215,147454,139693,131932,124171,116410,108649,100888,93127,85366,77605,69844,62083,54322,46561,
260324,59340,120500,181660,242820,41836,102996,164156,225316,24332,85492,146652,207812,6828,67988,129148,190308,251468,50484,111644,172804,233964,32980,94140,155300,216460,15476,190516,251676,50692,111852,173012,234172,33188,94348,155508,216668,15684,76844,138004,199164,
81862,211943,79880,209961,77898,207979,75916,205997,73934,204015,71952,202033,69970,200051,67988,198069,66006,196087,64024,194105,62042,192123,60060,190141,58078,188159,56096,186177,225817,93754,223835,91772,221853,89790,219871,87808,217889,85826,215907,83844,213925,
27702,226704,163562,100420,37278,236280,173138,109996,46854,245856,182714,119572,56430,255432,192290,129148,66006,2864,201866,138724,75582,12440,211442,148300,85158,22016,221018,157876,94734,261118,197976,134834,71692,8550,207552,144410,81268,18126,217128,153986,90844,
97844,103623,109402,115181,120960,126739,132518,138297,144076,149855,155634,161413,167192,172971,178750,184529,190308,196087,201866,207645,213424,219203,224982,230761,236540,242319,248098,253877,259656,3291,34275,40054,45833,51612,57391,63170,68949,74728,80507,86286,92065,
30144,104844,179544,254244,66800,141500,216200,28756,103456,178156,252856,65412,140112,214812,27368,102068,176768,251468,64024,138724,213424,25980,100680,175380,250080,62636,137336,212036,24592,99292,173992,69576,144276,218976,31532,106232,180932,255632,68188,142888,217588,
86746,230367,111844,255465,136942,18419,162040,43517,187138,68615,212236,93713,237334,118811,288,143909,25386,169007,50484,194105,75582,219203,100680,244301,125778,7255,150876,32353,175974,57451,201072,82549,104877,248498,129975,11452,155073,36550,180171,61648,205269,
5506,218048,168446,118844,69242,19640,232182,182580,132978,83376,33774,246316,196714,147112,97510,47908,260450,210848,161246,111644,62042,12440,224982,175380,125778,76176,26574,239116,189514,139912,90310,40708,253250,140178,90576,40974,253516,203914,154312,104710,55108,
48568,67887,87206,106525,125844,145163,164482,183801,203120,222439,241758,261077,18252,37571,56890,76209,95528,114847,134166,153485,172804,192123,211442,230761,250080,7255,26574,45893,65212,84531,103850,123169,142488,161807,175479,194798,214117,233436,252755,9930,29249,
215932,42028,130268,218508,44604,132844,221084,47180,135420,223660,49756,137996,226236,52332,140572,228812,54908,143148,231388,57484,145724,233964,60060,148300,236540,62636,150876,239116,65212,153452,241692,67788,156028,244268,70364,210780,36876,125116,213356,39452,127692,
245454,140471,35488,192649,87666,244827,139844,34861,192022,87039,244200,139217,34234,191395,86412,243573,138590,33607,190768,85785,242946,137963,32980,190141,85158,242319,137336,32353,189514,84531,241692,136709,31726,188887,83904,241065,246081,141098,36115,193276,88293,
137134,101072,65010,28948,255030,218968,182906,146844,110782,74720,38658,2596,228678,192616,156554,120492,84430,48368,12306,238388,202326,166264,130202,94140,58078,22016,248098,212036,175974,139912,103850,67788,31726,257808,221746,185684,149622,19238,245320,209258,173196,
153116,185975,218834,251693,22408,55267,88126,120985,153844,186703,219562,252421,23136,55995,88854,121713,154572,187431,220290,253149,23864,56723,89582,122441,155300,188159,221018,253877,24592,57451,90310,123169,156028,188887,221746,254605,25320,58179,54539,87398,120257,
31256,133036,234816,74452,176232,15868,117648,219428,59064,160844,480,102260,204040,43676,145456,247236,86872,188652,28288,130068,231848,71484,173264,12900,114680,216460,56096,157876,259656,99292,201072,40708,142488,244268,83904,185684,25320,127100,228880,89840,191620,
33698,204399,112956,21513,192214,100771,9328,180029,88586,259287,167844,76401,247102,155659,64216,234917,143474,52031,222732,131289,39846,210547,119104,27661,198362,106919,15476,186177,94734,3291,173992,82549,253250,161807,70364,241065,149622,58179,228880,137437,125141,
24361,53162,81963,110764,139565,168366,197167,225968,254769,21426,50227,79028,107829,136630,165431,194232,223033,251834,18491,47292,76093,104894,133695,162496,191297,220098,248899,15556,44357,73158,101959,130760,159561,188362,217163,245964,12621,41422,70223,99024,127825,
181018,134794,31092,189534,85832,244274,140572,36870,195312,91610,250052,146350,42648,201090,97388,255830,152128,48426,206868,103166,261608,157906,54204,212646,108944,5242,163684,59982,218424,114722,11020,169462,65760,224202,120500,16798,175240,71538,229980,126278,22576,
208272,234211,245227,9022,34961,60900,86839,112778,138717,164656,190595,216534,242473,6268,32207,58146,84085,110024,135963,161902,187841,213780,239719,3514,29453,55392,81331,107270,133209,159148,185087,211026,236965,760,26699,52638,78577,104516,130455,156394,182333,
238388,131824,25260,93516,249096,142532,35968,191548,84984,240564,134000,27436,183016,76452,232032,125468,18904,174484,67920,223500,116936,10372,165952,59388,214968,108404,1840,157420,50856,206436,99872,255452,148888,42324,197904,91340,246920,140356,33792,189372,82808,
9222,32299,55376,78453,203949,227026,250103,11036,34113,57190,80267,103344,126421,149498,172575,195652,218729,241806,2739,25816,48893,71970,95047,118124,141201,164278,187355,210432,233509,256586,17519,40596,63673,86750,109827,132904,155981,179058,202135,225212,248289,
45062,197780,88354,241072,131646,52238,204956,95530,248248,138822,29396,182114,72688,225406,115980,6554,159272,49846,202564,93138,245856,136430,27004,179722,70296,223014,113588,4162,156880,47454,200172,90746,243464,134038,24612,177330,67904,220622,111196,1770,154488,
83764,103979,124194,144409,164624,184839,162671,182886,203101,223316,243531,1602,21817,42032,62247,82462,102677,122892,143107,163322,183537,203752,223967,244182,2253,22468,42683,62898,83113,103328,123543,143758,163973,184188,204403,224618,244833,2904,23119,43334,63549,
125328,13040,162896,50608,200464,88176,238032,10960,160816,48528,198384,86096,235952,123664,11376,161232,48944,198800,86512,236368,124080,11792,161648,49360,199216,86928,236784,124496,12208,162064,49776,199632,87344,237200,124912,12624,162480,50192,200048,87760,237616,
169754,187107,204460,221813,239166,256519,11728,29081,121393,138746,156099,173452,190805,208158,225511,242864,260217,15426,32779,50132,67485,84838,102191,119544,136897,154250,171603,188956,206309,223662,241015,258368,13577,30930,48283,65636,82989,100342,117695,135048,152401,
217042,101892,248886,133736,18586,165580,50430,197424,82274,231826,116676,1526,148520,33370,180364,65214,212208,97058,244052,128902,13752,160746,45596,192590,77440,224434,109284,256278,141128,25978,172972,57822,204816,89666,236660,121510,6360,153354,38204,185198,70048,
5048,19539,34030,48521,63012,77503,91994,106485,120976,135467,80115,94606,109097,123588,138079,152570,167061,181552,196043,210534,225025,239516,254007,6354,20845,35336,49827,64318,78809,93300,107791,122282,136773,151264,165755,180246,194737,209228,223719,238210,252701,
58060,202192,84180,228312,110300,254432,136420,18408,162540,44528,188660,190548,72536,216668,98656,242788,124776,6764,150896,32884,177016,59004,203136,85124,229256,111244,255376,137364,19352,163484,45472,189604,71592,215724,97712,241844,123832,5820,149952,31940,176072,
113934,125563,137192,148821,160450,172079,183708,195337,206966,218595,230224,241853,38837,50466,62095,73724,85353,96982,108611,120240,131869,143498,155127,166756,178385,190014,201643,213272,224901,236530,248159,259788,9273,20902,32531,44160,55789,67418,79047,90676,102305,
172670,51796,193066,72192,213462,92588,233858,112984,254254,133380,12506,153776,32902,149270,28396,169666,48792,190062,69188,210458,89584,230854,109980,251250,130376,9502,150772,29898,171168,50294,191564,70690,211960,91086,232356,111482,252752,131878,11004,152274,31400,
234268,243035,251802,260569,7192,15959,24726,33493,42260,51027,59794,68561,77328,86095,259703,6326,15093,23860,32627,41394,50161,58928,67695,76462,85229,93996,102763,111530,120297,129064,137831,146598,155365,164132,172899,181666,190433,199200,207967,216734,225501,
36584,174992,51256,189664,65928,204336,80600,219008,95272,233680,109944,248352,124616,880,139288,107992,246400,122664,261072,137336,13600,152008,28272,166680,42944,181352,57616,196024,72288,210696,86960,225368,101632,240040,116304,254712,130976,7240,145648,21912,160320,
103906,109811,115716,121621,127526,133431,139336,145241,151146,157051,162956,168861,174766,180671,186576,192481,218425,224330,230235,236140,242045,247950,253855,259760,3521,9426,15331,21236,27141,33046,38951,44856,50761,56666,62571,68476,74381,80286,86191,92096,98001,
174090,47492,183038,56440,191986,65388,200934,74336,209882,83284,218830,92232,227778,101180,236726,110128,245674,66714,202260,75662,211208,84610,220156,93558,229104,102506,238052,111454,247000,120402,255948,129350,2752,138298,11700,147246,20648,156194,29596,165142,38544,
247136,250179,253222,256265,259308,207,3250,6293,9336,12379,15422,18465,21508,24551,27594,30637,33680,36723,177147,180190,183233,186276,189319,192362,195405,198448,201491,204534,207577,210620,213663,216706,219749,222792,225835,228878,231921,234964,238007,241050,244093,
60900,193584,64124,196808,67348,200032,70572,203256,73796,206480,77020,209704,80244,212928,83468,216152,86692,219376,89916,25436,158120,28660,161344,31884,164568,35108,167792,38332,171016,41556,174240,44780,177464,48004,180688,51228,183912,54452,187136,57676,190360,
139670,139851,140032,140213,140394,140575,140756,140937,141118,141299,141480,141661,141842,142023,142204,142385,142566,142747,142928,143109,135869,136050,136231,136412,136593,136774,136955,137136,137317,137498,137679,137860,138041,138222,138403,138584,138765,138946,139127,139308,139489,
221302,88980,218802,86480,216302,83980,213802,81480,211302,78980,208802,76480,206302,73980,203802,71480,201302,68980,198802,66480,196302,246302,113980,243802,111480,241302,108980,238802,106480,236302,103980,233802,101480,231302,98980,228802,96480,226302,93980,223802,91480,
43652,40971,38290,35609,32928,30247,27566,24885,22204,19523,16842,14161,11480,8799,6118,3437,756,260219,257538,254857,252176,249495,94591,91910,89229,86548,83867,81186,78505,75824,73143,70462,67781,65100,62419,59738,57057,54376,51695,49014,46333,
131008,257968,122784,249744,114560,241520,106336,233296,98112,225072,89888,216848,81664,208624,73440,200400,65216,192176,56992,183952,48768,175728,40544,205024,69840,196800,61616,188576,53392,180352,45168,172128,36944,163904,28720,155680,20496,147456,12272,139232,4048,
221226,215683,210140,204597,199054,193511,187968,182425,176882,171339,165796,160253,154710,149167,143624,138081,132538,126995,121452,115909,110366,104823,99280,93737,53313,47770,42227,36684,31141,25598,20055,14512,8969,3426,260027,254484,248941,243398,237855,232312,226769,
52162,176260,38214,162312,24266,148364,10318,134416,258514,120468,244566,106520,230618,92572,216670,78624,202722,64676,188774,50728,174826,36780,160878,22832,146930,163746,25700,149798,11752,135850,259948,121902,246000,107954,232052,94006,218104,80058,204156,66110,190208,
148104,139699,131294,122889,114484,106079,97674,89269,80864,72459,64054,55649,47244,38839,30434,22029,13624,5219,258958,250553,242148,233743,225338,216933,208528,200123,12035,3630,257369,248964,240559,232154,223749,215344,206939,198534,190129,181724,173319,164914,156509,
246908,106000,227236,86328,207564,66656,187892,46984,168220,27312,148548,7640,128876,250112,109204,230440,89532,210768,69860,191096,50188,171424,30516,151752,10844,132080,253316,122468,243704,102796,224032,83124,204360,63452,184688,43780,165016,24108,145344,4436,125672,
86430,75163,63896,52629,41362,30095,18828,7561,258438,247171,235904,224637,213370,202103,190836,179569,168302,157035,145768,134501,123234,111967,100700,89433,78166,66899,55632,44365,232901,221634,210367,199100,187833,176566,165299,154032,142765,131498,120231,108964,97697,
190958,47188,165562,21792,140166,258540,114770,233144,89374,207748,63978,182352,38582,156956,13186,131560,249934,106164,224538,80768,199142,55372,173746,29976,148350,4580,122954,241328,97558,81190,199564,55794,174168,30398,148772,5002,123376,241750,97980,216354,72584,
36204,22075,7946,255961,241832,227703,213574,199445,185316,171187,157058,142929,128800,114671,100542,86413,72284,58155,44026,29897,15768,1639,249654,235525,221396,207267,193138,179009,164880,150751,191623,177494,163365,149236,135107,120978,106849,92720,78591,64462,50333,
146456,261968,115336,230848,84216,199728,53096,168608,21976,137488,253000,106368,221880,75248,190760,44128,159640,13008,128520,244032,97400,212912,66280,181792,35160,150672,4040,119552,235064,88432,203944,39912,155424,8792,124304,239816,93184,208696,62064,177576,30944,
259570,242579,225588,208597,191606,174615,157624,140633,123642,106651,89660,72669,55678,38687,21696,4705,249858,232867,215876,198885,181894,164903,147912,130921,113930,96939,79948,62957,45966,28975,11984,257137,150345,133354,116363,99372,82381,65390,48399,31408,14417,
113402,226052,76558,189208,39714,152364,2870,115520,228170,78676,191326,41832,154482,4988,117638,230288,80794,193444,43950,156600,7106,119756,232406,82912,195562,46068,158718,9224,121874,234524,85030,197680,48186,260778,111284,223934,74440,187090,37596,150246,752,
232240,212387,192534,172681,152828,132975,113122,93269,73416,53563,33710,13857,256148,236295,216442,196589,176736,156883,137030,117177,97324,77471,57618,37765,17912,260203,240350,220497,200644,180791,160938,141085,121232,101379,109067,89214,69361,49508,29655,9802,252093,
91796,201584,49228,159016,6660,116448,226236,73880,183668,31312,141100,250888,98532,208320,55964,165752,13396,123184,232972,80616,190404,38048,147836,257624,105268,215056,62700,172488,20132,129920,239708,87352,197140,44784,154572,219500,67144,176932,24576,134364,244152,
216358,193643,170928,148213,125498,102783,80068,57353,34638,11923,251352,228637,205922,183207,160492,137777,115062,92347,69632,46917,24202,1487,240916,218201,195486,172771,150056,127341,104626,81911,59196,36481,13766,253195,230480,207765,67789,45074,22359,261788,239073,
81638,188564,33346,140272,247198,91980,198906,43688,150614,257540,102322,209248,54030,160956,5738,112664,219590,64372,171298,16080,123006,229932,74714,181640,26422,133348,240274,85056,191982,36764,143690,250616,95398,202324,47106,154032,260958,178222,23004,129930,236856,
211924,186347,160770,135193,109616,84039,58462,32885,7308,243875,218298,192721,167144,141567,115990,90413,64836,39259,13682,250249,224672,199095,173518,147941,122364,96787,71210,45633,20056,256623,231046,205469,179892,154315,128738,103161,77584,52007,26511,934,237501,
82928,186992,28912,132976,237040,78960,183024,24944,129008,233072,74992,179056,20976,125040,229104,71024,175088,17008,121072,225136,67056,171120,13040,117104,221168,63088,167152,9072,113136,217200,59120,163184,5104,109168,213232,55152,159216,1136,105200,136944,241008,
218938,190499,162060,133621,105182,76743,48304,19865,253570,225131,196692,168253,139814,111375,82936,54497,26058,259763,231324,202885,174446,146007,117568,89129,60690,32251,3812,237517,209078,180639,152200,123761,95322,66883,38444,10005,243710,215271,186832,158393,247377,
60173,93834,127495,161156,194817,228478,262139,33656,67317,100978,134639,168300,201961,235622,7139,40800,74461,108122,141783,175444,209105,242766,14283,47944,81605,115266,148927,182588,216249,249910,21427,55088,88749,122410,156071,189732,223393,257054,28571,62232,95893,
131194,93834,127536,161238,194940,228642,200,33902,67604,101306,135008,168710,202412,236114,7672,41374,75076,108778,142480,176182,209884,243586,15144,48846,82548,116250,149952,183654,217356,251058,22616,56318,90020,123722,157424,191126,224828,258530,30088,63790,97492,
132752,166495,127495,161238,194981,228724,323,34066,67809,101552,135295,169038,202781,236524,8123,41866,75609,109352,143095,176838,210581,244324,15923,49666,83409,117152,150895,184638,218381,252124,23723,57466,91209,124952,158695,192438,226181,259924,31523,65266,99009,
134228,168012,201796,161156,194940,228724,364,34148,67932,101716,135500,169284,203068,236852,8492,42276,76060,109844,143628,177412,211196,244980,16620,50404,84188,117972,151756,185540,219324,253108,24748,58532,92316,126100,159884,193668,227452,261236,32876,66660,100444,
135622,169447,203272,237097,194817,228642,323,34148,67973,101798,135623,169448,203273,237098,8779,42604,76429,110254,144079,177904,211729,245554,17235,51060,84885,118710,152535,186360,220185,254010,25691,59516,93341,127166,160991,194816,228641,322,34147,67972,101797,
136934,170800,204666,238532,10254,228478,200,34066,67932,101798,135664,169530,203396,237262,8984,42850,76716,110582,144448,178314,212180,246046,17768,51634,85500,119366,153232,187098,220964,254830,26552,60418,94284,128150,162016,195882,229748,1470,35336,69202,103068,
138164,172071,205978,239885,11648,45555,262139,33902,67809,101716,135623,169530,203437,237344,9107,43014,76921,110828,144735,178642,212549,246456,18219,52126,86033,119940,153847,187754,221661,255568,27331,61238,95145,129052,162959,196866,230773,2536,36443,70350,104257,
139312,173260,207208,241156,12960,46908,80856,33656,67604,101552,135500,169448,203396,237344,9148,43096,77044,110992,144940,178888,212836,246784,18588,52536,86484,120432,154380,188328,222276,256224,28028,61976,95924,129872,163820,197768,231716,3520,37468,71416,105364,
140378,174367,208356,242345,14190,48179,82168,116157,67317,101306,135295,169284,203273,237262,9107,43096,77085,111074,145063,179052,213041,247030,18875,52864,86853,120842,154831,188820,222809,256798,28643,62632,96621,130610,164599,198588,232577,4422,38411,72400,106389,
141362,175392,209422,243452,15338,49368,83398,117428,151458,100978,135008,169038,203068,237098,8984,43014,77044,111074,145104,179134,213164,247194,19080,53110,87140,121170,155200,189230,223260,257290,29176,63206,97236,131266,165296,199326,233356,5242,39272,73302,107332,
142264,176335,210406,244477,16404,50475,84546,118617,152688,186759,134639,168710,202781,236852,8779,42850,76921,110992,145063,179134,213205,247276,19203,53274,87345,121416,155487,189558,223629,257700,29627,63698,97769,131840,165911,199982,234053,5980,40051,74122,108193,
143084,177196,211308,245420,17388,51500,85612,119724,153836,187948,222060,168300,202412,236524,8492,42604,76716,110828,144940,179052,213164,247276,19244,53356,87468,121580,155692,189804,223916,258028,29996,64108,98220,132332,166444,200556,234668,6636,40748,74860,108972,
143822,177975,212128,246281,18290,52443,86596,120749,154902,189055,223208,257361,201961,236114,8123,42276,76429,110582,144735,178888,213041,247194,19203,53356,87509,121662,155815,189968,224121,258274,30283,64436,98589,132742,166895,201048,235201,7210,41363,75516,109669,
144478,178672,212866,247060,19110,53304,87498,121692,155886,190080,224274,258468,30518,235622,7672,41866,76060,110254,144448,178642,212836,247030,19080,53274,87468,121662,155856,190050,224244,258438,30488,64682,98876,133070,167264,201458,235652,7702,41896,76090,110284,
145052,179287,213522,247757,19848,54083,88318,122553,156788,191023,225258,259493,31584,65819,7139,41374,75609,109844,144079,178314,212549,246784,18875,53110,87345,121580,155815,190050,224285,258520,30611,64846,99081,133316,167551,201786,236021,8112,42347,76582,110817,
145544,179820,214096,248372,20504,54780,89056,123332,157608,191884,226160,260436,32568,66844,101120,40800,75076,109352,143628,177904,212180,246456,18588,52864,87140,121416,155692,189968,224244,258520,30652,64928,99204,133480,167756,202032,236308,8440,42716,76992,111268,
145954,180271,214588,248905,21078,55395,89712,124029,158346,192663,226980,261297,33470,67787,102104,136421,74461,108778,143095,177412,211729,246046,18219,52536,86853,121170,155487,189804,224121,258438,30611,64928,99245,133562,167879,202196,236513,8686,43003,77320,111637,
146282,180640,214998,249356,21570,55928,90286,124644,159002,193360,227718,262076,34290,68648,103006,137364,171722,108122,142480,176838,211196,245554,17768,52126,86484,120842,155200,189558,223916,258274,30488,64846,99204,133562,167920,202278,236636,8850,43208,77566,111924,
146528,180927,215326,249725,21980,56379,90778,125177,159576,193975,228374,629,35028,69427,103826,138225,172624,207023,141783,176182,210581,244980,17235,51634,86033,120432,154831,189230,223629,258028,30283,64682,99081,133480,167879,202278,236677,8932,43331,77730,112129,
146692,181132,215572,250012,22308,56748,91188,125628,160068,194508,228948,1244,35684,70124,104564,139004,173444,207884,242324,175444,209884,244324,16620,51060,85500,119940,154380,188820,223260,257700,29996,64436,98876,133316,167756,202196,236636,8932,43372,77812,112252,
146774,181255,215736,250217,22554,57035,91516,125997,160478,194959,229440,1777,36258,70739,105220,139701,174182,208663,243144,15481,209105,243586,15923,50404,84885,119366,153847,188328,222809,257290,29627,64108,98589,133070,167551,202032,236513,8850,43331,77812,112293,
146774,181296,215818,250340,22718,57240,91762,126284,160806,195328,229850,2228,36750,71272,105794,140316,174838,209360,243882,16260,50782,242766,15144,49666,84188,118710,153232,187754,222276,256798,29176,63698,98220,132742,167264,201786,236308,8686,43208,77730,112252,
146692,181255,215818,250381,22800,57363,91926,126489,161052,195615,230178,2597,37160,71723,106286,140849,175412,209975,244538,16957,51520,86083,14283,48846,83409,117972,152535,187098,221661,256224,28643,63206,97769,132332,166895,201458,236021,8440,43003,77566,112129,
146528,181132,215736,250340,22800,57404,92008,126612,161216,195820,230424,2884,37488,72092,106696,141300,175904,210508,245112,17572,52176,86780,121384,47944,82548,117152,151756,186360,220964,255568,28028,62632,97236,131840,166444,201048,235652,8112,42716,77320,111924,
146282,180927,215572,250217,22718,57363,92008,126653,161298,195943,230588,3089,37734,72379,107024,141669,176314,210959,245604,18105,52750,87395,122040,156685,81605,116250,150895,185540,220185,254830,27331,61976,96621,131266,165911,200556,235201,7702,42347,76992,111637,
145954,180640,215326,250012,22554,57240,91926,126612,161298,195984,230670,3212,37898,72584,107270,141956,176642,211328,246014,18556,53242,87928,122614,157300,191986,115266,149952,184638,219324,254010,26552,61238,95924,130610,165296,199982,234668,7210,41896,76582,111268,
145544,180271,214998,249725,22308,57035,91762,126489,161216,195943,230670,3253,37980,72707,107434,142161,176888,211615,246342,18925,53652,88379,123106,157833,192560,227287,148927,183654,218381,253108,25691,60418,95145,129872,164599,199326,234053,6636,41363,76090,110817,
145052,179820,214588,249356,21980,56748,91516,126284,161052,195820,230588,3212,37980,72748,107516,142284,177052,211820,246588,19212,53980,88748,123516,158284,193052,227820,444,182588,217356,252124,24748,59516,94284,129052,163820,198588,233356,5980,40748,75516,110284,
144478,179287,214096,248905,21570,56379,91188,125997,160806,195615,230424,3089,37898,72707,107516,142325,177134,211943,246752,19417,54226,89035,123844,158653,193462,228271,936,35745,216249,251058,23723,58532,93341,128150,162959,197768,232577,5242,40051,74860,109669,
143822,178672,213522,248372,21078,55928,90778,125628,160478,195328,230178,2884,37734,72584,107434,142284,177134,211984,246834,19540,54390,89240,124090,158940,193790,228640,1346,36196,71046,249910,22616,57466,92316,127166,162016,196866,231716,4422,39272,74122,108972,
143084,177975,212866,247757,20504,55395,90286,125177,160068,194959,229850,2597,37488,72379,107270,142161,177052,211943,246834,19581,54472,89363,124254,159145,194036,228927,1674,36565,71456,106347,21427,56318,91209,126100,160991,195882,230773,3520,38411,73302,108193,
142264,177196,212128,247060,19848,54780,89712,124644,159576,194508,229440,2228,37160,72092,107024,141956,176888,211820,246752,19540,54472,89404,124336,159268,194200,229132,1920,36852,71784,106716,141648,55088,90020,124952,159884,194816,229748,2536,37468,72400,107332,
141362,176335,211308,246281,19110,54083,89056,124029,159002,193975,228948,1777,36750,71723,106696,141669,176642,211615,246588,19417,54390,89363,124336,159309,194282,229255,2084,37057,72030,107003,141976,176949,88749,123722,158695,193668,228641,1470,36443,71416,106389,
140378,175392,210406,245420,18290,53304,88318,123332,158346,193360,228374,1244,36258,71272,106286,141300,176314,211328,246342,19212,54226,89240,124254,159268,194282,229296,2166,37180,72194,107208,142222,177236,212250,122410,157424,192438,227452,322,35336,70350,105364,
139312,174367,209422,244477,17388,52443,87498,122553,157608,192663,227718,629,35684,70739,105794,140849,175904,210959,246014,18925,53980,89035,124090,159145,194200,229255,2166,37221,72276,107331,142386,177441,212496,247551,156071,191126,226181,261236,34147,69202,104257,
138164,173260,208356,243452,16404,51500,86596,121692,156788,191884,226980,262076,35028,70124,105220,140316,175412,210508,245604,18556,53652,88748,123844,158940,194036,229132,2084,37180,72276,107372,142468,177564,212660,247756,20708,189732,224828,259924,32876,67972,103068,
136934,172071,207208,242345,15338,50475,85612,120749,155886,191023,226160,261297,34290,69427,104564,139701,174838,209975,245112,18105,53242,88379,123516,158653,193790,228927,1920,37057,72194,107331,142468,177605,212742,247879,20872,56009,223393,258530,31523,66660,101797,
135622,170800,205978,241156,14190,49368,84546,119724,154902,190080,225258,260436,33470,68648,103826,139004,174182,209360,244538,17572,52750,87928,123106,158284,193462,228640,1674,36852,72030,107208,142386,177564,212742,247920,20954,56132,91310,257054,30088,65266,100444,
134228,169447,204666,239885,12960,48179,83398,118617,153836,189055,224274,259493,32568,67787,103006,138225,173444,208663,243882,16957,52176,87395,122614,157833,193052,228271,1346,36565,71784,107003,142222,177441,212660,247879,20954,56173,91392,126611,28571,63790,99009,
132752,168012,203272,238532,11648,46908,82168,117428,152688,187948,223208,258468,31584,66844,102104,137364,172624,207884,243144,16260,51520,86780,122040,157300,192560,227820,936,36196,71456,106716,141976,177236,212496,247756,20872,56132,91392,126652,161912,62232,97492,
131194,166495,201796,237097,10254,45555,80856,116157,151458,186759,222060,257361,30518,65819,101120,136421,171722,207023,242324,15481,50782,86083,121384,156685,191986,227287,444,35745,71046,106347,141648,176949,212250,247551,20708,56009,91310,126611,161912,197213,95893,
167209,89762,12315,197012,119565,42118,226815,149368,71921,256618,179171,101724,24277,208974,131527,54080,238777,161330,83883,6436,191133,113686,36239,220936,143489,66042,250739,173292,95845,18398,203095,125648,48201,232898,155451,78004,557,185254,107807,30360,215057,
243858,8130,33684,59238,84792,110346,135900,161454,187008,212562,238116,1526,27080,52634,78188,103742,129296,154850,180404,205958,231512,257066,20476,46030,71584,97138,122692,148246,173800,199354,224908,250462,13872,39426,64980,90534,116088,141642,167196,192750,218304,
144104,10515,111195,239750,106161,234716,101127,229682,96093,224648,91059,219614,86025,214580,80991,209546,75957,204512,70923,199478,65889,194444,60855,189410,55821,184376,50787,179342,45753,174308,40719,169274,35685,164240,30651,159206,25617,154172,20583,149138,15549,
100492,69904,39316,214260,183672,153084,122496,91908,61320,30732,144,231700,201112,170524,139936,109348,78760,48172,17584,249140,218552,187964,157376,126788,96200,65612,35024,4436,235992,205404,174816,144228,113640,83052,52464,21876,253432,222844,192256,161668,131080,
113022,185435,257848,68117,55181,127594,200007,10276,82689,155102,227515,37784,110197,182610,255023,65292,137705,210118,20387,92800,165213,237626,47895,120308,192721,2990,75403,147816,220229,30498,102911,175324,247737,58006,130419,202832,13101,85514,157927,230340,40609,
181694,94964,8234,183648,96918,158246,71516,246930,160200,73470,248884,162154,75424,250838,164108,77378,252792,166062,79332,254746,168016,81286,256700,169970,83240,258654,171924,85194,260608,173878,87148,418,175832,89102,2372,177786,91056,4326,179740,93010,6280,
44364,60635,76906,93177,109448,125719,261311,15438,31709,47980,64251,80522,96793,113064,129335,145606,161877,178148,194419,210690,226961,243232,259503,13630,29901,46172,62443,78714,94985,111256,127527,143798,160069,176340,192611,208882,225153,241424,257695,11822,28093,
225320,82448,201720,58848,178120,35248,154520,102232,221504,78632,197904,55032,174304,31432,150704,7832,127104,246376,103504,222776,79904,199176,56304,175576,32704,151976,9104,128376,247648,104776,224048,81176,200448,57576,176848,33976,153248,10376,129648,248920,106048,
200274,160403,120532,80661,40790,919,223192,183321,205297,165426,125555,85684,45813,5942,228215,188344,148473,108602,68731,28860,251133,211262,171391,131520,91649,51778,11907,234180,194309,154438,114567,74696,34825,257098,217227,177356,137485,97614,57743,17872,240145,
231370,32356,95486,158616,221746,22732,85862,148992,212122,46218,109348,172478,235608,36594,99724,162854,225984,26970,90100,153230,216360,17346,80476,143606,206736,7722,70852,133982,197112,260242,61228,124358,187488,250618,51604,114734,177864,240994,41980,105110,168240,
56464,222595,126582,30569,196700,100687,4674,170805,74792,240923,149283,53270,219401,123388,27375,193506,97493,1480,167611,71598,237729,141716,45703,211834,115821,19808,185939,89926,256057,160044,64031,230162,134149,38136,204267,108254,12241,178372,82359,248490,152477,
199844,206832,213820,220808,227796,234784,241772,248760,255748,592,7580,252348,259336,4180,11168,18156,25144,32132,39120,46108,53096,60084,67072,74060,81048,88036,95024,102012,109000,115988,122976,129964,136952,143940,150928,157916,164904,171892,178880,185868,192856,
137222,247211,95056,205045,52890,162879,10724,120713,230702,78547,188536,36381,93269,203258,51103,161092,8937,118926,228915,76760,186749,34594,144583,254572,102417,212406,60251,170240,18085,128074,238063,85908,195897,43742,153731,1576,111565,221554,69399,179388,27233,
130742,81588,32434,245424,196270,147116,97962,48808,261798,212644,163490,114336,65182,196334,147180,98026,48872,261862,212708,163554,114400,65246,16092,229082,179928,130774,81620,32466,245456,196302,147148,97994,48840,261830,212676,163522,114368,65214,16060,229050,179896,
180404,234251,25954,79801,133648,187495,241342,33045,86892,140739,194586,248433,40136,93983,37255,91102,144949,198796,252643,44346,98193,152040,205887,259734,51437,105284,159131,212978,4681,58528,112375,166222,220069,11772,65619,119466,173313,227160,18863,72710,126557,
24064,180912,75616,232464,127168,21872,178720,73424,230272,124976,19680,176528,71232,228080,122784,140320,35024,191872,86576,243424,138128,32832,189680,84384,241232,135936,30640,187488,82192,239040,133744,28448,185296,80000,236848,131552,26256,183104,77808,234656,129360,
186010,183715,181420,179125,176830,174535,172240,169945,167650,165355,163060,160765,158470,156175,153880,151585,243385,241090,238795,236500,234205,231910,229615,227320,225025,222730,220435,218140,215845,213550,211255,208960,206665,204370,202075,199780,197485,195190,192895,190600,188305,
141954,242660,81222,181928,20490,121196,221902,60464,161170,261876,100438,201144,39706,140412,241118,79680,180386,84306,185012,23574,124280,224986,63548,164254,2816,103522,204228,42790,143496,244202,82764,183470,22032,122738,223444,62006,162712,1274,101980,202686,41248,
154040,95603,37166,240873,182436,123999,65562,7125,210832,152395,93958,35521,239228,180791,122354,63917,5480,209187,187371,128934,70497,12060,215767,157330,98893,40456,244163,185726,127289,68852,10415,214122,155685,97248,38811,242518,184081,125644,67207,8770,212477,
222268,4688,49252,93816,138380,182944,227508,9928,54492,99056,143620,188184,232748,15168,59732,104296,148860,193424,237988,28292,72856,117420,161984,206548,251112,33532,78096,122660,167224,211788,256352,38772,83336,127900,172464,217028,261592,44012,88576,133140,177704,
84494,232059,117480,2901,150466,35887,183452,68873,216438,101859,249424,134845,20266,167831,53252,200817,86238,233803,119224,4645,131357,16778,164343,49764,197329,82750,230315,115736,1157,148722,34143,181708,67129,214694,100115,247680,133101,18522,166087,51508,199073,
2862,253428,241850,230272,218694,207116,195538,183960,172382,160804,149226,137648,126070,114492,102914,91336,79758,68180,56602,45024,33446,234422,222844,211266,199688,188110,176532,164954,153376,141798,130220,118642,107064,95486,83908,72330,60752,49174,37596,26018,14440,
239516,68795,160218,251641,80920,172343,1622,93045,184468,13747,105170,196593,25872,117295,208718,37997,129420,220843,50122,141545,232968,62247,75343,166766,258189,87468,178891,8170,99593,191016,20295,111718,203141,32420,123843,215266,44545,135968,227391,56670,148093,
8024,202448,134728,67008,261432,193712,125992,58272,252696,184976,117256,49536,243960,176240,108520,40800,235224,167504,99784,32064,226488,158768,91048,178408,110688,42968,237392,169672,101952,34232,228656,160936,93216,25496,219920,152200,84480,16760,211184,143464,75744,
94818,130099,165380,200661,235942,9079,44360,79641,114922,150203,185484,220765,256046,29183,64464,99745,135026,170307,205588,240869,14006,49287,84568,119849,19329,54610,89891,125172,160453,195734,231015,4152,39433,74714,109995,145276,180557,215838,251119,24256,59537,
237754,113892,252174,128312,4450,142732,18870,157152,33290,171572,47710,185992,62130,200412,76550,214832,90970,229252,105390,243672,119810,258092,134230,10368,148650,122394,260676,136814,12952,151234,27372,165654,41792,180074,56212,194494,70632,208914,85052,223334,99472,
174688,153827,132966,112105,91244,70383,49522,28661,7800,249083,228222,207361,186500,165639,144778,123917,103056,82195,61334,40473,19612,260895,240034,219173,198312,177451,225459,204598,183737,162876,142015,121154,100293,79432,58571,37710,16849,258132,237271,216410,195549,
167764,249904,69900,152040,234180,54176,136316,218456,38452,120592,202732,22728,104868,187008,7004,89144,171284,253424,73420,155560,237700,57696,139836,221976,41972,124112,206252,66380,148520,230660,50656,132796,214936,34932,117072,199212,19208,101348,183488,3484,85624,
216982,139979,62976,248117,171114,94111,17108,202249,125246,48243,233384,156381,79378,2375,187516,110513,33510,218651,141648,64645,249786,172783,95780,18777,203918,126915,49912,235053,169445,92442,15439,200580,123577,46574,231715,154712,77709,706,185847,108844,31841,
60198,86196,112194,138192,164190,190188,216186,242184,6038,32036,58034,84032,110030,136028,162026,188024,214022,240020,3874,29872,55870,81868,107866,133864,159862,185860,211858,237856,1710,10366,36364,62362,88360,114358,140356,166354,192352,218350,244348,8202,34200,
221700,88555,217554,84409,213408,80263,209262,76117,205116,71971,200970,67825,196824,63679,192678,59533,188532,55387,184386,51241,180240,47095,176094,42949,171948,38803,167802,34657,163656,30511,113431,242430,109285,238284,105139,234138,100993,229992,96847,225846,92701,
177200,147056,116912,86768,56624,26480,258480,228336,198192,168048,137904,107760,77616,47472,17328,249328,219184,189040,158896,128752,98608,68464,38320,8176,240176,210032,179888,149744,119600,89456,59312,216496,186352,156208,126064,95920,65776,35632,5488,237488,207344,
188842,261699,72412,145269,218126,28839,101696,174553,247410,58123,130980,203837,14550,87407,160264,233121,43834,116691,189548,261,73118,145975,218832,29545,102402,175259,248116,58829,131686,204543,15256,88113,57417,130274,203131,13844,86701,159558,232415,43128,115985,
256626,170340,84054,259912,173626,87340,1054,176912,90626,4340,180198,93912,7626,183484,97198,10912,186770,100484,14198,190056,103770,17484,193342,107056,20770,196628,110342,24056,199914,113628,27342,203200,116914,160482,74196,250054,163768,77482,253340,167054,80768,
118408,135123,151838,168553,185268,201983,218698,235413,252128,6699,23414,40129,56844,73559,90274,106989,123704,140419,157134,173849,190564,207279,223994,240709,257424,11995,28710,45425,62140,78855,95570,112285,129000,145715,1403,18118,34833,51548,68263,84978,101693,
36332,156048,13620,133336,253052,110624,230340,87912,207628,65200,184916,42488,162204,19776,139492,259208,116780,236496,94068,213784,71356,191072,48644,168360,25932,145648,3220,122936,242652,100224,219940,77512,197228,54800,174516,104468,224184,81756,201472,59044,178760,
10398,233115,193688,154261,114834,75407,35980,258697,219270,179843,140416,100989,61562,22135,244852,205425,165998,126571,87144,47717,8290,231007,191580,152153,112726,73299,33872,256589,217162,177735,138308,98881,59454,20027,242744,203317,207533,168106,128679,89252,49825,
40606,104180,167754,231328,32758,96332,159906,223480,24910,88484,152058,215632,17062,80636,144210,207784,9214,72788,136362,199936,1366,64940,128514,192088,255662,57092,120666,184240,247814,49244,112818,176392,239966,41396,104970,168544,232118,48454,112028,175602,239176,
126956,31387,197962,102393,6824,173399,77830,244405,148836,53267,219842,124273,28704,195279,99710,4141,170716,75147,241722,146153,50584,217159,121590,26021,192596,97027,1458,168033,72464,239039,143470,47901,214476,118907,23338,189913,94344,260919,151519,55950,222525,
7304,14736,22168,29600,37032,44464,51896,59328,66760,74192,81624,89056,96488,103920,111352,118784,126216,133648,141080,148512,155944,163376,170808,178240,185672,193104,200536,207968,215400,222832,230264,237696,245128,252560,259992,5280,12712,20144,27576,254584,262016,
205938,54227,164660,12949,123382,233815,82104,192537,40826,151259,261692,109981,220414,68703,179136,27425,137858,248291,96580,207013,55302,165735,14024,124457,234890,83179,193612,41901,152334,623,111056,221489,69778,180211,28500,138933,249366,97655,208088,56377,95505,
155789,225170,32407,101788,171169,240550,47787,117168,186549,255930,63167,132548,201929,9166,78547,147928,217309,24546,93927,163308,232689,39926,109307,178688,248069,55306,124687,194068,1305,70686,140067,209448,16685,86066,155447,224828,32065,101446,170827,240208,47445,
115546,156650,227712,36630,107692,178754,249816,58734,129796,200858,9776,80838,151900,222962,31880,102942,174004,245066,53984,125046,196108,5026,76088,147150,218212,27130,98192,169254,240316,49234,120296,191358,276,71338,142400,213462,22380,93442,164504,235566,44484,
110904,183647,157511,230254,40853,113596,186339,259082,69681,142424,215167,25766,98509,171252,243995,54594,127337,200080,10679,83422,156165,228908,39507,112250,184993,257736,68335,141078,213821,24420,97163,169906,242649,53248,125991,198734,9333,82076,154819,227562,38161,
102900,177324,251748,158372,232796,45076,119500,193924,6204,80628,155052,229476,41756,116180,190604,2884,77308,151732,226156,38436,112860,187284,261708,73988,148412,222836,35116,109540,183964,258388,70668,145092,219516,31796,106220,180644,255068,67348,141772,216196,28476,
91534,167639,243744,57705,159233,235338,49299,125404,201509,15470,91575,167680,243785,57746,133851,209956,23917,100022,176127,252232,66193,142298,218403,32364,108469,184574,260679,74640,150745,226850,40811,116916,193021,6982,83087,159192,235297,49258,125363,201468,15429,
76806,154592,232378,48020,125806,160094,237880,53522,131308,209094,24736,102522,180308,258094,73736,151522,229308,44950,122736,200522,16164,93950,171736,249522,65164,142950,220736,36378,114164,191950,7592,85378,163164,240950,56592,134378,212164,27806,105592,183378,261164,
58716,138183,217650,34973,114440,193907,160955,240422,57745,137212,216679,34002,113469,192936,10259,89726,169193,248660,65983,145450,224917,42240,121707,201174,18497,97964,177431,256898,74221,153688,233155,50478,129945,209412,26735,106202,185669,2992,82459,161926,241393,
37264,118412,199560,18564,99712,180860,262008,161816,242964,61968,143116,224264,43268,124416,205564,24568,105716,186864,5868,87016,168164,249312,68316,149464,230612,49616,130764,211912,30916,112064,193212,12216,93364,174512,255660,74664,155812,236960,55964,137112,218260,
12450,95279,178108,260937,81622,164451,247280,67965,162677,245506,66191,149020,231849,52534,135363,218192,38877,121706,204535,25220,108049,190878,11563,94392,177221,260050,80735,163564,246393,67078,149907,232736,53421,136250,219079,39764,122593,205422,26107,108936,191765,
246418,68784,153294,237804,60170,144680,229190,51556,136066,163538,248048,70414,154924,239434,61800,146310,230820,53186,137696,222206,44572,129082,213592,35958,120468,204978,27344,111854,196364,18730,103240,187750,10116,94626,179136,1502,86012,170522,255032,77398,161908,
214880,38927,125118,211309,35356,121547,207738,31785,117976,204167,164399,250590,74637,160828,247019,71066,157257,243448,67495,153686,239877,63924,150115,236306,60353,146544,232735,56782,142973,229164,53211,139402,225593,49640,135831,222022,46069,132260,218451,42498,128689,
179980,5708,93580,181452,7180,95052,182924,8652,96524,184396,10124,165260,253132,78860,166732,254604,80332,168204,256076,81804,169676,257548,83276,171148,259020,84748,172620,260492,86220,174092,261964,87692,175564,1292,89164,177036,2764,90636,178508,4236,92108,
141718,231271,58680,148233,237786,65195,154748,244301,71710,161263,250816,78225,166121,255674,83083,172636,45,89598,179151,6560,96113,185666,13075,102628,192181,19590,109143,198696,26105,115658,205211,32620,122173,211726,39135,128688,218241,45650,135203,224756,52165,
100094,191328,20418,111652,202886,31976,123210,214444,43534,134768,226002,55092,146326,166982,258216,87306,178540,7630,98864,190098,19188,110422,201656,30746,121980,213214,42304,133538,224772,53862,145096,236330,65420,156654,247888,76978,168212,259446,88536,179770,8860,
55108,148023,240938,71709,164624,257539,88310,181225,11996,104911,197826,28597,121512,214427,167843,260758,91529,184444,15215,108130,201045,31816,124731,217646,48417,141332,234247,65018,157933,250848,81619,174534,5305,98220,191135,21906,114821,207736,38507,131422,224337,
6760,101356,195952,28404,123000,217596,50048,144644,239240,71692,166288,260884,93336,187932,20384,168704,1156,95752,190348,22800,117396,211992,44444,139040,233636,66088,160684,255280,87732,182328,14780,109376,203972,36424,131020,225616,58068,152664,247260,79712,174308,
217194,51327,147604,243881,78014,174291,8424,104701,200978,35111,131388,227665,61798,158075,254352,88485,169565,3698,99975,196252,30385,126662,222939,57072,153349,249626,83759,180036,14169,110446,206723,40856,137133,233410,67543,163820,260097,94230,190507,24640,120917,
162122,260080,95894,193852,29666,127624,225582,61396,159354,257312,93126,191084,26898,124856,222814,58628,156586,170426,6240,104198,202156,37970,135928,233886,69700,167658,3472,101430,199388,35202,133160,231118,66932,164890,704,98662,196620,32434,130392,228350,64164,
103688,203327,40822,140461,240100,77595,177234,14729,114368,214007,51502,151141,250780,88275,187914,25409,125048,224687,171287,8782,108421,208060,45555,145194,244833,82328,181967,19462,119101,218740,56235,155874,255513,93008,192647,30142,129781,229420,66915,166554,4049,
41892,143212,244532,83708,185028,24204,125524,226844,66020,167340,6516,107836,209156,48332,149652,250972,90148,191468,30644,172148,11324,112644,213964,53140,154460,255780,94956,196276,35452,136772,238092,77268,178588,17764,119084,220404,59580,160900,76,101396,202716,
238878,79735,182736,23593,126594,229595,70452,173453,14310,117311,220312,61169,164170,5027,108028,211029,51886,154887,257888,98745,173009,13866,116867,219868,60725,163726,4583,107584,210585,51442,154443,257444,98301,201302,42159,145160,248161,89018,192019,32876,135877,
170358,12896,117578,222260,64798,169480,12018,116700,221382,63920,168602,11140,115822,220504,63042,167724,10262,114944,219626,62164,166846,173870,16408,121090,225772,68310,172992,15530,120212,224894,67432,172114,14652,119334,224016,66554,171236,13774,118456,223138,65676,
98476,204839,49058,155421,261784,106003,212366,56585,162948,7167,113530,219893,64112,170475,14694,121057,227420,71639,178002,22221,128584,234947,174731,18950,125313,231676,75895,182258,26477,132840,239203,83422,189785,34004,140367,246730,90949,197312,41531,147894,254257,
23232,131276,239320,85220,193264,39164,147208,255252,101152,209196,55096,163140,9040,117084,225128,71028,179072,24972,133016,241060,86960,195004,40904,175592,21492,129536,237580,83480,191524,37424,145468,253512,99412,207456,53356,161400,7300,115344,223388,69288,177332,
206770,54351,164076,11657,121382,231107,78688,188413,35994,145719,255444,103025,212750,60331,170056,17637,127362,237087,84668,194393,41974,151699,261424,109005,176453,24034,133759,243484,91065,200790,48371,158096,5677,115402,225127,72708,182433,30014,139739,249464,97045,
124802,236208,85470,196876,46138,157544,6806,118212,229618,78880,190286,39548,150954,216,111622,223028,72290,183696,32958,144364,255770,105032,216438,65700,177106,177314,26576,137982,249388,98650,210056,59318,170724,19986,131392,242798,92060,203466,52728,164134,13396,
39472,152559,3502,116589,229676,80619,193706,44649,157736,8679,121766,234853,85796,198883,49826,162913,13856,126943,240030,90973,204060,55003,168090,19033,132120,245207,178175,29118,142205,255292,106235,219322,70265,183352,34295,147382,260469,111412,224499,75442,188529,
212924,65548,180316,32940,147708,332,115100,229868,82492,197260,49884,164652,17276,132044,246812,99436,214204,66828,181596,34220,148988,1612,116380,231148,83772,198540,51164,179036,31660,146428,261196,113820,228588,81212,195980,48604,163372,15996,130764,245532,98156,
120870,237319,91624,208073,62378,178827,33132,149581,3886,120335,236784,91089,207538,61843,178292,32597,149046,3351,119800,236249,90554,207003,61308,177757,32062,148511,2816,119265,179897,34202,150651,4956,121405,237854,92159,208608,62913,179362,33667,150116,4421,
25454,143584,261714,117700,235830,91816,209946,65932,184062,40048,158178,14164,132294,250424,106410,224540,80526,198656,54642,172772,28758,146888,2874,121004,239134,95120,213250,69236,187366,180758,36744,154874,10860,128990,247120,103106,221236,77222,195352,51338,169468,
188820,46487,166298,23965,143776,1443,121254,241065,98732,218543,76210,196021,53688,173499,31166,150977,8644,128455,248266,105933,225744,83411,203222,60889,180700,38367,158178,15845,135656,255467,181619,39286,159097,16764,136575,256386,114053,233864,91531,211342,69009,
86680,208172,67520,189012,48360,169852,29200,150692,10040,131532,253024,112372,233864,93212,214704,74052,195544,54892,176384,35732,157224,16572,138064,259556,118904,240396,99744,221236,80584,202076,61424,182480,41828,163320,22668,144160,3508,125000,246492,105840,227332,
243322,104351,227524,88553,211726,72755,195928,56957,180130,41159,164332,25361,148534,9563,132736,255909,116938,240111,101140,224313,85342,208515,69544,192717,53746,176919,37948,161121,22150,145323,6352,129525,183341,44370,167543,28572,151745,12774,135947,259120,120149,
134458,259312,122022,246876,109586,234440,97150,222004,84714,209568,72278,197132,59842,184696,47406,172260,34970,159824,22534,147388,10098,134952,259806,122516,247370,110080,234934,97644,222498,85208,210062,72772,197626,184202,46912,171766,34476,159330,22040,146894,9604,
22232,148767,13158,139693,4084,130619,257154,121545,248080,112471,239006,103397,229932,94323,220858,85249,211784,76175,202710,67101,193636,58027,184562,48953,175488,39879,166414,30805,157340,21731,148266,12657,139192,3583,185063,49454,175989,40380,166915,31306,157841,
168788,34860,163076,29148,157364,23436,151652,17724,145940,12012,140228,6300,134516,588,128804,257020,123092,251308,117380,245596,111668,239884,105956,234172,100244,228460,94532,222748,88820,217036,83108,211324,77396,205612,71684,185924,51996,180212,46284,174500,40572,
49838,179735,47488,177385,45138,175035,42788,172685,40438,170335,38088,167985,35738,165635,33388,163285,31038,160935,28688,158585,26338,156235,23988,153885,21638,151535,19288,149185,16938,146835,14588,144485,12238,142135,9888,139785,186785,54538,184435,52188,182085,
189670,59104,190682,60116,191694,61128,192706,62140,193718,63152,194730,64164,195742,65176,196754,66188,197766,67200,198778,68212,199790,69224,200802,70236,201814,71248,202826,72260,203838,73272,204850,74284,205862,75296,206874,76308,207886,187646,57080,188658,58092,
63996,197255,68370,201629,72744,206003,77118,210377,81492,214751,85866,219125,90240,223499,94614,227873,98988,232247,103362,236621,107736,240995,112110,245369,116484,249743,120858,254117,125232,258491,129606,721,133980,5095,138354,9469,142728,13843,188507,59622,192881,
197104,69900,204840,77636,212576,85372,220312,93108,228048,100844,235784,108580,243520,116316,251256,124052,258992,131788,4584,139524,12320,147260,20056,154996,27792,162732,35528,170468,43264,178204,51000,185940,58736,193676,66472,201412,74208,209148,81944,189368,62164,
64706,201327,75804,212425,86902,223523,98000,234621,109098,245719,120196,256817,131294,5771,142392,16869,153490,27967,164588,39065,175686,50163,186784,61261,197882,72359,208980,83457,220078,94555,231176,105653,242274,116751,253372,127849,2326,138947,13424,150045,190229,
24361,134794,245227,93516,203949,52238,162671,10960,121393,231826,80115,190548,38837,149270,259703,107992,218425,66714,177147,25436,135869,246302,94591,205024,53313,163746,12035,122468,232901,81190,191623,39912,150345,260778,109067,219500,67789,178222,26511,136944,247377,
218938,53162,31092,9022,249096,227026,204956,182886,160816,138746,116676,94606,72536,50466,28396,6326,246400,224330,202260,180190,158120,136050,113980,91910,69840,47770,25700,3630,243704,221634,199564,177494,155424,133354,111284,89214,67144,45074,23004,934,241008,
82928,190499,81963,189534,34961,142532,250103,95530,203101,48528,156099,1526,109097,216668,62095,169666,15093,122664,230235,75662,183233,28660,136231,243802,89229,196800,42227,149798,257369,102796,210367,55794,163365,8792,116363,223934,69361,176932,22359,129930,237501,
211924,186992,162060,110764,85832,60900,35968,11036,248248,223316,198384,173452,148520,123588,98656,73724,48792,23860,261072,236140,211208,186276,161344,136412,111480,86548,61616,36684,11752,248964,224032,199100,174168,149236,124304,99372,74440,49508,24576,261788,236856,
81638,186347,28912,133621,139565,244274,86839,191548,34113,138822,243531,86096,190805,33370,138079,242788,85353,190062,32627,137336,242045,84610,189319,31884,136593,241302,83867,188576,31141,135850,240559,83124,187833,30398,135107,239816,82381,187090,29655,134364,239073,
216358,188564,160770,132976,105182,168366,140572,112778,84984,57190,29396,1602,235952,208158,180364,152570,124776,96982,69188,41394,13600,247950,220156,192362,164568,136774,108980,81186,53392,25598,259948,232154,204360,176566,148772,120978,93184,65390,37596,9802,244152,
91796,193643,33346,135193,237040,76743,197167,36870,138717,240564,80267,182114,21817,123664,225511,65214,167061,6764,108611,210458,50161,152008,253855,93558,195405,35108,136955,238802,78505,180352,20055,121902,223749,63452,165299,5002,106849,208696,48399,150246,252093,
232240,201584,170928,140272,109616,78960,48304,225968,195312,164656,134000,103344,72688,42032,11376,242864,212208,181552,150896,120240,89584,58928,28272,259760,229104,198448,167792,137136,106480,75824,45168,14512,246000,215344,184688,154032,123376,92720,62064,31408,752,
113402,212387,49228,148213,247198,84039,183024,19865,254769,91610,190595,27436,126421,225406,62247,161232,260217,97058,196043,32884,131869,230854,67695,166680,3521,102506,201491,38332,137317,236302,73143,172128,8969,107954,206939,43780,142765,241750,78591,177576,14417,
259570,226052,192534,159016,125498,91980,58462,24944,253570,21426,250052,216534,183016,149498,115980,82462,48944,15426,244052,210534,177016,143498,109980,76462,42944,9426,238052,204534,171016,137498,103980,70462,36944,3426,232052,198534,165016,131498,97980,64462,30944,
146456,242579,76558,172681,6660,102783,198906,32885,129008,225131,50227,146350,242473,76452,172575,6554,102677,198800,32779,128902,225025,59004,155127,251250,85229,181352,15331,111454,207577,41556,137679,233802,67781,163904,260027,94006,190129,24108,120231,216354,50333,
36204,261968,225588,189208,152828,116448,80068,43688,7308,233072,196692,79028,42648,6268,232032,195652,159272,122892,86512,50132,13752,239516,203136,166756,130376,93996,57616,21236,247000,210620,174240,137860,101480,65100,28720,254484,218104,181724,145344,108964,72584,
190958,22075,115336,208597,39714,132975,226236,57353,150614,243875,74992,168253,107829,201090,32207,125468,218729,49846,143107,236368,67485,160746,254007,85124,178385,9502,102763,196024,27141,120402,213663,44780,138041,231302,62419,155680,248941,80058,173319,4436,97697,
86430,47188,7946,230848,191606,152364,113122,73880,34638,257540,218298,179056,139814,136630,97388,58146,18904,241806,202564,163322,124080,84838,45596,6354,229256,190014,150772,111530,72288,33046,255948,216706,177464,138222,98980,59738,20496,243398,204156,164914,125672,
246908,75163,165562,255961,84216,174615,2870,93269,183668,11923,102322,192721,20976,111375,165431,255830,84085,174484,2739,93138,183537,11792,102191,192590,20845,111244,201643,29898,120297,210696,38951,129350,219749,48004,138403,228802,57057,147456,237855,66110,156509,
148104,106000,63896,21792,241832,199728,157624,115520,73416,31312,251352,209248,167144,125040,82936,194232,152128,110024,67920,25816,245856,203752,161648,119544,77440,35336,255376,213272,171168,129064,86960,44856,2752,222792,180688,138584,96480,54376,12272,232312,190208,
52162,139699,227236,52629,140166,227703,53096,140633,228170,53563,141100,228637,54030,141567,229104,54497,223033,48426,135963,223500,48893,136430,223967,49360,136897,224434,49827,137364,224901,50294,137831,225368,50761,138298,225835,51228,138765,226302,51695,139232,226769,
221226,176260,131294,86328,41362,258540,213574,168608,123642,78676,33710,250888,205922,160956,115990,71024,26058,251834,206868,161902,116936,71970,27004,244182,199216,154250,109284,64318,19352,236530,191564,146598,101632,56666,11700,228878,183912,138946,93980,49014,4048,
131008,215683,38214,122889,207564,30095,114770,199445,21976,106651,191326,13857,98532,183207,5738,90413,175088,259763,18491,103166,187841,10372,95047,179722,2253,86928,171603,256278,78809,163484,248159,70690,155365,240040,62571,147246,231921,54452,139127,223802,46333,
43652,257968,210140,162312,114484,66656,18828,233144,185316,137488,89660,41832,256148,208320,160492,112664,64836,17008,231324,47292,261608,213780,165952,118124,70296,22468,236784,188956,141128,93300,45472,259788,211960,164132,116304,68476,20648,234964,187136,139308,91480,
221302,40971,122784,204597,24266,106079,187892,7561,89374,171187,253000,72669,154482,236295,55964,137777,219590,39259,121072,202885,76093,157906,239719,59388,141201,223014,42683,124496,206309,25978,107791,189604,9273,91086,172899,254712,74381,156194,238007,57676,139489,
139670,88980,38290,249744,199054,148364,97674,46984,258438,207748,157058,106368,55678,4988,216442,165752,115062,64372,13682,225136,174446,104894,54204,3514,214968,164278,113588,62898,12208,223662,172972,122282,71592,20902,232356,181666,130976,80286,29596,241050,190360,
60900,139851,218802,35609,114560,193511,10318,89269,168220,247171,63978,142929,221880,38687,117638,196589,13396,92347,171298,250249,67056,146007,133695,212646,29453,108404,187355,4162,83113,162064,241015,57822,136773,215724,32531,111482,190433,7240,86191,165142,244093,
247136,193584,140032,86480,32928,241520,187968,134416,80864,27312,235904,182352,128800,75248,21696,230288,176736,123184,69632,16080,224672,171120,117568,162496,108944,55392,1840,210432,156880,103328,49776,258368,204816,151264,97712,44160,252752,199200,145648,92096,38544,
174090,250179,64124,140213,216302,30247,106336,182425,258514,72459,148548,224637,38582,114671,190760,4705,80794,156883,232972,46917,123006,199095,13040,89129,191297,5242,81331,157420,233509,47454,123543,199632,13577,89666,165755,241844,55789,131878,207967,21912,98001,
103906,47492,253222,196808,140394,83980,27566,233296,176882,120468,64054,7640,213370,156956,100542,44128,249858,193444,137030,80616,24202,229932,173518,117104,60690,220098,163684,107270,50856,256586,200172,143758,87344,30930,236660,180246,123832,67418,11004,216734,160320,
36584,109811,183038,256265,67348,140575,213802,24885,98112,171339,244566,55649,128876,202103,13186,86413,159640,232867,43950,117177,190404,1487,74714,147941,221168,32251,248899,59982,133209,206436,17519,90746,163973,237200,48283,121510,194737,5820,79047,152274,225501,
234268,174992,115716,56440,259308,200032,140756,81480,22204,225072,165796,106520,47244,250112,190836,131560,72284,13008,215876,156600,97324,38048,240916,181640,122364,63088,3812,15556,218424,159148,99872,40596,243464,184188,124912,65636,6360,209228,149952,90676,31400,
172670,243035,51256,121621,191986,207,70572,140937,211302,19523,89888,160253,230618,38839,109204,179569,249934,58155,128520,198885,7106,77471,147836,218201,26422,96787,167152,237517,44357,114722,185087,255452,63673,134038,204403,12624,82989,153354,223719,31940,102305,
113934,51796,251802,189664,127526,65388,3250,203256,141118,78980,16842,216848,154710,92572,30434,230440,168302,106164,44026,244032,181894,119756,57618,257624,195486,133348,71210,9072,209078,73158,11020,211026,148888,86750,24612,224618,162480,100342,38204,238210,176072,
58060,125563,193066,260569,65928,133431,200934,6293,73796,141299,208802,14161,81664,149167,216670,22029,89532,157035,224538,29897,97400,164903,232406,37765,105268,172771,240274,45633,113136,180639,101959,169462,236965,42324,109827,177330,244833,50192,117695,185198,252701,
5048,202192,137192,72192,7192,204336,139336,74336,9336,206480,141480,76480,11480,208624,143624,78624,13624,210768,145768,80768,15768,212912,147912,82912,17912,215056,150056,85056,20056,217200,152200,130760,65760,760,197904,132904,67904,2904,200048,135048,70048,
217042,19539,84180,148821,213462,15959,80600,145241,209882,12379,77020,141661,206302,8799,73440,138081,202722,5219,69860,134501,199142,1639,66280,130921,195562,260203,62700,127341,191982,256623,59120,123761,159561,224202,26699,91340,155981,220622,23119,87760,152401,
169754,101892,34030,228312,160450,92588,24726,219008,151146,83284,15422,209704,141842,73980,6118,200400,132538,64676,258958,191096,123234,55372,249654,181792,113930,46068,240350,172488,104626,36764,231046,163184,95322,188362,120500,52638,246920,179058,111196,43334,237616,
125328,187107,248886,48521,110300,172079,233858,33493,95272,157051,218830,18465,80244,142023,203802,3437,65216,126995,188774,250553,50188,111967,173746,235525,35160,96939,158718,220497,20132,81911,143690,205469,5104,66883,217163,16798,78577,140356,202135,1770,63549,
83764,13040,204460,133736,63012,254432,183708,112984,42260,233680,162956,92232,21508,212928,142204,71480,756,192176,121452,50728,242148,171424,100700,29976,221396,150672,79948,9224,200644,129920,59196,250616,179892,109168,38444,245964,175240,104516,33792,225212,154488,
45062,103979,162896,221813,18586,77503,136420,195337,254254,51027,109944,168861,227778,24551,83468,142385,201302,260219,56992,115909,174826,233743,30516,89433,148350,207267,4040,62957,121874,180791,239708,36481,95398,154315,213232,10005,12621,71538,130455,189372,248289,
9222,197780,124194,50608,239166,165580,91994,18408,206966,133380,59794,248352,174766,101180,27594,216152,142566,68980,257538,183952,110366,36780,225338,151752,78166,4580,193138,119552,45966,234524,160938,87352,13766,202324,128738,55152,243710,41422,229980,156394,82808,
238388,32299,88354,144409,200464,256519,50430,106485,162540,218595,12506,68561,124616,180671,236726,30637,86692,142747,198802,254857,48768,104823,160878,216933,10844,66899,122954,179009,235064,28975,85030,141085,197140,253195,47106,103161,159216,215271,70223,126278,182333,
208272,131824,55376,241072,164624,88176,11728,197424,120976,44528,230224,153776,77328,880,186576,110128,33680,219376,142928,66480,252176,175728,99280,22832,208528,132080,55632,241328,164880,88432,11984,197680,121232,44784,230480,154032,77584,1136,186832,99024,22576,
181018,234211,25260,78453,131646,184839,238032,29081,82274,135467,188660,241853,32902,86095,139288,192481,245674,36723,89916,143109,196302,249495,40544,93737,146930,200123,253316,44365,97558,150751,203944,257137,48186,101379,154572,207765,260958,52007,105200,158393,127825,
