
1         2         3         4         5         6         7         8         9         10        11        
22        12        13        14        15        16        17        18        19        20        21        
32        33        23        24        25        26        27        28        29        30        31        
42        43        44        34        35        36        37        38        39        40        41        
52        53        54        55        45        46        47        48        49        50        51        
62        63        64        65        66        56        57        58        59        60        61        
72        73        74        75        76        77        67        68        69        70        71        
82        83        84        85        86        87        88        78        79        80        81        
92        93        94        95        96        97        98        99        89        90        91        
102       103       104       105       106       107       108       109       110       100       101       
112       113       114       115       116       117       118       119       120       121       111       
RESULT of Initial Data


4906      4972      5038      5104      5170      5236      5302      5368      5434      5500      5566      
13552     11682     11869     12056     12243     12430     12617     12804     12991     13178     13365     
21230     21538     18458     18766     19074     19382     19690     19998     20306     20614     20922     
28666     29095     29524     25234     25663     26092     26521     26950     27379     27808     28237     
35860     36410     36960     37510     32010     32560     33110     33660     34210     34760     35310     
42812     43483     44154     44825     45496     38786     39457     40128     40799     41470     42141     
49522     50314     51106     51898     52690     53482     45562     46354     47146     47938     48730     
55990     56903     57816     58729     59642     60555     61468     52338     53251     54164     55077     
62216     63250     64284     65318     66352     67386     68420     69454     59114     60148     61182     
68200     69355     70510     71665     72820     73975     75130     76285     77440     65890     67045     
73942     75218     76494     77770     79046     80322     81598     82874     84150     85426     72666     
RESULT of P*G


3305236   3362832   3420428   3478024   3535620   3593216   3650812   3708408   3766004   3823600   3881196   
9386212   7998342   8137129   8275916   8414703   8553490   8692277   8831064   8969851   9108638   9247425   
14671250  14891228  12691448  12911426  13131404  13351382  13571360  13791338  14011316  14231294  14451272  
19793906  20095075  20396244  17384554  17685723  17986892  18288061  18589230  18890399  19191568  19492737  
24754180  25136540  25518900  25901260  22077660  22460020  22842380  23224740  23607100  23989460  24371820  
29552072  30015623  30479174  30942725  31406276  26770766  27234317  27697868  28161419  28624970  29088521  
34187582  34732324  35277066  35821808  36366550  36911292  31463872  32008614  32553356  33098098  33642840  
38660710  39286643  39912576  40538509  41164442  41790375  42416308  36156978  36782911  37408844  38034777  
42971456  43678580  44385704  45092828  45799952  46507076  47214200  47921324  40850084  41557208  42264332  
47119820  47908135  48696450  49484765  50273080  51061395  51849710  52638025  53426340  45543190  46331505  
51105802  51975308  52844814  53714320  54583826  55453332  56322838  57192344  58061850  58931356  50236296  
RESULT of PG*G


506       1232      1958      2684      3410      4136      4862      5588      6314      7040      7766      
21802     1232      3289      5346      7403      9460      11517     13574     15631     17688     19745     
32450     35838     1958      5346      8734      12122     15510     18898     22286     25674     29062     
40436     45155     49874     2684      7403      12122     16841     21560     26279     30998     35717     
45760     51810     57860     63910     3410      9460      15510     21560     27610     33660     39710     
48422     55803     63184     70565     77946     4136      11517     18898     26279     33660     41041     
48422     57134     65846     74558     83270     91982     4862      13574     22286     30998     39710     
45760     55803     65846     75889     85932     95975     106018    5588      15631     25674     35717     
40436     51810     63184     74558     85932     97306     108680    120054    6314      17688     29062     
32450     45155     57860     70565     83270     95975     108680    121385    134090    7040      19745     
21802     35838     49874     63910     77946     91982     106018    120054    134090    148126    7766      
RESULT of P*Gt


352836    853292    1353748   1854204   2354660   2855116   3355572   3856028   4356484   4856940   5357396   
14921962  986392    2379949   3773506   5167063   6560620   7954177   9347734   10741291  12134848  13528405  
22199870  24486528  1619948   3906606   6193264   8479922   10766580  13053238  15339896  17626554  19913212  
27691576  30871335  34051094  2253504   5433263   8613022   11792781  14972540  18152299  21332058  24511817  
31397080  35469940  39542800  43615660  2887060   6959920   11032780  15105640  19178500  23251360  27324220  
33316382  38282343  43248304  48214265  53180226  3520616   8486577   13452538  18418499  23384460  28350421  
33449482  39308544  45167606  51026668  56885730  62744792  4154172   10013234  15872296  21731358  27590420  
31796380  38548543  45300706  52052869  58805032  65557195  72309358  4787728   11539891  18292054  25044217  
28357076  36002340  43647604  51292868  58938132  66583396  74228660  81873924  5421284   13066548  20711812  
23131570  31669935  40208300  48746665  57285030  65823395  74361760  82900125  91438490  6054840   14593205  
16119862  25551328  34982794  44414260  53845726  63277192  72708658  82140124  91571590  101003056 6688396   
RESULT of PGt*Gt


47806     48422     49038     49654     50270     50886     51502     52118     52734     53350     53966     
54692     48422     49049     49676     50303     50930     51557     52184     52811     53438     54065     
54780     55418     49038     49676     50314     50952     51590     52228     52866     53504     54142     
54846     55495     56144     49654     50303     50952     51601     52250     52899     53548     54197     
54890     55550     56210     56870     50270     50930     51590     52250     52910     53570     54230     
54912     55583     56254     56925     57596     50886     51557     52228     52899     53570     54241     
54912     55594     56276     56958     57640     58322     51502     52184     52866     53548     54230     
54890     55583     56276     56969     57662     58355     59048     52118     52811     53504     54197     
54846     55550     56254     56958     57662     58366     59070     59774     52734     53438     54142     
54780     55495     56210     56925     57640     58355     59070     59785     60500     53350     54065     
54692     55418     56144     56870     57596     58322     59048     59774     60500     61226     53966     
RESULT of Pt*G


32091136  32650882  33210628  33770374  34330120  34889866  35449612  36009358  36569104  37128850  37688596  
38189052  32517782  33084909  33652036  34219163  34786290  35353417  35920544  36487671  37054798  37621925  
38115000  38689508  32944428  33518936  34093444  34667952  35242460  35816968  36391476  36965984  37540492  
38026186  38608075  39189964  33371074  33952963  34534852  35116741  35698630  36280519  36862408  37444297  
37922610  38511880  39101150  39690420  33797720  34386990  34976260  35565530  36154800  36744070  37333340  
37804272  38400923  38997574  39594225  40190876  34224366  34821017  35417668  36014319  36610970  37207621  
37671172  38275204  38879236  39483268  40087300  40691332  34651012  35255044  35859076  36463108  37067140  
37523310  38134723  38746136  39357549  39968962  40580375  41191788  35077658  35689071  36300484  36911897  
37360686  37979480  38598274  39217068  39835862  40454656  41073450  41692244  35504304  36123098  36741892  
37183300  37809475  38435650  39061825  39688000  40314175  40940350  41566525  42192700  35930950  36557125  
36991152  37624708  38258264  38891820  39525376  40158932  40792488  41426044  42059600  42693156  36357596  
RESULT of PtG*G


4906      11682     18458     25234     32010     38786     45562     52338     59114     65890     72666     
73942     4972      11869     18766     25663     32560     39457     46354     53251     60148     67045     
68200     75218     5038      12056     19074     26092     33110     40128     47146     54164     61182     
62216     69355     76494     5104      12243     19382     26521     33660     40799     47938     55077     
55990     63250     70510     77770     5170      12430     19690     26950     34210     41470     48730     
49522     56903     64284     71665     79046     5236      12617     19998     27379     34760     42141     
42812     50314     57816     65318     72820     80322     5302      12804     20306     27808     35310     
35860     43483     51106     58729     66352     73975     81598     5368      12991     20614     28237     
28666     36410     44154     51898     59642     67386     75130     82874     5434      13178     20922     
21230     29095     36960     44825     52690     60555     68420     76285     84150     5500      13365     
13552     21538     29524     37510     45496     53482     61468     69454     77440     85426     5566      
RESULT of Pt*Gt


352836    986392    1619948   2253504   2887060   3520616   4154172   4787728   5421284   6054840   6688396   
16119862  853292    2379949   3906606   5433263   6959920   8486577   10013234  11539891  13066548  14593205  
23131570  25551328  1353748   3773506   6193264   8613022   11032780  13452538  15872296  18292054  20711812  
28357076  31669935  34982794  1854204   5167063   8479922   11792781  15105640  18418499  21731358  25044217  
31796380  36002340  40208300  44414260  2354660   6560620   10766580  14972540  19178500  23384460  27590420  
33449482  38548543  43647604  48746665  53845726  2855116   7954177   13053238  18152299  23251360  28350421  
33316382  39308544  45300706  51292868  57285030  63277192  3355572   9347734   15339896  21332058  27324220  
31397080  38282343  45167606  52052869  58938132  65823395  72708658  3856028   10741291  17626554  24511817  
27691576  35469940  43248304  51026668  58805032  66583396  74361760  82140124  4356484   12134848  19913212  
22199870  30871335  39542800  48214265  56885730  65557195  74228660  82900125  91571590  4856940   13528405  
14921962  24486528  34051094  43615660  53180226  62744792  72309358  81873924  91438490  101003056 5357396   
RESULT of PtGt*Gt

