Initial Data         3         4         5         6         7         8         9         10        11        12        13        
26        14        15        16        17        18        19        20        21        22        23        24        25        
38        39        27        28        29        30        31        32        33        34        35        36        37        
50        51        52        40        41        42        43        44        45        46        47        48        49        
62        63        64        65        53        54        55        56        57        58        59        60        61        
74        75        76        77        78        66        67        68        69        70        71        72        73        
86        87        88        89        90        91        79        80        81        82        83        84        85        
98        99        100       101       102       103       104       92        93        94        95        96        97        
110       111       112       113       114       115       116       117       105       106       107       108       109       
122       123       124       125       126       127       128       129       130       118       119       120       121       
134       135       136       137       138       139       140       141       142       143       131       132       133       
146       147       148       149       150       151       152       153       154       155       156       144       145       
158       159       160       161       162       163       164       165       166       167       168       169       157       
  
P * G

9555      9646      9737      9828      9919      10010     10101     10192     10283     10374     10465     10556     10647     
26026     22906     23166     23426     23686     23946     24206     24466     24726     24986     25246     25506     25766     
40976     41405     36257     36686     37115     37544     37973     38402     38831     39260     39689     40118     40547     
55588     56186     56784     49608     50206     50804     51402     52000     52598     53196     53794     54392     54990     
69862     70629     71396     72163     62959     63726     64493     65260     66027     66794     67561     68328     69095     
83798     84734     85670     86606     87542     76310     77246     78182     79118     80054     80990     81926     82862     
97396     98501     99606     100711    101816    102921    89661     90766     91871     92976     94081     95186     96291     
110656    111930    113204    114478    115752    117026    118300    103012    104286    105560    106834    108108    109382    
123578    125021    126464    127907    129350    130793    132236    133679    116363    117806    119249    120692    122135    
136162    137774    139386    140998    142610    144222    145834    147446    149058    129714    131326    132938    134550    
148408    150189    151970    153751    155532    157313    159094    160875    162656    164437    143065    144846    146627    
160316    162266    164216    166166    168116    170066    172016    173966    175916    177866    179816    156416    158366    
171886    174005    176124    178243    180362    182481    184600    186719    188838    190957    193076    195195    169767    

10589033  10720346  10851659  10982972  11114285  11245598  11376911  11508224  11639537  11770850  11902163  12033476  12164789  
29558438  25741742  26059800  26377858  26695916  27013974  27332032  27650090  27968148  28286206  28604264  28922322  29240380  
46447284  46952087  40894451  41399254  41904057  42408860  42913663  43418466  43923269  44428072  44932875  45437678  45942481  
62962640  63654188  64345736  56047160  56738708  57430256  58121804  58813352  59504900  60196448  60887996  61579544  62271092  
79104506  79982799  80861092  81739385  71199869  72078162  72956455  73834748  74713041  75591334  76469627  77347920  78226213  
94872882  95937920  97002958  98067996  99133034  86352578  87417616  88482654  89547692  90612730  91677768  92742806  93807844  
110267768 111519551 112771334 114023117 115274900 116526683 101505287 102757070 104008853 105260636 106512419 107764202 109015985 
125289164 126727692 128166220 129604748 131043276 132481804 133920332 116657996 118096524 119535052 120973580 122412108 123850636 
139937070 141562343 143187616 144812889 146438162 148063435 149688708 151313981 131810705 133435978 135061251 136686524 138311797 
154211486 156023504 157835522 159647540 161459558 163271576 165083594 166895612 168707630 146963414 148775432 150587450 152399468 
168112412 170111175 172109938 174108701 176107464 178106227 180104990 182103753 184102516 186101279 162116123 164114886 166113649 
181639848 183825356 186010864 188196372 190381880 192567388 194752896 196938404 199123912 201309420 203494928 177268832 179454340 
194793794 197166047 199538300 201910553 204282806 206655059 209027312 211399565 213771818 216144071 218516324 220888577 192421541 
   
P * G t

819       2002      3185      4368      5551      6734      7917      9100      10283     11466     12649     13832     15015     
42562     2002      5382      8762      12142     15522     18902     22282     25662     29042     32422     35802     39182     
64532     70109     3185      8762      14339     19916     25493     31070     36647     42224     47801     53378     58955     
82108     89882     97656     4368      12142     19916     27690     35464     43238     51012     58786     66560     74334     
95290     105261    115232    125203    5551      15522     25493     35464     45435     55406     65377     75348     85319     
104078    116246    128414    140582    152750    6734      18902     31070     43238     55406     67574     79742     91910     
108472    122837    137202    151567    165932    180297    7917      22282     36647     51012     65377     79742     94107     
108472    125034    141596    158158    174720    191282    207844    9100      25662     42224     58786     75348     91910     
104078    122837    141596    160355    179114    197873    216632    235391    10283     29042     47801     66560     85319     
95290     116246    137202    158158    179114    200070    221026    241982    262938    11466     32422     53378     74334     
82108     105261    128414    151567    174720    197873    221026    244179    267332    290485    12649     35802     58955     
64532     89882     115232    140582    165932    191282    216632    241982    267332    292682    318032    13832     39182     
42562     70109     97656     125203    152750    180297    207844    235391    262938    290485    318032    345579    15015     

935753    2273726   3611699   4949672   6287645   7625618   8963591   10301564  11639537  12977510  14315483  15653456  16991429  
47830718  2642822   6408480   10174138  13939796  17705454  21471112  25236770  29002428  32768086  36533744  40299402  44065060  
72476664  78670007  4349891   10543234  16736577  22929920  29123263  35316606  41509949  47703292  53896635  60089978  66283321  
92267240  100888268 109509296 6056960   14677988  23299016  31920044  40541072  49162100  57783128  66404156  75025184  83646212  
107202446 118251159 129299872 140348585 7764029   18812742  29861455  40910168  51958881  63007594  74056307  85105020  96153733  
117282282 130758680 144235078 157711476 171187874 9471098   22947496  36423894  49900292  63376690  76853088  90329486  103805884 
122506748 138410831 154314914 170218997 186123080 202027163 11178167  27082250  42986333  58890416  74794499  90698582  106602665 
122875844 141207612 159539380 177871148 196202916 214534684 232866452 12885236  31217004  49548772  67880540  86212308  104544076 
118389570 139149023 159908476 180667929 201427382 222186835 242946288 263705741 14592305  35351758  56111211  76870664  97630117  
109047926 132235064 155422202 178609340 201796478 224983616 248170754 271357892 294545030 16299374  39486512  62673650  85860788  
94850912  120465735 146080558 171695381 197310204 222925027 248539850 274154673 299769496 325384319 18006443  43621266  69236089  
75798528  103841036 131883544 159926052 187968560 216011068 244053576 272096084 300138592 328181100 356223608 19713512  47756020  
51890774  82360967  112831160 143301353 173771546 204241739 234711932 265182125 295652318 326122511 356592704 387062897 21420581  
   
P t * G

111891    112918    113945    114972    115999    117026    118053    119080    120107    121134    122161    123188    124215    
125398    112918    113958    114998    116038    117078    118118    119158    120198    121238    122278    123318    124358    
125528    126581    113945    114998    116051    117104    118157    119210    120263    121316    122369    123422    124475    
125632    126698    127764    114972    116038    117104    118170    119236    120302    121368    122434    123500    124566    
125710    126789    127868    128947    115999    117078    118157    119236    120315    121394    122473    123552    124631    
125762    126854    127946    129038    130130    117026    118118    119210    120302    121394    122486    123578    124670    
125788    126893    127998    129103    130208    131313    118053    119158    120263    121368    122473    123578    124683    
125788    126906    128024    129142    130260    131378    132496    119080    120198    121316    122434    123552    124670    
125762    126893    128024    129155    130286    131417    132548    133679    120107    121238    122369    123500    124631    
125710    126854    127998    129142    130286    131430    132574    133718    134862    121134    122278    123422    124566    
125632    126789    127946    129103    130260    131417    132574    133731    134888    136045    122161    123318    124475    
125528    126698    127868    129038    130208    131378    132548    133718    134888    136058    137228    123188    124358    
125398    126581    127764    128947    130130    131313    132496    133679    134862    136045    137228    138411    124215    

123670313 125205002 126739691 128274380 129809069 131343758 132878447 134413136 135947825 137482514 139017203 140551892 142086581 
143424554 124835906 126384960 127934014 129483068 131032122 132581176 134130230 135679284 137228338 138777392 140326446 141875500 
143199108 144762527 126001499 127564918 129128337 130691756 132255175 133818594 135382013 136945432 138508851 140072270 141635689 
142944932 144522716 146100500 127167092 128744876 130322660 131900444 133478228 135056012 136633796 138211580 139789364 141367148 
142662026 144254175 145846324 147438473 128332685 129924834 131516983 133109132 134701281 136293430 137885579 139477728 141069877 
142350390 143956904 145563418 147169932 148776446 129498278 131104792 132711306 134317820 135924334 137530848 139137362 140743876 
142010024 143630903 145251782 146872661 148493540 150114419 130663871 132284750 133905629 135526508 137147387 138768266 140389145 
141640928 143276172 144911416 146546660 148181904 149817148 151452392 131829464 133464708 135099952 136735196 138370440 140005684 
141243102 142892711 144542320 146191929 147841538 149491147 151140756 152790365 132995057 134644666 136294275 137943884 139593493 
140816546 142480520 144144494 145808468 147472442 149136416 150800390 152464364 154128338 134160650 135824624 137488598 139152572 
140361260 142039599 143717938 145396277 147074616 148752955 150431294 152109633 153787972 155466311 135326243 137004582 138682921 
139877244 141569948 143262652 144955356 146648060 148340764 150033468 151726172 153418876 155111580 156804284 136491836 138184540 
139364498 141071567 142778636 144485705 146192774 147899843 149606912 151313981 153021050 154728119 156435188 158142257 137657429 
    
P t * G t

9555      22906     36257     49608     62959     76310     89661     103012    116363    129714    143065    156416    169767    
171886    9646      23166     36686     50206     63726     77246     90766     104286    117806    131326    144846    158366    
160316    174005    9737      23426     37115     50804     64493     78182     91871     105560    119249    132938    146627    
148408    162266    176124    9828      23686     37544     51402     65260     79118     92976     106834    120692    134550    
136162    150189    164216    178243    9919      23946     37973     52000     66027     80054     94081     108108    122135    
123578    137774    151970    166166    180362    10010     24206     38402     52598     66794     80990     95186     109382    
110656    125021    139386    153751    168116    182481    10101     24466     38831     53196     67561     81926     96291     
97396     111930    126464    140998    155532    170066    184600    10192     24726     39260     53794     68328     82862     
83798     98501     113204    127907    142610    157313    172016    186719    10283     24986     39689     54392     69095     
69862     84734     99606     114478    129350    144222    159094    173966    188838    10374     25246     40118     54990     
55588     70629     85670     100711    115752    130793    145834    160875    175916    190957    10465     25506     40547     
40976     56186     71396     86606     101816    117026    132236    147446    162656    177866    193076    10556     25766     
26026     41405     56784     72163     87542     102921    118300    133679    149058    164437    179816    195195    10647     

935753    2642822   4349891   6056960   7764029   9471098   11178167  12885236  14592305  16299374  18006443  19713512  21420581  
51890774  2273726   6408480   10543234  14677988  18812742  22947496  27082250  31217004  35351758  39486512  43621266  47756020  
75798528  82360967  3611699   10174138  16736577  23299016  29861455  36423894  42986333  49548772  56111211  62673650  69236089  
94850912  103841036 112831160 4949672   13939796  22929920  31920044  40910168  49900292  58890416  67880540  76870664  85860788  
109047926 120465735 131883544 143301353 6287645   17705454  29123263  40541072  51958881  63376690  74794499  86212308  97630117  
118389570 132235064 146080558 159926052 173771546 7625618   21471112  35316606  49162100  63007594  76853088  90698582  104544076 
122875844 139149023 155422202 171695381 187968560 204241739 8963591   25236770  41509949  57783128  74056307  90329486  106602665 
122506748 141207612 159908476 178609340 197310204 216011068 234711932 10301564  29002428  47703292  66404156  85105020  103805884 
117282282 138410831 159539380 180667929 201796478 222925027 244053576 265182125 11639537  32768086  53896635  75025184  96153733  
107202446 130758680 154314914 177871148 201427382 224983616 248539850 272096084 295652318 12977510  36533744  60089978  83646212  
92267240  118251159 144235078 170218997 196202916 222186835 248170754 274154673 300138592 326122511 14315483  40299402  66283321  
72476664  100888268 129299872 157711476 186123080 214534684 242946288 271357892 299769496 328181100 356592704 15653456  44065060  
47830718  78670007  109509296 140348585 171187874 202027163 232866452 263705741 294545030 325384319 356223608 387062897 16991429  
