Initial Data         3         4         5         6         7         8         9         10        11        12        13        14        
28        15        16        17        18        19        20        21        22        23        24        25        26        27        
41        42        29        30        31        32        33        34        35        36        37        38        39        40        
54        55        56        43        44        45        46        47        48        49        50        51        52        53        
67        68        69        70        57        58        59        60        61        62        63        64        65        66        
80        81        82        83        84        71        72        73        74        75        76        77        78        79        
93        94        95        96        97        98        85        86        87        88        89        90        91        92        
106       107       108       109       110       111       112       99        100       101       102       103       104       105       
119       120       121       122       123       124       125       126       113       114       115       116       117       118       
132       133       134       135       136       137       138       139       140       127       128       129       130       131       
145       146       147       148       149       150       151       152       153       154       141       142       143       144       
158       159       160       161       162       163       164       165       166       167       168       155       156       157       
171       172       173       174       175       176       177       178       179       180       181       182       169       170       
184       185       186       187       188       189       190       191       192       193       194       195       196       183       
  
P * G

12845     12950     13055     13160     13265     13370     13475     13580     13685     13790     13895     14000     14105     14210     
34790     30877     31178     31479     31780     32081     32382     32683     32984     33285     33586     33887     34188     34489     
54873     55370     48909     49406     49903     50400     50897     51394     51891     52388     52885     53382     53879     54376     
74564     75257     75950     66941     67634     68327     69020     69713     70406     71099     71792     72485     73178     73871     
93863     94752     95641     96530     84973     85862     86751     87640     88529     89418     90307     91196     92085     92974     
112770    113855    114940    116025    117110    103005    104090    105175    106260    107345    108430    109515    110600    111685    
131285    132566    133847    135128    136409    137690    121037    122318    123599    124880    126161    127442    128723    130004    
149408    150885    152362    153839    155316    156793    158270    139069    140546    142023    143500    144977    146454    147931    
167139    168812    170485    172158    173831    175504    177177    178850    157101    158774    160447    162120    163793    165466    
184478    186347    188216    190085    191954    193823    195692    197561    199430    175133    177002    178871    180740    182609    
201425    203490    205555    207620    209685    211750    213815    215880    217945    220010    193165    195230    197295    199360    
217980    220241    222502    224763    227024    229285    231546    233807    236068    238329    240590    211197    213458    215719    
234143    236600    239057    241514    243971    246428    248885    251342    253799    256256    258713    261170    229229    231686    
249914    252567    255220    257873    260526    263179    265832    268485    271138    273791    276444    279097    281750    247261    

17757845  17947230  18136615  18326000  18515385  18704770  18894155  19083540  19272925  19462310  19651695  19841080  20030465  20219850  
49223930  43248233  43707902  44167571  44627240  45086909  45546578  46006247  46465916  46925585  47385254  47844923  48304592  48764261  
77498057  78228010  68738621  69468574  70198527  70928480  71658433  72388386  73118339  73848292  74578245  75308198  76038151  76768104  
105231616 106231853 107232090 94229009  95229246  96229483  97229720  98229957  99230194  100230431 101230668 102230905 103231142 104231379 
132424607 133695128 134965649 136236170 119719397 120989918 122260439 123530960 124801481 126072002 127342523 128613044 129883565 131154086 
159077030 160617835 162158640 163699445 165240250 145209785 146750590 148291395 149832200 151373005 152913810 154454615 155995420 157536225 
185188885 186999974 188811063 190622152 192433241 194244330 170700173 172511262 174322351 176133440 177944529 179755618 181566707 183377796 
210760172 212841545 214922918 217004291 219085664 221167037 223248410 196190561 198271934 200353307 202434680 204516053 206597426 208678799 
235790891 238142548 240494205 242845862 245197519 247549176 249900833 252252490 221680949 224032606 226384263 228735920 231087577 233439234 
260281042 262902983 265524924 268146865 270768806 273390747 276012688 278634629 281256570 247171337 249793278 252415219 255037160 257659101 
284230625 287122850 290015075 292907300 295799525 298691750 301583975 304476200 307368425 310260650 272661725 275553950 278446175 281338400 
307639640 310802149 313964658 317127167 320289676 323452185 326614694 329777203 332939712 336102221 339264730 298152113 301314622 304477131 
330508087 333940880 337373673 340806466 344239259 347672052 351104845 354537638 357970431 361403224 364836017 368268810 323642501 327075294 
352835966 356539043 360242120 363945197 367648274 371351351 375054428 378757505 382460582 386163659 389866736 393569813 397272890 349132889 
   
P * G t

1015      2485      3955      5425      6895      8365      9835      11305     12775     14245     15715     17185     18655     20125     
57267     2485      6699      10913     15127     19341     23555     27769     31983     36197     40411     44625     48839     53053     
87451     94409     3955      10913     17871     24829     31787     38745     45703     52661     59619     66577     73535     80493     
112147    121849    131551    5425      15127     24829     34531     44233     53935     63637     73339     83041     92743     102445    
131355    143801    156247    168693    6895      19341     31787     44233     56679     69125     81571     94017     106463    118909    
145075    160265    175455    190645    205835    8365      23555     38745     53935     69125     84315     99505     114695    129885    
153307    171241    189175    207109    225043    242977    9835      27769     45703     63637     81571     99505     117439    135373    
156051    176729    197407    218085    238763    259441    280119    11305     31983     52661     73339     94017     114695    135373    
153307    176729    200151    223573    246995    270417    293839    317261    12775     36197     59619     83041     106463    129885    
145075    171241    197407    223573    249739    275905    302071    328237    354403    14245     40411     66577     92743     118909    
131355    160265    189175    218085    246995    275905    304815    333725    362635    391545    15715     44625     73535     102445    
112147    143801    175455    207109    238763    270417    302071    333725    365379    397033    428687    17185     48839     80493     
87451     121849    156247    190645    225043    259441    293839    328237    362635    397033    431431    465829    18655     53053     
57267     94409     131551    168693    205835    242977    280119    317261    354403    391545    428687    465829    502971    20125     

1444275   3515995   5587715   7659435   9731155   11802875  13874595  15946315  18018035  20089755  22161475  24233195  26304915  28376635  
80219713  4095665   9951361   15807057  21662753  27518449  33374145  39229841  45085537  50941233  56796929  62652625  68508321  74364017  
122423119 132062791 6747055   16386727  26026399  35666071  45305743  54945415  64585087  74224759  83864431  93504103  103143775 112783447 
157058573 170482221 183905869 9398445   22822093  36245741  49669389  63093037  76516685  89940333  103363981 116787629 130211277 143634925 
184126075 201333699 218541323 235748947 12049835  29257459  46465083  63672707  80880331  98087955  115295579 132503203 149710827 166918451 
203625625 224617225 245608825 266600425 287592025 14701225  35692825  56684425  77676025  98667625  119659225 140650825 161642425 182634025 
215557223 240332799 265108375 289883951 314659527 339435103 17352615  42128191  66903767  91679343  116454919 141230495 166006071 190781647 
219920869 248480421 277039973 305599525 334159077 362718629 391278181 20004005  48563557  77123109  105682661 134242213 162801765 191361317 
216716563 249060091 281403619 313747147 346090675 378434203 410777731 443121259 22655395  54998923  87342451  119685979 152029507 184373035 
205944305 242071809 278199313 314326817 350454321 386581825 422709329 458836833 494964337 25306785  61434289  97561793  133689297 169816801 
187604095 227515575 267427055 307338535 347250015 387161495 427072975 466984455 506895935 546807415 27958175  67869655  107781135 147692615 
161695933 205391389 249086845 292782301 336477757 380173213 423868669 467564125 511259581 554955037 598650493 30609565  74305021  118000477 
128219819 175699251 223178683 270658115 318137547 365616979 413096411 460575843 508055275 555534707 603014139 650493571 33260955  80740387  
87175753  138439161 189702569 240965977 292229385 343492793 394756201 446019609 497283017 548546425 599809833 651073241 702336649 35912345  
   
P t * G

163086    164374    165662    166950    168238    169526    170814    172102    173390    174678    175966    177254    178542    179830    
181300    164374    165676    166978    168280    169582    170884    172186    173488    174790    176092    177394    178696    179998    
181454    182770    165662    166978    168294    169610    170926    172242    173558    174874    176190    177506    178822    180138    
181580    182910    184240    166950    168280    169610    170940    172270    173600    174930    176260    177590    178920    180250    
181678    183022    184366    185710    168238    169582    170926    172270    173614    174958    176302    177646    178990    180334    
181748    183106    184464    185822    187180    169526    170884    172242    173600    174958    176316    177674    179032    180390    
181790    183162    184534    185906    187278    188650    170814    172186    173558    174930    176302    177674    179046    180418    
181804    183190    184576    185962    187348    188734    190120    172102    173488    174874    176260    177646    179032    180418    
181790    183190    184590    185990    187390    188790    190190    191590    173390    174790    176190    177590    178990    180390    
181748    183162    184576    185990    187404    188818    190232    191646    193060    174678    176092    177506    178920    180334    
181678    183106    184534    185962    187390    188818    190246    191674    193102    194530    175966    177394    178822    180250    
181580    183022    184464    185906    187348    188790    190232    191674    193116    194558    196000    177254    178696    180138    
181454    182910    184366    185822    187278    188734    190190    191646    193102    194558    196014    197470    178542    179998    
181300    182770    184240    185710    187180    188650    190120    191590    193060    194530    196000    197470    198940    179830    

224940184 227340596 229741008 232141420 234541832 236942244 239342656 241743068 244143480 246543892 248944304 251344716 253745128 256145540 
258217260 226760926 229180644 231600362 234020080 236439798 238859516 241279234 243698952 246118670 248538388 250958106 253377824 255797542 
257849956 260288980 228581668 231020692 233459716 235898740 238337764 240776788 243215812 245654836 248093860 250532884 252971908 255410932 
257444040 259902370 262360700 230402410 232860740 235319070 237777400 240235730 242694060 245152390 247610720 250069050 252527380 254985710 
256999512 259477148 261954784 264432420 232223152 234700788 237178424 239656060 242133696 244611332 247088968 249566604 252044240 254521876 
256516372 259013314 261510256 264007198 266504140 234043894 236540836 239037778 241534720 244031662 246528604 249025546 251522488 254019430 
255994620 258510868 261027116 263543364 266059612 268575860 235864636 238380884 240897132 243413380 245929628 248445876 250962124 253478372 
255434256 257969810 260505364 263040918 265576472 268112026 270647580 237685378 240220932 242756486 245292040 247827594 250363148 252898702 
254835280 257390140 259945000 262499860 265054720 267609580 270164440 272719300 239506120 242060980 244615840 247170700 249725560 252280420 
254197692 256771858 259346024 261920190 264494356 267068522 269642688 272216854 274791020 241326862 243901028 246475194 249049360 251623526 
253521492 256114964 258708436 261301908 263895380 266488852 269082324 271675796 274269268 276862740 243147604 245741076 248334548 250928020 
252806680 255419458 258032236 260645014 263257792 265870570 268483348 271096126 273708904 276321682 278934460 244968346 247581124 250193902 
252053256 254685340 257317424 259949508 262581592 265213676 267845760 270477844 273109928 275742012 278374096 281006180 246789088 249421172 
251261220 253912610 256564000 259215390 261866780 264518170 267169560 269820950 272472340 275123730 277775120 280426510 283077900 248609830 
    
P t * G t

12845     30877     48909     66941     84973     103005    121037    139069    157101    175133    193165    211197    229229    247261    
249914    12950     31178     49406     67634     85862     104090    122318    140546    158774    177002    195230    213458    231686    
234143    252567    13055     31479     49903     68327     86751     105175    123599    142023    160447    178871    197295    215719    
217980    236600    255220    13160     31780     50400     69020     87640     106260    124880    143500    162120    180740    199360    
201425    220241    239057    257873    13265     32081     50897     69713     88529     107345    126161    144977    163793    182609    
184478    203490    222502    241514    260526    13370     32382     51394     70406     89418     108430    127442    146454    165466    
167139    186347    205555    224763    243971    263179    13475     32683     51891     71099     90307     109515    128723    147931    
149408    168812    188216    207620    227024    246428    265832    13580     32984     52388     71792     91196     110600    130004    
131285    150885    170485    190085    209685    229285    248885    268485    13685     33285     52885     72485     92085     111685    
112770    132566    152362    172158    191954    211750    231546    251342    271138    13790     33586     53382     73178     92974     
93863     113855    133847    153839    173831    193823    213815    233807    253799    273791    13895     33887     53879     73871     
74564     94752     114940    135128    155316    175504    195692    215880    236068    256256    276444    14000     34188     54376     
54873     75257     95641     116025    136409    156793    177177    197561    217945    238329    258713    279097    14105     34489     
34790     55370     75950     96530     117110    137690    158270    178850    199430    220010    240590    261170    281750    14210     

1444275   4095665   6747055   9398445   12049835  14701225  17352615  20004005  22655395  25306785  27958175  30609565  33260955  35912345  
87175753  3515995   9951361   16386727  22822093  29257459  35692825  42128191  48563557  54998923  61434289  67869655  74305021  80740387  
128219819 138439161 5587715   15807057  26026399  36245741  46465083  56684425  66903767  77123109  87342451  97561793  107781135 118000477 
161695933 175699251 189702569 7659435   21662753  35666071  49669389  63672707  77676025  91679343  105682661 119685979 133689297 147692615 
187604095 205391389 223178683 240965977 9731155   27518449  45305743  63093037  80880331  98667625  116454919 134242213 152029507 169816801 
205944305 227515575 249086845 270658115 292229385 11802875  33374145  54945415  76516685  98087955  119659225 141230495 162801765 184373035 
216716563 242071809 267427055 292782301 318137547 343492793 13874595  39229841  64585087  89940333  115295579 140650825 166006071 191361317 
219920869 249060091 278199313 307338535 336477757 365616979 394756201 15946315  45085537  74224759  103363981 132503203 161642425 190781647 
215557223 248480421 281403619 314326817 347250015 380173213 413096411 446019609 18018035  50941233  83864431  116787629 149710827 182634025 
203625625 240332799 277039973 313747147 350454321 387161495 423868669 460575843 497283017 20089755  56796929  93504103  130211277 166918451 
184126075 224617225 265108375 305599525 346090675 386581825 427072975 467564125 508055275 548546425 22161475  62652625  103143775 143634925 
157058573 201333699 245608825 289883951 334159077 378434203 422709329 466984455 511259581 555534707 599809833 24233195  68508321  112783447 
122423119 170482221 218541323 266600425 314659527 362718629 410777731 458836833 506895935 554955037 603014139 651073241 26304915  74364017  
80219713  132062791 183905869 235748947 287592025 339435103 391278181 443121259 494964337 546807415 598650493 650493571 702336649 28376635  
