Initial Data         3         4         5         6         7         8         9         10        11        12        13        14        15        16        17        
34        18        19        20        21        22        23        24        25        26        27        28        29        30        31        32        33        
50        51        35        36        37        38        39        40        41        42        43        44        45        46        47        48        49        
66        67        68        52        53        54        55        56        57        58        59        60        61        62        63        64        65        
82        83        84        85        69        70        71        72        73        74        75        76        77        78        79        80        81        
98        99        100       101       102       86        87        88        89        90        91        92        93        94        95        96        97        
114       115       116       117       118       119       103       104       105       106       107       108       109       110       111       112       113       
130       131       132       133       134       135       136       120       121       122       123       124       125       126       127       128       129       
146       147       148       149       150       151       152       153       137       138       139       140       141       142       143       144       145       
162       163       164       165       166       167       168       169       170       154       155       156       157       158       159       160       161       
178       179       180       181       182       183       184       185       186       187       171       172       173       174       175       176       177       
194       195       196       197       198       199       200       201       202       203       204       188       189       190       191       192       193       
210       211       212       213       214       215       216       217       218       219       220       221       205       206       207       208       209       
226       227       228       229       230       231       232       233       234       235       236       237       238       222       223       224       225       
242       243       244       245       246       247       248       249       250       251       252       253       254       255       239       240       241       
258       259       260       261       262       263       264       265       266       267       268       269       270       271       272       256       257       
274       275       276       277       278       279       280       281       282       283       284       285       286       287       288       289       273       
  
P * G

27897     28050     28203     28356     28509     28662     28815     28968     29121     29274     29427     29580     29733     29886     30039     30192     30345     
74562     67490     67932     68374     68816     69258     69700     70142     70584     71026     71468     71910     72352     72794     73236     73678     74120     
118048    118779    107083    107814    108545    109276    110007    110738    111469    112200    112931    113662    114393    115124    115855    116586    117317    
160956    161976    162996    146676    147696    148716    149736    150756    151776    152796    153816    154836    155856    156876    157896    158916    159936    
203286    204595    205904    207213    186269    187578    188887    190196    191505    192814    194123    195432    196741    198050    199359    200668    201977    
245038    246636    248234    249832    251430    225862    227460    229058    230656    232254    233852    235450    237048    238646    240244    241842    243440    
286212    288099    289986    291873    293760    295647    265455    267342    269229    271116    273003    274890    276777    278664    280551    282438    284325    
326808    328984    331160    333336    335512    337688    339864    305048    307224    309400    311576    313752    315928    318104    320280    322456    324632    
366826    369291    371756    374221    376686    379151    381616    384081    344641    347106    349571    352036    354501    356966    359431    361896    364361    
406266    409020    411774    414528    417282    420036    422790    425544    428298    384234    386988    389742    392496    395250    398004    400758    403512    
445128    448171    451214    454257    457300    460343    463386    466429    469472    472515    423827    426870    429913    432956    435999    439042    442085    
483412    486744    490076    493408    496740    500072    503404    506736    510068    513400    516732    463420    466752    470084    473416    476748    480080    
521118    524739    528360    531981    535602    539223    542844    546465    550086    553707    557328    560949    503013    506634    510255    513876    517497    
558246    562156    566066    569976    573886    577796    581706    585616    589526    593436    597346    601256    605166    542606    546516    550426    554336    
594796    598995    603194    607393    611592    615791    619990    624189    628388    632587    636786    640985    645184    649383    582199    586398    590597    
630768    635256    639744    644232    648720    653208    657696    662184    666672    671160    675648    680136    684624    689112    693600    621792    626280    
666162    670939    675716    680493    685270    690047    694824    699601    704378    709155    713932    718709    723486    728263    733040    737817    661385    

68884017  69379074  69874131  70369188  70864245  71359302  71854359  72349416  72844473  73339530  73834587  74329644  74824701  75319758  75814815  76309872  76804929  
187804338 168485266 169692708 170900150 172107592 173315034 174522476 175729918 176937360 178144802 179352244 180559686 181767128 182974570 184182012 185389454 186596896 
296883920 298803747 268086515 270006342 271926169 273845996 275765823 277685650 279605477 281525304 283445131 285364958 287284785 289204612 291124439 293044266 294964093 
404538732 407170944 409803156 367687764 370319976 372952188 375584400 378216612 380848824 383481036 386113248 388745460 391377672 394009884 396642096 399274308 401906520 
510768774 514113371 517457968 520802565 467289013 470633610 473978207 477322804 480667401 484011998 487356595 490701192 494045789 497390386 500734983 504079580 507424177 
615574046 619631028 623688010 627744992 631801974 566890262 570947244 575004226 579061208 583118190 587175172 591232154 595289136 599346118 603403100 607460082 611517064 
718954548 723723915 728493282 733262649 738032016 742801383 666491511 671260878 676030245 680799612 685568979 690338346 695107713 699877080 704646447 709415814 714185181 
820910280 826392032 831873784 837355536 842837288 848319040 853800792 766092760 771574512 777056264 782538016 788019768 793501520 798983272 804465024 809946776 815428528 
921441242 927635379 933829516 940023653 946217790 952411927 958606064 964800201 865694009 871888146 878082283 884276420 890470557 896664694 902858831 909052968 915247105 
102054743410274539561034360478104126700010481735221055080044106198656610688930881075799610965295258 972201780 979108302 986014824 992921346 999827868 10067343901013640912
11182288561125847763113346667011410855771148704484115632339111639422981171561205117918011211867990191064896507107251541410801343211087753228109537213511029910421110609949
12144855081222816800123114809212394793841247810676125614196812644732601272804552128113584412894671361297798428116449775611728290481181160340118949163211978229241206154216
13093173901318361067132740474413364484211345492098135453577513635794521372623129138166680613907104831399754160140879783712640990051273142682128218635912912300361300273713
14027245021412480564142223662614319926881441748750145150481214612608741471016936148077299814905290601500285122151004118415197972461363700254137345631613832123781392968440
14947068441505175291151564373815261121851536580632154704907915575175261567985973157845442015889228671599391314160985976116203282081630796655146330150314737699501484238397
15852644161596445248160762608016188069121629987744164116857616523494081663530240167471107216858919041697072736170825356817194344001730615232174179606415629027521574083584
16743972181686290435169818365217100768691721970086173386330317457565201757649737176954295417814361711793329388180522260518171158221829009039184090225618527954731662504001
   
P * G t

1785      4386      6987      9588      12189     14790     17391     19992     22593     25194     27795     30396     32997     35598     38199     40800     43401     
124610    4386      11900     19414     26928     34442     41956     49470     56984     64498     72012     79526     87040     94554     102068    109582    117096    
193392    205819    6987      19414     31841     44268     56695     69122     81549     93976     106403    118830    131257    143684    156111    168538    180965    
252348    269688    287028    9588      26928     44268     61608     78948     96288     113628    130968    148308    165648    182988    200328    217668    235008    
301478    323731    345984    368237    12189     34442     56695     78948     101201    123454    145707    167960    190213    212466    234719    256972    279225    
340782    367948    395114    422280    449446    14790     41956     69122     96288     123454    150620    177786    204952    232118    259284    286450    313616    
370260    402339    434418    466497    498576    530655    17391     49470     81549     113628    145707    177786    209865    241944    274023    306102    338181    
389912    426904    463896    500888    537880    574872    611864    19992     56984     93976     130968    167960    204952    241944    278936    315928    352920    
399738    441643    483548    525453    567358    609263    651168    693073    22593     64498     106403    148308    190213    232118    274023    315928    357833    
399738    446556    493374    540192    587010    633828    680646    727464    774282    25194     72012     118830    165648    212466    259284    306102    352920    
389912    441643    493374    545105    596836    648567    700298    752029    803760    855491    27795     79526     131257    182988    234719    286450    338181    
370260    426904    483548    540192    596836    653480    710124    766768    823412    880056    936700    30396     87040     143684    200328    256972    313616    
340782    402339    463896    525453    587010    648567    710124    771681    833238    894795    956352    1017909   32997     94554     156111    217668    279225    
301478    367948    434418    500888    567358    633828    700298    766768    833238    899708    966178    1032648   1099118   35598     102068    168538    235008    
252348    323731    395114    466497    537880    609263    680646    752029    823412    894795    966178    1037561   1108944   1180327   38199     109582    180965    
193392    269688    345984    422280    498576    574872    651168    727464    803760    880056    956352    1032648   1108944   1185240   1261536   40800     117096    
124610    205819    287028    368237    449446    530655    611864    693073    774282    855491    936700    1017909   1099118   1180327   1261536   1342745   43401     

4517937   11047314  17576691  24106068  30635445  37164822  43694199  50223576  56752953  63282330  69811707  76341084  82870461  89399838  95929215  102458592 108987969 
311172658 12933906  31573828  50213750  68853672  87493594  106133516 124773438 143413360 162053282 180693204 199333126 217973048 236612970 255252892 273892814 292532736 
482606880 513357347 21349875  52100342  82850809  113601276 144351743 175102210 205852677 236603144 267353611 298104078 328854545 359605012 390355479 421105946 451856413 
629820012 672681024 715542036 29765844  72626856  115487868 158348880 201209892 244070904 286931916 329792928 372653940 415514952 458375964 501236976 544097988 586959000 
752812054 807783611 862755168 917726725 38181813  93153370  148124927 203096484 258068041 313039598 368011155 422982712 477954269 532925826 587897383 642868940 697840497 
851583006 918665108 985747210 1052829312111991141446597782  113679884 180761986 247844088 314926190 382008292 449090394 516172496 583254598 650336700 717418802 784500904 
926132868 1005325515108451816211637108091242903456132209610355013751  134206398 213399045 292591692 371784339 450976986 530169633 609362280 688554927 767747574 846940221 
976461640 10677648321159068024125037121613416744081432977600152428079263429720  154732912 246036104 337339296 428642488 519945680 611248872 702552064 793855256 885158448 
1002569322110598305912093967961312810533141622427015196380071623051744172646548171845689  175259426 278673163 382086900 485500637 588914374 692328111 795741848 899155585 
10044559141119980196123550447813510287601466553042158207732416976016061813125888192865017080261658  195785940 311310222 426834504 542358786 657883068 773407350 888931632 
982121416 11097562431237391070136502589714926607241620295551174793037818755652052003200032213083485988677627  216312454 343947281 471582108 599216935 726851762 854486589 
935565828 10753112001215056572135480194414945473161634292688177403806019137834322053528804-2101693120-196194774897093596  236838968 376584340 516329712 656075084 795820456 
864789150 10166450671168500984132035690114722128181624068735177592465219277805692079636486-2063474893-1911618976-1759763059105509565 257365482 409221399 561077316 712933233 
769791382 933757844 1097724306126169076814256572301589623692175359015419175566162081523078-2049477756-1885511294-1721544832-1557578370113925534 277891996 441858458 605824920 
650572524 826649531 1002726538117880354513548805521530957559170703456618831115732059188580-2059701709-1883624702-1707547695-1531470688-1355393681122341503 298418510 474495517 
507132576 695320128 883507680 107169523212598827841448070336163625788818244454402012632992-2094146752-1905959200-1717771648-1529584096-1341396544-1153208992130757472 318945024 
339471538 539769635 740067732 940365829 114066392613409620231541260120174155821719418563142142154411-1952514788-1752216691-1551918594-1351620497-1151322400-951024303139173441 
   
P t * G

436985    439314    441643    443972    446301    448630    450959    453288    455617    457946    460275    462604    464933    467262    469591    471920    474249    
476850    439314    441660    444006    446352    448698    451044    453390    455736    458082    460428    462774    465120    467466    469812    472158    474504    
477088    479451    441643    444006    446369    448732    451095    453458    455821    458184    460547    462910    465273    467636    469999    472362    474725    
477292    479672    482052    443972    446352    448732    451112    453492    455872    458252    460632    463012    465392    467772    470152    472532    474912    
477462    479859    482256    484653    446301    448698    451095    453492    455889    458286    460683    463080    465477    467874    470271    472668    475065    
477598    480012    482426    484840    487254    448630    451044    453458    455872    458286    460700    463114    465528    467942    470356    472770    475184    
477700    480131    482562    484993    487424    489855    450959    453390    455821    458252    460683    463114    465545    467976    470407    472838    475269    
477768    480216    482664    485112    487560    490008    492456    453288    455736    458184    460632    463080    465528    467976    470424    472872    475320    
477802    480267    482732    485197    487662    490127    492592    495057    455617    458082    460547    463012    465477    467942    470407    472872    475337    
477802    480284    482766    485248    487730    490212    492694    495176    497658    457946    460428    462910    465392    467874    470356    472838    475320    
477768    480267    482766    485265    487764    490263    492762    495261    497760    500259    460275    462774    465273    467772    470271    472770    475269    
477700    480216    482732    485248    487764    490280    492796    495312    497828    500344    502860    462604    465120    467636    470152    472668    475184    
477598    480131    482664    485197    487730    490263    492796    495329    497862    500395    502928    505461    464933    467466    469999    472532    475065    
477462    480012    482562    485112    487662    490212    492762    495312    497862    500412    502962    505512    508062    467262    469812    472362    474912    
477292    479859    482426    484993    487560    490127    492694    495261    497828    500395    502962    505529    508096    510663    469591    472158    474725    
477088    479672    482256    484840    487424    490008    492592    495176    497760    500344    502928    505512    508096    510680    513264    471920    474504    
476850    479451    482052    484653    487254    489855    492456    495057    497658    500259    502860    505461    508062    510663    513264    515865    474249    

10772859371085031426109277691511005224041108267893111601338211237588711131504360113924984911469953381154740827116248631611702318051177977294118572278311934682721201213761
12077431381083144834109093222810987196221106507016111429441011220818041129869198113765659211454439861153231380116101877411688061681176593562118438095611921683501199955744
12064432161214272515108900373110968330301104662329111249162811203209271128150226113597952511438088241151638123115946742211672967211175126020118295531911907846181198613917
12050594841212930688122080189210948626281102733832111060503611184762401126347444113421864811420898521149961056115783226011657034641173574668118144587211893170761197188280
12035919421211505051121941816012273312691100721525110863463411165477431124460852113237396111402870701148200179115611328811640263971171939506117985261511877657241195678833
12020405901209995604121795061812259056321233860646110658042211145354361122490450113044546411384004781146355492115431050611622655201170220534117817554811861305621194085576
12004054281208402347121639926612243961851232393104124039002311124393191120436238112843315711364300761144426995115242391411604208331168417752117641467111844115901192408509
11986864561206725280121476410412228029281230841752123888057612469194001118298216112633704011343758641142414688115045351211584923361166531160117456998411826088081190647632
11968836741204964403121304513212211258611229206590123728731912453680481253448777112415711311322378421140318571114839930011564800291164560758117264148711807222161188802945
11949970821203119716121124235012193649841227487618123561025212437328861251855520125997815411300160101138138644114626127811543839121162506546117062918011787518141186874448
11930266801201191219120935575812175202971225684836123384937512420139141250178453125834299212665075311135874907114403944611522039851160368524116853306311766976021184862141
11909724681199178912120738535612155918001223798244123200468812402111321248417576125662402012648304641273036908114173380411499402481158146692116635313611745595801182766024
11888344461197082795120533114412135794931221827842123007619112383245401246572889125482123812630695871271317936127956628511475927011155841050116408939911723377481180586097
11866126141194902868120319312212114833761219773630122806388412363541381244644392125293464612612249001269515154127780540812860956621153451598116174185211700321061178322360
11843069721192639131120097129012093034491217635608122596776712342999261242632085125096424412592964031267628562127596072112842928801292625039115931049511676426541175974813
11819175201190291584119866564812070397121215413776122378784012321619041240535968124891003212572840961265658160127403222412824062881290780352129915441611651693921173543456
11794442581187860227119627619612046921651213108134122152410312299400721238356041124677201012551879791263603948127201991712804358861288851855129726782413056837931171028289
    
P t * G t

27897     67490     107083    146676    186269    225862    265455    305048    344641    384234    423827    463420    503013    542606    582199    621792    661385    
666162    28050     67932     107814    147696    187578    227460    267342    307224    347106    386988    426870    466752    506634    546516    586398    626280    
630768    670939    28203     68374     108545    148716    188887    229058    269229    309400    349571    389742    429913    470084    510255    550426    590597    
594796    635256    675716    28356     68816     109276    149736    190196    230656    271116    311576    352036    392496    432956    473416    513876    554336    
558246    598995    639744    680493    28509     69258     110007    150756    191505    232254    273003    313752    354501    395250    435999    476748    517497    
521118    562156    603194    644232    685270    28662     69700     110738    151776    192814    233852    274890    315928    356966    398004    439042    480080    
483412    524739    566066    607393    648720    690047    28815     70142     111469    152796    194123    235450    276777    318104    359431    400758    442085    
445128    486744    528360    569976    611592    653208    694824    28968     70584     112200    153816    195432    237048    278664    320280    361896    403512    
406266    448171    490076    531981    573886    615791    657696    699601    29121     71026     112931    154836    196741    238646    280551    322456    364361    
366826    409020    451214    493408    535602    577796    619990    662184    704378    29274     71468     113662    155856    198050    240244    282438    324632    
326808    369291    411774    454257    496740    539223    581706    624189    666672    709155    29427     71910     114393    156876    199359    241842    284325    
286212    328984    371756    414528    457300    500072    542844    585616    628388    671160    713932    29580     72352     115124    157896    200668    243440    
245038    288099    331160    374221    417282    460343    503404    546465    589526    632587    675648    718709    29733     72794     115855    158916    201977    
203286    246636    289986    333336    376686    420036    463386    506736    550086    593436    636786    680136    723486    29886     73236     116586    159936    
160956    204595    248234    291873    335512    379151    422790    466429    510068    553707    597346    640985    684624    728263    30039     73678     117317    
118048    161976    205904    249832    293760    337688    381616    425544    469472    513400    557328    601256    645184    689112    733040    30192     74120     
74562     118779    162996    207213    251430    295647    339864    384081    428298    472515    516732    560949    605166    649383    693600    737817    30345     

4517937   12933906  21349875  29765844  38181813  46597782  55013751  63429720  71845689  80261658  88677627  97093596  105509565 113925534 122341503 130757472 139173441 
339471538 11047314  31573828  52100342  72626856  93153370  113679884 134206398 154732912 175259426 195785940 216312454 236838968 257365482 277891996 298418510 318945024 
507132576 539769635 17576691  50213750  82850809  115487868 148124927 180761986 213399045 246036104 278673163 311310222 343947281 376584340 409221399 441858458 474495517 
650572524 695320128 740067732 24106068  68853672  113601276 158348880 203096484 247844088 292591692 337339296 382086900 426834504 471582108 516329712 561077316 605824920 
769791382 826649531 883507680 940365829 30635445  87493594  144351743 201209892 258068041 314926190 371784339 428642488 485500637 542358786 599216935 656075084 712933233 
864789150 933757844 10027265381071695232114066392637164822  106133516 175102210 244070904 313039598 382008292 450976986 519945680 588914374 657883068 726851762 795820456 
935565828 1016645067109772430611788035451259882784134096202343694199  124773438 205852677 286931916 368011155 449090394 530169633 611248872 692328111 773407350 854486589 
982121416 10753112001168500984126169076813548805521448070336154126012050223576  143413360 236603144 329792928 422982712 516172496 609362280 702552064 795741848 888931632 
1004455914110975624312150565721320356901142565723015309575591636257888174155821756752953  162053282 267353611 372653940 477954269 583254598 688554927 793855256 899155585 
10025693221119980196123739107013548019441472212818158962369217070345661824445440194185631463282330  180693204 298104078 415514952 532925826 650336700 767747574 885158448 
976461640 11059830591235504478136502589714945473161624068735175359015418831115732012632992214215441169811707  199333126 328854545 458375964 587897383 717418802 846940221 
926132868 10677648321209396796135102876014926607241634292688177592465219175566162059188580-2094146752-195251478876341084  217973048 359605012 501236976 642868940 784500904 
851583006 10053255151159068024131281053314665530421620295551177403806019277805692081523078-2059701709-1905959200-175221669182870461  236612970 390355479 544097988 697840497 
752812054 918665108 1084518162125037121614162242701582077324174793037819137834322079636486-2049477756-1883624702-1717771648-155191859489399838  255252892 421105946 586959000 
629820012 807783611 985747210 116371080913416744081519638007169760160618755652052053528804-2063474893-1885511294-1707547695-1529584096-135162049795929215  273892814 451856413 
482606880 672681024 862755168 105282931212429034561432977600162305174418131258882003200032-2101693120-1911618976-1721544832-1531470688-1341396544-1151322400102458592 292532736 
311172658 513357347 715542036 917726725 111991141413220961031524280792172646548119286501702130834859-1961947748-1759763059-1557578370-1355393681-1153208992-951024303108987969 
