Initial Data         3         4         5         6         7         8         9         10        11        12        13        14        15        16        17        18        
36        19        20        21        22        23        24        25        26        27        28        29        30        31        32        33        34        35        
53        54        37        38        39        40        41        42        43        44        45        46        47        48        49        50        51        52        
70        71        72        55        56        57        58        59        60        61        62        63        64        65        66        67        68        69        
87        88        89        90        73        74        75        76        77        78        79        80        81        82        83        84        85        86        
104       105       106       107       108       91        92        93        94        95        96        97        98        99        100       101       102       103       
121       122       123       124       125       126       109       110       111       112       113       114       115       116       117       118       119       120       
138       139       140       141       142       143       144       127       128       129       130       131       132       133       134       135       136       137       
155       156       157       158       159       160       161       162       145       146       147       148       149       150       151       152       153       154       
172       173       174       175       176       177       178       179       180       163       164       165       166       167       168       169       170       171       
189       190       191       192       193       194       195       196       197       198       181       182       183       184       185       186       187       188       
206       207       208       209       210       211       212       213       214       215       216       199       200       201       202       203       204       205       
223       224       225       226       227       228       229       230       231       232       233       234       217       218       219       220       221       222       
240       241       242       243       244       245       246       247       248       249       250       251       252       235       236       237       238       239       
257       258       259       260       261       262       263       264       265       266       267       268       269       270       253       254       255       256       
274       275       276       277       278       279       280       281       282       283       284       285       286       287       288       271       272       273       
291       292       293       294       295       296       297       298       299       300       301       302       303       304       305       306       289       290       
308       309       310       311       312       313       314       315       316       317       318       319       320       321       322       323       324       307       
  
P * G

35055     35226     35397     35568     35739     35910     36081     36252     36423     36594     36765     36936     37107     37278     37449     37620     37791     37962     
93366     84951     85446     85941     86436     86931     87426     87921     88416     88911     89406     89901     90396     90891     91386     91881     92376     92871     
147951    148770    134847    135666    136485    137304    138123    138942    139761    140580    141399    142218    143037    143856    144675    145494    146313    147132    
201888    203031    204174    184743    185886    187029    188172    189315    190458    191601    192744    193887    195030    196173    197316    198459    199602    200745    
255177    256644    258111    259578    234639    236106    237573    239040    240507    241974    243441    244908    246375    247842    249309    250776    252243    253710    
307818    309609    311400    313191    314982    284535    286326    288117    289908    291699    293490    295281    297072    298863    300654    302445    304236    306027    
359811    361926    364041    366156    368271    370386    334431    336546    338661    340776    342891    345006    347121    349236    351351    353466    355581    357696    
411156    413595    416034    418473    420912    423351    425790    384327    386766    389205    391644    394083    396522    398961    401400    403839    406278    408717    
461853    464616    467379    470142    472905    475668    478431    481194    434223    436986    439749    442512    445275    448038    450801    453564    456327    459090    
511902    514989    518076    521163    524250    527337    530424    533511    536598    484119    487206    490293    493380    496467    499554    502641    505728    508815    
561303    564714    568125    571536    574947    578358    581769    585180    588591    592002    534015    537426    540837    544248    547659    551070    554481    557892    
610056    613791    617526    621261    624996    628731    632466    636201    639936    643671    647406    583911    587646    591381    595116    598851    602586    606321    
658161    662220    666279    670338    674397    678456    682515    686574    690633    694692    698751    702810    633807    637866    641925    645984    650043    654102    
705618    710001    714384    718767    723150    727533    731916    736299    740682    745065    749448    753831    758214    683703    688086    692469    696852    701235    
752427    757134    761841    766548    771255    775962    780669    785376    790083    794790    799497    804204    808911    813618    733599    738306    743013    747720    
798588    803619    808650    813681    818712    823743    828774    833805    838836    843867    848898    853929    858960    863991    869022    783495    788526    793557    
844101    849456    854811    860166    865521    870876    876231    881586    886941    892296    897651    903006    908361    913716    919071    924426    833391    838746    
888966    894645    900324    906003    911682    917361    923040    928719    934398    940077    945756    951435    957114    962793    968472    974151    979830    883287    

102692853 103350006 104007159 104664312 105321465 105978618 106635771 107292924 107950077 108607230 109264383 109921536 110578689 111235842 111892995 112550148 113207301 113864454 
278746758 251464257 253069110 254673963 256278816 257883669 259488522 261093375 262698228 264303081 265907934 267512787 269117640 270722493 272327346 273932199 275537052 277141905 
441076509 443629062 400235661 402788214 405340767 407893320 410445873 412998426 415550979 418103532 420656085 423208638 425761191 428313744 430866297 433418850 435971403 438523956 
601510860 605011113 608511366 549007065 552507318 556007571 559507824 563008077 566508330 570008583 573508836 577009089 580509342 584009595 587509848 591010101 594510354 598010607 
760049811 764497764 768945717 773393670 697778469 702226422 706674375 711122328 715570281 720018234 724466187 728914140 733362093 737810046 742257999 746705952 751153905 755601858 
916693362 922089015 927484668 932880321 938275974 846549873 851945526 857341179 862736832 868132485 873528138 878923791 884319444 889715097 895110750 900506403 905902056 911297709 
107144151310777848661084128219109047157210968149251103158278995321277 10016646301008007983101435133610206946891027038042103338139510397247481046068101105241145410587548071065098160
122429426412315853171238876370124616742312534584761260749529126804058211440926811151383734115867478711659658401173256893118054794611878389991195130052120242110512097121581217003211
137525161513834903681391729121139996787414082066271416445380142468413314329228861292864085130110283813093415911317580344132581909713340578501342296603135053535613587741091367012862
152431356615335000191542686472155187292515610593781570245831157943228415886187371597805190144163548914508219421460008395146919484814783813011487567754149675420715059406601515127113
167148011716816142701691748423170188257617120167291722150882173228503517424191881752553341176268749415904068931600541046161067519916208093521630943505164107765816512118111661345964
181675126818278331211838914974184999682718610786801872160533188324238618943242391905406092191648794519275697981739178297175026015017613420031772423856178350570917945875621805669415
196012701919721565721984186125199621567820082452312020274784203230433720443338902056363443206839299620804225492092452102188794970118999792541912008807192403836019360679131948097466
2101607370211458462321275618762140539129-2141450914-2128473661-2115496408-2102519155-2089541902-2076564649-2063587396-2050610143-203763289020367211052049698358206267561120756528642088630117
-2053774975-2039850022-2025925069-2012000116-1998075163-1984150210-1970225257-1956300304-1942375351-1928450398-1914525445-1900600492-1886675539-1872750586-2109474787-2095549834-2081624881-2067699928
-1916085424-1901212771-1886340118-1871467465-1856594812-1841722159-1826849506-1811976853-1797104200-1782231547-1767358894-1752486241-1737613588-1722740935-1707868282-1960703383-1945830730-1930958077
-1780291273-1764470920-1748650567-1732830214-1717009861-1701189508-1685369155-1669548802-1653728449-1637908096-1622087743-1606267390-1590447037-1574626684-1558806331-1542985978-1811931979-1796111626
-1646392522-1629624469-1612856416-1596088363-1579320310-1562552257-1545784204-1529016151-1512248098-1495480045-1478711992-1461943939-1445175886-1428407833-1411639780-1394871727-1378103674-1663160575
   
P * G t

2109      5187      8265      11343     14421     17499     20577     23655     26733     29811     32889     35967     39045     42123     45201     48279     51357     54435     
156657    5187      14097     23007     31917     40827     49737     58647     67557     76467     85377     94287     103197    112107    121017    129927    138837    147747    
244137    258879    8265      23007     37749     52491     67233     81975     96717     111459    126201    140943    155685    170427    185169    199911    214653    229395    
319953    340527    361101    11343     31917     52491     73065     93639     114213    134787    155361    175935    196509    217083    237657    258231    278805    299379    
384105    410511    436917    463323    14421     40827     67233     93639     120045    146451    172857    199263    225669    252075    278481    304887    331293    357699    
436593    468831    501069    533307    565545    17499     49737     81975     114213    146451    178689    210927    243165    275403    307641    339879    372117    404355    
477417    515487    553557    591627    629697    667767    20577     58647     96717     134787    172857    210927    248997    287067    325137    363207    401277    439347    
506577    550479    594381    638283    682185    726087    769989    23655     67557     111459    155361    199263    243165    287067    330969    374871    418773    462675    
524073    573807    623541    673275    723009    772743    822477    872211    26733     76467     126201    175935    225669    275403    325137    374871    424605    474339    
529905    585471    641037    696603    752169    807735    863301    918867    974433    29811     85377     140943    196509    252075    307641    363207    418773    474339    
524073    585471    646869    708267    769665    831063    892461    953859    1015257   1076655   32889     94287     155685    217083    278481    339879    401277    462675    
506577    573807    641037    708267    775497    842727    909957    977187    1044417   1111647   1178877   35967     103197    170427    237657    304887    372117    439347    
477417    550479    623541    696603    769665    842727    915789    988851    1061913   1134975   1208037   1281099   39045     112107    185169    258231    331293    404355    
436593    515487    594381    673275    752169    831063    909957    988851    1067745   1146639   1225533   1304427   1383321   42123     121017    199911    278805    357699    
384105    468831    553557    638283    723009    807735    892461    977187    1061913   1146639   1231365   1316091   1400817   1485543   45201     129927    214653    299379    
319953    410511    501069    591627    682185    772743    863301    953859    1044417   1134975   1225533   1316091   1406649   1497207   1587765   48279     138837    229395    
244137    340527    436917    533307    629697    726087    822477    918867    1015257   1111647   1208037   1304427   1400817   1497207   1593597   1689987   51357     147747    
156657    258879    361101    463323    565545    667767    769989    872211    974433    1076655   1178877   1281099   1383321   1485543   1587765   1689987   1792209   54435     

6325803   15485931  24646059  33806187  42966315  52126443  61286571  70446699  79606827  88766955  97927083  107087211 116247339 125407467 134567595 143727723 152887851 162047979 
463872933 18154557  44373285  70592013  96810741  123029469 149248197 175466925 201685653 227904381 254123109 280341837 306560565 332779293 358998021 385216749 411435477 437654205 
722420559 765697887 29983311  73260639  116537967 159815295 203092623 246369951 289647279 332924607 376201935 419479263 462756591 506033919 549311247 592588575 635865903 679143231 
946850985 1007186913106752284141812065  102147993 162483921 222819849 283155777 343491705 403827633 464163561 524499489 584835417 645171345 705507273 765843201 826179129 886515057 
113716421112145587391291953267136934779553640819  131035347 208429875 285824403 363218931 440613459 518007987 595402515 672797043 750191571 827586099 904980627 982375155 1059769683
1293360237138781336514822664931576719621167117274965469573  159922701 254375829 348828957 443282085 537735213 632188341 726641469 821094597 915547725 101000085311044539811198907109
14154390631526950791163846251917499742471861485975197299770377298327  188810055 300321783 411833511 523345239 634856967 746368695 857880423 969392151 108090387911924156071303927335
150340068916319710171760541345188911167320176820012146252329-202014463989127081  217697409 346267737 474838065 603408393 731978721 860549049 989119377 111768970512462600331374830361
15572451151702874043184850297119941318992139760827-2009577541-1863948613-1718319685100955835 246584763 392213691 537842619 683471547 829100475 974729403 112035833112659872591411616187
1576972341173965986919023473972065034925-2067244843-1904557315-1741869787-1579182259-1416494731112784589 275472117 438159645 600847173 763534701 926222229 108890975712515972851414284813
1562582367174232849519220746232101820751-2013400417-1833654289-1653908161-1474162033-1294415905-1114669777124613343 304359471 484105599 663851727 843597855 102334398312030901111382836239
1514075193171087992119076846492104489377-1993673191-1796868463-1600063735-1403259007-1206454279-1009649551-812844823136442097 333246825 530051553 726856281 923661009 11204657371317270465
1431450819164531414718591774752073040803-2008063165-1794199837-1580336509-1366473181-1152609853-938746525-724883197-511019869148270851 362134179 575997507 789860835 10037241631217587491
1314709245154563117317765531012007475029-2056570339-1825648411-1594726483-1363804555-1132882627-901960699-671038771-440116843-209194915160099605 391021533 621943461 852865389 1083787317
1163850471141183099916598115271907792055-2139194713-1891214185-1643233657-1395253129-1147272601-899292073-651311545-403331017-15535048992630039  171928359 419908887 667889415 915869943 
978874497 1243913625150895275317739918812039031009-1990897159-1725858031-1460818903-1195779775-930740647-665701519-400662391-135623263129415865 394454993 183757113 448796241 713835369 
759781323 1041879051132397677916060745071888172235-2124697333-1842599605-1560501877-1278404149-996306421-714208693-432110965-150013237132084491 414182219 696279947 195585867 477683595 
506570949 805727277 1104883605140403993317031962612002352589-1993458379-1694302051-1395145723-1095989395-796833067-497676739-198520411100635917 399792245 698948573 998104901 207414621 
   
P t * G

583866    586638    589410    592182    594954    597726    600498    603270    606042    608814    611586    614358    617130    619902    622674    625446    628218    630990    
634068    586638    589428    592218    595008    597798    600588    603378    606168    608958    611748    614538    617328    620118    622908    625698    628488    631278    
634338    637146    589410    592218    595026    597834    600642    603450    606258    609066    611874    614682    617490    620298    623106    625914    628722    631530    
634572    637398    640224    592182    595008    597834    600660    603486    606312    609138    611964    614790    617616    620442    623268    626094    628920    631746    
634770    637614    640458    643302    594954    597798    600642    603486    606330    609174    612018    614862    617706    620550    623394    626238    629082    631926    
634932    637794    640656    643518    646380    597726    600588    603450    606312    609174    612036    614898    617760    620622    623484    626346    629208    632070    
635058    637938    640818    643698    646578    649458    600498    603378    606258    609138    612018    614898    617778    620658    623538    626418    629298    632178    
635148    638046    640944    643842    646740    649638    652536    603270    606168    609066    611964    614862    617760    620658    623556    626454    629352    632250    
635202    638118    641034    643950    646866    649782    652698    655614    606042    608958    611874    614790    617706    620622    623538    626454    629370    632286    
635220    638154    641088    644022    646956    649890    652824    655758    658692    608814    611748    614682    617616    620550    623484    626418    629352    632286    
635202    638154    641106    644058    647010    649962    652914    655866    658818    661770    611586    614538    617490    620442    623394    626346    629298    632250    
635148    638118    641088    644058    647028    649998    652968    655938    658908    661878    664848    614358    617328    620298    623268    626238    629208    632178    
635058    638046    641034    644022    647010    649998    652986    655974    658962    661950    664938    667926    617130    620118    623106    626094    629082    632070    
634932    637938    640944    643950    646956    649962    652968    655974    658980    661986    664992    667998    671004    619902    622908    625914    628920    631926    
634770    637794    640818    643842    646866    649890    652914    655938    658962    661986    665010    668034    671058    674082    622674    625698    628722    631746    
634572    637614    640656    643698    646740    649782    652824    655866    658908    661950    664992    668034    671076    674118    677160    625446    628488    631530    
634338    637398    640458    643518    646578    649638    652698    655758    658818    661878    664938    667998    671058    674118    677178    680238    628218    631278    
634068    637146    640224    643302    646380    649458    652536    655614    658692    661770    664848    667926    671004    674082    677160    680238    683316    630990    

170796502817188987321729832436174076614017516998441762633548177356725217845009561795434660180636836418173020681828235772183916947618501031801861036884187197058818829042921893837996
190299812417162301061727216460173820281417491891681760175522177116187617821482301793134584180412093818151072921826093646183708000018480663541859052708187003906218810254161892011770
190111924819121582521724495184173553418817465731921757612196176865120017796902041790729208180176821218128072161823846220183488522418459242281856963232186800223618790412401890080244
189913507219102267261921318380173276026217438519161754943570176603522417771268781788218532179931018618104018401821493494183258514818436768021854768456186586011018769517641888043418
189704559619081899001919334204193047850817410253401752169644176331394817744582521785602556179674686018078911641819035468183017977218413240761852468380186361268418747569881885901292
189485082019060477741917244728192844168219396386361749290418176048737217716843261782881280179407823418052751881816472142182766909618388660501850063004186125995818724569121883653866
189255074419038003481915049952192629955619375491601948798764175755549617688051001780054704179130430818025539121813803516182505312018363027241847552328185880193218700515361881301140
189014536819014476221912749876192405213019353543841946656638195795889217658205741777122828178842508217997273361811029590182233184418336340981844936352185623860618675408601878843114
188763469218989895961910344500192169940419330543081944409212195576411619671190201774085652178544055617967954601808150364181950526818308601721842215076185356998018649248841876279788
188501871618964262701907833824191924137819306489321942056486195346404019648715941976279148178235073017937582841805165838181657339218279809461839388500185079605418622036081873611162
188229744018937576441905217848191667805219281382561939598460195105866419625188681973979072198543927617906158081802076012181353621618249964201836456624184791682818593770321870837236
187947086418909837181902496572191400942619255222801937035134194854798819600608421971573696198308655019945994041798880886181039374018219065941833419448184493230218564451561867958010
187653898818881044921899669996191123550019228010041934366508194593201219574975161969063020198062852419921940282003759532180714596418187114681830276972184184247618534079801864973484
187350181218851199661896738120190835627419199744281931592582194321073619548288901966447044197806519819896833522001301506201291966018154110421827029196183864735018502655041861883658
187035933618820301401893700944190537174819170425521928713356194038416019520549641963725768197539657219870673761998738180201040898420220797881823676120183534692418470177281858688532
186711156018788350141890558468190228192219140053761925728830193745228419491757381960899192197262264619843461001996069554200779300820195164622031239916183194119818436646521855388106
186375848418755345881887310692189908679619108629001922639004193441510819461912121957967316196974342019815195241993295628200507173220168478362028623940204040004418402062761851982380
186030010818721288621883957616189578637019076151241919443878193127263219431013861954930140196675889419785876481990416402200224515620140739102025902664203773141820495601721848471354
    
P t * G t

35055     84951     134847    184743    234639    284535    334431    384327    434223    484119    534015    583911    633807    683703    733599    783495    833391    883287    
888966    35226     85446     135666    185886    236106    286326    336546    386766    436986    487206    537426    587646    637866    688086    738306    788526    838746    
844101    894645    35397     85941     136485    187029    237573    288117    338661    389205    439749    490293    540837    591381    641925    692469    743013    793557    
798588    849456    900324    35568     86436     137304    188172    239040    289908    340776    391644    442512    493380    544248    595116    645984    696852    747720    
752427    803619    854811    906003    35739     86931     138123    189315    240507    291699    342891    394083    445275    496467    547659    598851    650043    701235    
705618    757134    808650    860166    911682    35910     87426     138942    190458    241974    293490    345006    396522    448038    499554    551070    602586    654102    
658161    710001    761841    813681    865521    917361    36081     87921     139761    191601    243441    295281    347121    398961    450801    502641    554481    606321    
610056    662220    714384    766548    818712    870876    923040    36252     88416     140580    192744    244908    297072    349236    401400    453564    505728    557892    
561303    613791    666279    718767    771255    823743    876231    928719    36423     88911     141399    193887    246375    298863    351351    403839    456327    508815    
511902    564714    617526    670338    723150    775962    828774    881586    934398    36594     89406     142218    195030    247842    300654    353466    406278    459090    
461853    514989    568125    621261    674397    727533    780669    833805    886941    940077    36765     89901     143037    196173    249309    302445    355581    408717    
411156    464616    518076    571536    624996    678456    731916    785376    838836    892296    945756    36936     90396     143856    197316    250776    304236    357696    
359811    413595    467379    521163    574947    628731    682515    736299    790083    843867    897651    951435    37107     90891     144675    198459    252243    306027    
307818    361926    416034    470142    524250    578358    632466    686574    740682    794790    848898    903006    957114    37278     91386     145494    199602    253710    
255177    309609    364041    418473    472905    527337    581769    636201    690633    745065    799497    853929    908361    962793    37449     91881     146313    200745    
201888    256644    311400    366156    420912    475668    530424    585180    639936    694692    749448    804204    858960    913716    968472    37620     92376     147132    
147951    203031    258111    313191    368271    423351    478431    533511    588591    643671    698751    753831    808911    863991    919071    974151    37791     92871     
93366     148770    204174    259578    314982    370386    425790    481194    536598    592002    647406    702810    758214    813618    869022    924426    979830    37962     

6325803   18154557  29983311  41812065  53640819  65469573  77298327  89127081  100955835 112784589 124613343 136442097 148270851 160099605 171928359 183757113 195585867 207414621 
506570949 15485931  44373285  73260639  102147993 131035347 159922701 188810055 217697409 246584763 275472117 304359471 333246825 362134179 391021533 419908887 448796241 477683595 
759781323 805727277 24646059  70592013  116537967 162483921 208429875 254375829 300321783 346267737 392213691 438159645 484105599 530051553 575997507 621943461 667889415 713835369 
978874497 1041879051110488360533806187  96810741  159815295 222819849 285824403 348828957 411833511 474838065 537842619 600847173 663851727 726856281 789860835 852865389 915869943 
116385047112439136251323976779140403993342966315  123029469 203092623 283155777 363218931 443282085 523345239 603408393 683471547 763534701 843597855 923661009 10037241631083787317
1314709245141183099915089527531606074507170319626152126443  149248197 246369951 343491705 440613459 537735213 634856967 731978721 829100475 926222229 102334398311204657371217587491
14314508191545631173165981152717739918811888172235200235258961286571  175466925 289647279 403827633 518007987 632188341 746368695 860549049 974729403 108890975712030901111317270465
15140751931645314147177655310119077920552039031009-2124697333-199345837970446699  201685653 332924607 464163561 595402515 726641469 857880423 989119377 112035833112515972851382836239
1562582367171087992118591774752007475029-2139194713-1990897159-1842599605-169430205179606827  227904381 376201935 524499489 672797043 821094597 969392151 111768970512659872591414284813
1576972341174232849519076846492073040803-2056570339-1891214185-1725858031-1560501877-139514572388766955  254123109 419479263 584835417 750191571 915547725 108090387912462600331411616187
1557245115173965986919220746232104489377-2008063165-1825648411-1643233657-1460818903-1278404149-109598939597927083  280341837 462756591 645171345 827586099 101000085311924156071374830361
1503400689170287404319023473972101820751-1993673191-1794199837-1594726483-1395253129-1195779775-996306421-796833067107087211 306560565 506033919 705507273 904980627 11044539811303927335
1415439063163197101718485029712065034925-2013400417-1796868463-1580336509-1363804555-1147272601-930740647-714208693-497676739116247339 332779293 549311247 765843201 982375155 1198907109
1293360237152695079117605413451994131899-2067244843-1833654289-1600063735-1366473181-1132882627-899292073-665701519-432110965-198520411125407467 358998021 592588575 826179129 1059769683
11371642111387813365163846251918891116732139760827-1904557315-1653908161-1403259007-1152609853-901960699-651311545-400662391-150013237100635917 134567595 385216749 635865903 886515057 
946850985 1214558739148226649317499742472017682001-2009577541-1741869787-1474162033-1206454279-938746525-671038771-403331017-135623263132084491 399792245 143727723 411435477 679143231 
722420559 10071869131291953267157671962118614859752146252329-1863948613-1579182259-1294415905-1009649551-724883197-440116843-155350489129415865 414182219 698948573 152887851 437654205 
463872933 765697887 1067522841136934779516711727491972997703-2020144639-1718319685-1416494731-1114669777-812844823-511019869-20919491592630039  394454993 696279947 998104901 162047979 
