
1         2         3         4         5         6         7         8         9         10        11        12        13        14        15        16        17        18        19        
38        20        21        22        23        24        25        26        27        28        29        30        31        32        33        34        35        36        37        
56        57        39        40        41        42        43        44        45        46        47        48        49        50        51        52        53        54        55        
74        75        76        58        59        60        61        62        63        64        65        66        67        68        69        70        71        72        73        
92        93        94        95        77        78        79        80        81        82        83        84        85        86        87        88        89        90        91        
110       111       112       113       114       96        97        98        99        100       101       102       103       104       105       106       107       108       109       
128       129       130       131       132       133       115       116       117       118       119       120       121       122       123       124       125       126       127       
146       147       148       149       150       151       152       134       135       136       137       138       139       140       141       142       143       144       145       
164       165       166       167       168       169       170       171       153       154       155       156       157       158       159       160       161       162       163       
182       183       184       185       186       187       188       189       190       172       173       174       175       176       177       178       179       180       181       
200       201       202       203       204       205       206       207       208       209       191       192       193       194       195       196       197       198       199       
218       219       220       221       222       223       224       225       226       227       228       210       211       212       213       214       215       216       217       
236       237       238       239       240       241       242       243       244       245       246       247       229       230       231       232       233       234       235       
254       255       256       257       258       259       260       261       262       263       264       265       266       248       249       250       251       252       253       
272       273       274       275       276       277       278       279       280       281       282       283       284       285       267       268       269       270       271       
290       291       292       293       294       295       296       297       298       299       300       301       302       303       304       286       287       288       289       
308       309       310       311       312       313       314       315       316       317       318       319       320       321       322       323       305       306       307       
326       327       328       329       330       331       332       333       334       335       336       337       338       339       340       341       342       324       325       
344       345       346       347       348       349       350       351       352       353       354       355       356       357       358       359       360       361       343       
RESULT of Initial Data


43510     43700     43890     44080     44270     44460     44650     44840     45030     45220     45410     45600     45790     45980     46170     46360     46550     46740     46930     
115520    105602    106153    106704    107255    107806    108357    108908    109459    110010    110561    111112    111663    112214    112765    113316    113867    114418    114969    
183198    184110    167694    168606    169518    170430    171342    172254    173166    174078    174990    175902    176814    177726    178638    179550    180462    181374    182286    
250154    251427    252700    229786    231059    232332    233605    234878    236151    237424    238697    239970    241243    242516    243789    245062    246335    247608    248881    
316388    318022    319656    321290    291878    293512    295146    296780    298414    300048    301682    303316    304950    306584    308218    309852    311486    313120    314754    
381900    383895    385890    387885    389880    353970    355965    357960    359955    361950    363945    365940    367935    369930    371925    373920    375915    377910    379905    
446690    449046    451402    453758    456114    458470    416062    418418    420774    423130    425486    427842    430198    432554    434910    437266    439622    441978    444334    
510758    513475    516192    518909    521626    524343    527060    478154    480871    483588    486305    489022    491739    494456    497173    499890    502607    505324    508041    
574104    577182    580260    583338    586416    589494    592572    595650    540246    543324    546402    549480    552558    555636    558714    561792    564870    567948    571026    
636728    640167    643606    647045    650484    653923    657362    660801    664240    602338    605777    609216    612655    616094    619533    622972    626411    629850    633289    
698630    702430    706230    710030    713830    717630    721430    725230    729030    732830    664430    668230    672030    675830    679630    683430    687230    691030    694830    
759810    763971    768132    772293    776454    780615    784776    788937    793098    797259    801420    726522    730683    734844    739005    743166    747327    751488    755649    
820268    824790    829312    833834    838356    842878    847400    851922    856444    860966    865488    870010    788614    793136    797658    802180    806702    811224    815746    
880004    884887    889770    894653    899536    904419    909302    914185    919068    923951    928834    933717    938600    850706    855589    860472    865355    870238    875121    
939018    944262    949506    954750    959994    965238    970482    975726    980970    986214    991458    996702    1001946   1007190   912798    918042    923286    928530    933774    
997310    1002915   1008520   1014125   1019730   1025335   1030940   1036545   1042150   1047755   1053360   1058965   1064570   1070175   1075780   974890    980495    986100    991705    
1054880   1060846   1066812   1072778   1078744   1084710   1090676   1096642   1102608   1108574   1114540   1120506   1126472   1132438   1138404   1144370   1036982   1042948   1048914   
1111728   1118055   1124382   1130709   1137036   1143363   1149690   1156017   1162344   1168671   1174998   1181325   1187652   1193979   1200306   1206633   1212960   1099074   1105401   
1167854   1174542   1181230   1187918   1194606   1201294   1207982   1214670   1221358   1228046   1234734   1241422   1248110   1254798   1261486   1268174   1274862   1281550   1161166   
RESULT of P*G


149836660 150695840 151555020 152414200 153273380 154132560 154991740 155850920 156710100 157569280 158428460 159287640 160146820 161006000 161865180 162724360 163583540 164442720 165301900 
405092540 367280678 369381337 371481996 373582655 375683314 377783973 379884632 381985291 384085950 386186609 388287268 390387927 392488586 394589245 396689904 398790563 400891222 402991881 
641541042 644883180 584724696 588066834 591408972 594751110 598093248 601435386 604777524 608119662 611461800 614803938 618146076 621488214 624830352 628172490 631514628 634856766 638198904 
875506586 880090203 884673820 802168714 806752331 811335948 815919565 820503182 825086799 829670416 834254033 838837650 843421267 848004884 852588501 857172118 861755735 866339352 870922969 
1106989172111281426811186393641124464460101961273210254378281031262924103708802010429131161048738212105456330810603884041066213500107203859610778636921083688788108951388410953389801101164076
1335988800134305537513501219501357188525136425510012370567501244123325125118990012582564751265323050127238962512794562001286522775129358935013006559251307722500131478907513218556501328922225
1562505470157081352415791215781587429632159573768616040457401454500768146280882214711168761479424930148773298414960410381504349092151265714615209652001529273254153758130815458893621554197416
1786539182179608871518056382481815187781182473731418342868471843836380167194478616814943191691043852170059338517101429181719692451172924198417387915171748341050175789058317674401161776989649
2008089936201888094820296719602040462972205125398420620449962072836008208362702018893888041900179816191097082819217618401932552852194334386419541348761964925888197571690019865079121997298924
-2067809564-2055777073-2043744582-2031712091-2019679600-2007647109-1995614618-1983582127-19715496362106832822211886531321308978042142930295-2140004510-2127972019-2115939528-2103907037-2091874546-2079842055
-1851224726-1837950756-1824676786-1811402816-1798128846-1784854876-1771580906-1758306936-1745032966-1731758996-1970690456-1957416486-1944142516-1930868546-1917594576-1904320606-1891046636-1877772666-1864498696
-1637122846-1622607397-1608091948-1593576499-1579061050-1564545601-1550030152-1535514703-1520999254-1506483805-1491968356-1753246438-1738730989-1724215540-1709700091-1695184642-1680669193-1666153744-1651638295
-1425503924-1409746996-1393990068-1378233140-1362476212-1346719284-1330962356-1315205428-1299448500-1283691572-1267934644-1252177716-1535802420-1520045492-1504288564-1488531636-1472774708-1457017780-1441260852
-1216367960-1199369553-1182371146-1165372739-1148374332-1131375925-1114377518-1097379111-1080380704-1063382297-1046383890-1029385483-1012387076-1318358402-1301359995-1284361588-1267363181-1250364774-1233366367
-1009714954-991475068-973235182-954995296-936755410-918515524-900275638-882035752-863795866-845555980-827316094-809076208-790836322-772596436-1100914384-1082674498-1064434612-1046194726-1027954840
-805544906-786063541-766582176-747100811-727619446-708138081-688656716-669175351-649693986-630212621-610731256-591249891-571768526-552287161-532805796-883470366-863989001-844507636-825026271
-603857816-583134972-562412128-541689284-520966440-500243596-479520752-458797908-438075064-417352220-396629376-375906532-355183688-334460844-313738000-293015156-666026348-645303504-624580660
-404653684-382689361-360725038-338760715-316796392-294832069-272867746-250903423-228939100-206974777-185010454-163046131-141081808-119117485-97153162 -75188839 -53224516 -448582330-426618007
-207932510-184726708-161520906-138315104-115109302-91903500 -68697698 -45491896 -22286094 919708    24125510  47331312  70537114  93742916  116948718 140154520 163360322 186566124 -231138312
RESULT of PG*G


2470      6080      9690      13300     16910     20520     24130     27740     31350     34960     38570     42180     45790     49400     53010     56620     60230     63840     67450     
194522    6080      16549     27018     37487     47956     58425     68894     79363     89832     100301    110770    121239    131708    142177    152646    163115    173584    184053    
304266    321594    9690      27018     44346     61674     79002     96330     113658    130986    148314    165642    182970    200298    217626    234954    252282    269610    286938    
400292    424479    448666    13300     37487     61674     85861     110048    134235    158422    182609    206796    230983    255170    279357    303544    327731    351918    376105    
482600    513646    544692    575738    16910     47956     79002     110048    141094    172140    203186    234232    265278    296324    327370    358416    389462    420508    451554    
551190    589095    627000    664905    702810    20520     58425     96330     134235    172140    210045    247950    285855    323760    361665    399570    437475    475380    513285    
606062    650826    695590    740354    785118    829882    24130     68894     113658    158422    203186    247950    292714    337478    382242    427006    471770    516534    561298    
647216    698839    750462    802085    853708    905331    956954    27740     79363     130986    182609    234232    285855    337478    389101    440724    492347    543970    595593    
674652    733134    791616    850098    908580    967062    1025544   1084026   31350     89832     148314    206796    265278    323760    382242    440724    499206    557688    616170    
688370    753711    819052    884393    949734    1015075   1080416   1145757   1211098   34960     100301    165642    230983    296324    361665    427006    492347    557688    623029    
688370    760570    832770    904970    977170    1049370   1121570   1193770   1265970   1338170   38570     110770    182970    255170    327370    399570    471770    543970    616170    
674652    753711    832770    911829    990888    1069947   1149006   1228065   1307124   1386183   1465242   42180     121239    200298    279357    358416    437475    516534    595593    
647216    733134    819052    904970    990888    1076806   1162724   1248642   1334560   1420478   1506396   1592314   45790     131708    217626    303544    389462    475380    561298    
606062    698839    791616    884393    977170    1069947   1162724   1255501   1348278   1441055   1533832   1626609   1719386   49400     142177    234954    327731    420508    513285    
551190    650826    750462    850098    949734    1049370   1149006   1248642   1348278   1447914   1547550   1647186   1746822   1846458   53010     152646    252282    351918    451554    
482600    589095    695590    802085    908580    1015075   1121570   1228065   1334560   1441055   1547550   1654045   1760540   1867035   1973530   56620     163115    269610    376105    
400292    513646    627000    740354    853708    967062    1080416   1193770   1307124   1420478   1533832   1647186   1760540   1873894   1987248   2100602   60230     173584    286938    
304266    424479    544692    664905    785118    905331    1025544   1145757   1265970   1386183   1506396   1626609   1746822   1867035   1987248   2107461   2227674   63840     184053    
194522    321594    448666    575738    702810    829882    956954    1084026   1211098   1338170   1465242   1592314   1719386   1846458   1973530   2100602   2227674   2354746   67450     
RESULT of P*Gt


8700100   21320660  33941220  46561780  59182340  71802900  84423460  97044020  109664580 122285140 134905700 147526260 160146820 172767380 185387940 198008500 210629060 223249620 235870180 
676780418 25024520  61233181  97441842  133650503 169859164 206067825 242276486 278485147 314693808 350902469 387111130 423319791 459528452 495737113 531945774 568154435 604363096 640571757 
1057893894111769065641348940  101145702 160942464 220739226 280535988 340332750 400129512 459926274 519723036 579519798 639316560 699113322 758910084 818706846 878503608 938300370 998097132 
13918311681475216031155860089457673360  141058223 224443086 307827949 391212812 474597675 557982538 641367401 724752264 808137127 891521990 974906853 1058291716114167657912250614421308446305
167859224017855652041892538168199951113273997780  180970744 287943708 394916672 501889636 608862600 715835564 822808528 929781492 103675445611437274201250700384135767334814646463121571619276
19181771102048738175-2115668056-1985106991-185454592690322200  220883265 351444330 482005395 612566460 743127525 873688590 1004249655113481072012653717851395932850152649391516570549801787616045
2110585778-2030232352-1876083186-1721934020-1567784854-1413635688106646620 260795786 414944952 569094118 723243284 877392450 1031541616118569078213398399481493989114164813828018022874461956436612
-2039149052-1861411785-1683674518-1505937251-1328199984-1150462717-972725450122971040 300708307 478445574 656182841 833920108 1011657375118939464213671319091544869176172260644319003437102078080977
-1941092788-1739767420-1538442052-1337116684-1135791316-934465948-733140580-531815212139295460 340620828 541946196 743271564 944596932 11459223001347247668154857303617498984041951223772-2142418156
-1890212726-1665299257-1440385788-1215472319-990558850-765645381-540731912-315818443-90904974 155619880 380533349 605446818 830360287 10552737561280187225150510069417300141631954927632-2115126195
-1886508866-1638007296-1389505726-1141004156-892502586-644001016-395499446-146997876101503694 350005264 171944300 420445870 668947440 917449010 1165950580141445215016629537201911455290-2135010436
-1929981208-1657891537-1385801866-1113712195-841622524-569532853-297443182-25353511 246736160 518825831 790915502 188268720 460358391 732448062 10045377331276627404154871707518208067462092896417
-2020629752-1724951980-1429274208-1133596436-837918664-542240892-24656312049114652  344792424 640470196 936147968 1231825740204593140 500270912 795948684 1091626456138730422816829820001978659772
2136512798-1839188625-1519922752-1200656879-881391006-562125133-24285926076406613  395672486 714938359 103420423213534701051672735978220917560 540183433 859449306 117871517914979810521817246925
1951511850-2000601472-1657747498-1314893524-972039550-629185576-28633160256522372  399376346 742230320 1085084294142793826817707922422113646216237241980 580095954 922949928 12658039021608657876
17193347002085776775-1842748446-1476306371-1109864296-743422221-376980146-10538071 355904004 722346079 108878815414552302291821672304-2106852917-1740410842253566400 620008475 986450550 1352892625
14399813481830011524-2074925596-1684895420-1294865244-904835068-514804892-124774716265255460 655285636 104531581214353459881825376164-2079560956-1689530780-1299500604269890820 659920996 1049951172
111345179415270700711940688348-1940660671-1527042394-1113424117-699805840-286187563127430714 541048991 954667268 13682855451781903822-2099445197-1685826920-1272208643-858590366286215240 699833517 
739746038 117695241616141587942051365172-1806395746-1369189368-931982990-494776612-57570234 379636144 816842522 125404890016912552782128461656-1729299262-1292092884-854886506-417680128302539660 
RESULT of PGt*Gt


767866    771134    774402    777670    780938    784206    787474    790742    794010    797278    800546    803814    807082    810350    813618    816886    820154    823422    826690    
830300    771134    774421    777708    780995    784282    787569    790856    794143    797430    800717    804004    807291    810578    813865    817152    820439    823726    827013    
830604    833910    774402    777708    781014    784320    787626    790932    794238    797544    800850    804156    807462    810768    814074    817380    820686    823992    827298    
830870    834195    837520    777670    780995    784320    787645    790970    794295    797620    800945    804270    807595    810920    814245    817570    820895    824220    827545    
831098    834442    837786    841130    780938    784282    787626    790970    794314    797658    801002    804346    807690    811034    814378    817722    821066    824410    827754    
831288    834651    838014    841377    844740    784206    787569    790932    794295    797658    801021    804384    807747    811110    814473    817836    821199    824562    827925    
831440    834822    838204    841586    844968    848350    787474    790856    794238    797620    801002    804384    807766    811148    814530    817912    821294    824676    828058    
831554    834955    838356    841757    845158    848559    851960    790742    794143    797544    800945    804346    807747    811148    814549    817950    821351    824752    828153    
831630    835050    838470    841890    845310    848730    852150    855570    794010    797430    800850    804270    807690    811110    814530    817950    821370    824790    828210    
831668    835107    838546    841985    845424    848863    852302    855741    859180    797278    800717    804156    807595    811034    814473    817912    821351    824790    828229    
831668    835126    838584    842042    845500    848958    852416    855874    859332    862790    800546    804004    807462    810920    814378    817836    821294    824752    828210    
831630    835107    838584    842061    845538    849015    852492    855969    859446    862923    866400    803814    807291    810768    814245    817722    821199    824676    828153    
831554    835050    838546    842042    845538    849034    852530    856026    859522    863018    866514    870010    807082    810578    814074    817570    821066    824562    828058    
831440    834955    838470    841985    845500    849015    852530    856045    859560    863075    866590    870105    873620    810350    813865    817380    820895    824410    827925    
831288    834822    838356    841890    845424    848958    852492    856026    859560    863094    866628    870162    873696    877230    813618    817152    820686    824220    827754    
831098    834651    838204    841757    845310    848863    852416    855969    859522    863075    866628    870181    873734    877287    880840    816886    820439    823992    827545    
830870    834442    838014    841586    845158    848730    852302    855874    859446    863018    866590    870162    873734    877306    880878    884450    820154    823726    827298    
830604    834195    837786    841377    844968    848559    852150    855741    859332    862923    866514    870105    873696    877287    880878    884469    888060    823422    827013    
830300    833910    837520    841130    844740    848350    851960    855570    859180    862790    866400    870010    873620    877230    880840    884450    888060    891670    826690    
RESULT of Pt*G


-1654070352-1638922070-1623773788-1608625506-1593477224-1578328942-1563180660-1548032378-1532884096-1517735814-1502587532-1487439250-1472290968-1457142686-1441994404-1426846122-1411697840-1396549558-1381401276
-1368780716-1642625930-1627412307-1612198684-1596985061-1581771438-1566557815-1551344192-1536130569-1520916946-1505703323-1490489700-1475276077-1460062454-1444848831-1429635208-1414421585-1399207962-1383994339
-1371439120-1356160156-1631181508-1615902544-1600623580-1585344616-1570065652-1554786688-1539507724-1524228760-1508949796-1493670832-1478391868-1463112904-1447833940-1432554976-1417276012-1401997048-1386718084
-1374228206-1358883901-1343539596-1619737086-1604392781-1589048476-1573704171-1558359866-1543015561-1527671256-1512326951-1496982646-1481638341-1466294036-1450949731-1435605426-1420261121-1404916816-1389572511
-1377147974-1361738328-1346328682-1330919036-1608292664-1592883018-1577473372-1562063726-1546654080-1531244434-1515834788-1500425142-1485015496-1469605850-1454196204-1438786558-1423376912-1407967266-1392557620
-1380198424-1364723437-1349248450-1333773463-1318298476-1596848242-1581373255-1565898268-1550423281-1534948294-1519473307-1503998320-1488523333-1473048346-1457573359-1442098372-1426623385-1411148398-1395673411
-1383379556-1367839228-1352298900-1336758572-1321218244-1305677916-1585403820-1569863492-1554323164-1538782836-1523242508-1507702180-1492161852-1476621524-1461081196-1445540868-1430000540-1414460212-1398919884
-1386691370-1371085701-1355480032-1339874363-1324268694-1308663025-1293057356-1573959398-1558353729-1542748060-1527142391-1511536722-1495931053-1480325384-1464719715-1449114046-1433508377-1417902708-1402297039
-1390133866-1374462856-1358791846-1343120836-1327449826-1311778816-1296107806-1280436796-1562514976-1546843966-1531172956-1515501946-1499830936-1484159926-1468488916-1452817906-1437146896-1421475886-1405804876
-1393707044-1377970693-1362234342-1346497991-1330761640-1315025289-1299288938-1283552587-1267816236-1551070554-1535334203-1519597852-1503861501-1488125150-1472388799-1456652448-1440916097-1425179746-1409443395
-1397410904-1381609212-1365807520-1350005828-1334204136-1318402444-1302600752-1286799060-1270997368-1255195676-1539626132-1523824440-1508022748-1492221056-1476419364-1460617672-1444815980-1429014288-1413212596
-1401245446-1385378413-1369511380-1353644347-1337777314-1321910281-1306043248-1290176215-1274309182-1258442149-1242575116-1528181710-1512314677-1496447644-1480580611-1464713578-1448846545-1432979512-1417112479
-1405210670-1389278296-1373345922-1357413548-1341481174-1325548800-1309616426-1293684052-1277751678-1261819304-1245886930-1229954556-1516737288-1500804914-1484872540-1468940166-1453007792-1437075418-1421143044
-1409306576-1393308861-1377311146-1361313431-1345315716-1329318001-1313320286-1297322571-1281324856-1265327141-1249329426-1233331711-1217333996-1505292866-1489295151-1473297436-1457299721-1441302006-1425304291
-1413533164-1397470108-1381407052-1365343996-1349280940-1333217884-1317154828-1301091772-1285028716-1268965660-1252902604-1236839548-1220776492-1204713436-1493848444-1477785388-1461722332-1445659276-1429596220
-1417890434-1401762037-1385633640-1369505243-1353376846-1337248449-1321120052-1304991655-1288863258-1272734861-1256606464-1240478067-1224349670-1208221273-1192092876-1482404022-1466275625-1450147228-1434018831
-1422378386-1406184648-1389990910-1373797172-1357603434-1341409696-1325215958-1309022220-1292828482-1276634744-1260441006-1244247268-1228053530-1211859792-1195666054-1179472316-1470959600-1454765862-1438572124
-1426997020-1410737941-1394478862-1378219783-1361960704-1345701625-1329442546-1313183467-1296924388-1280665309-1264406230-1248147151-1231888072-1215628993-1199369914-1183110835-1166851756-1459515178-1443256099
-1431746336-1415421916-1399097496-1382773076-1366448656-1350124236-1333799816-1317475396-1301150976-1284826556-1268502136-1252177716-1235853296-1219528876-1203204456-1186880036-1170555616-1154231196-1448070756
RESULT of PtG*G


43510     105602    167694    229786    291878    353970    416062    478154    540246    602338    664430    726522    788614    850706    912798    974890    1036982   1099074   1161166   
1167854   43700     106153    168606    231059    293512    355965    418418    480871    543324    605777    668230    730683    793136    855589    918042    980495    1042948   1105401   
1111728   1174542   43890     106704    169518    232332    295146    357960    420774    483588    546402    609216    672030    734844    797658    860472    923286    986100    1048914   
1054880   1118055   1181230   44080     107255    170430    233605    296780    359955    423130    486305    549480    612655    675830    739005    802180    865355    928530    991705    
997310    1060846   1124382   1187918   44270     107806    171342    234878    298414    361950    425486    489022    552558    616094    679630    743166    806702    870238    933774    
939018    1002915   1066812   1130709   1194606   44460     108357    172254    236151    300048    363945    427842    491739    555636    619533    683430    747327    811224    875121    
880004    944262    1008520   1072778   1137036   1201294   44650     108908    173166    237424    301682    365940    430198    494456    558714    622972    687230    751488    815746    
820268    884887    949506    1014125   1078744   1143363   1207982   44840     109459    174078    238697    303316    367935    432554    497173    561792    626411    691030    755649    
759810    824790    889770    954750    1019730   1084710   1149690   1214670   45030     110010    174990    239970    304950    369930    434910    499890    564870    629850    694830    
698630    763971    829312    894653    959994    1025335   1090676   1156017   1221358   45220     110561    175902    241243    306584    371925    437266    502607    567948    633289    
636728    702430    768132    833834    899536    965238    1030940   1096642   1162344   1228046   45410     111112    176814    242516    308218    373920    439622    505324    571026    
574104    640167    706230    772293    838356    904419    970482    1036545   1102608   1168671   1234734   45600     111663    177726    243789    309852    375915    441978    508041    
510758    577182    643606    710030    776454    842878    909302    975726    1042150   1108574   1174998   1241422   45790     112214    178638    245062    311486    377910    444334    
446690    513475    580260    647045    713830    780615    847400    914185    980970    1047755   1114540   1181325   1248110   45980     112765    179550    246335    313120    379905    
381900    449046    516192    583338    650484    717630    784776    851922    919068    986214    1053360   1120506   1187652   1254798   46170     113316    180462    247608    314754    
316388    383895    451402    518909    586416    653923    721430    788937    856444    923951    991458    1058965   1126472   1193979   1261486   46360     113867    181374    248881    
250154    318022    385890    453758    521626    589494    657362    725230    793098    860966    928834    996702    1064570   1132438   1200306   1268174   46550     114418    182286    
183198    251427    319656    387885    456114    524343    592572    660801    729030    797259    865488    933717    1001946   1070175   1138404   1206633   1274862   46740     114969    
115520    184110    252700    321290    389880    458470    527060    595650    664240    732830    801420    870010    938600    1007190   1075780   1144370   1212960   1281550   46930     
RESULT of Pt*Gt


8700100   25024520  41348940  57673360  73997780  90322200  106646620 122971040 139295460 155619880 171944300 188268720 204593140 220917560 237241980 253566400 269890820 286215240 302539660 
739746038 21320660  61233181  101145702 141058223 180970744 220883265 260795786 300708307 340620828 380533349 420445870 460358391 500270912 540183433 580095954 620008475 659920996 699833517 
1113451794117695241633941220  97441842  160942464 224443086 287943708 351444330 414944952 478445574 541946196 605446818 668947440 732448062 795948684 859449306 922949928 986450550 1049951172
14399813481527070071161415879446561780  133650503 220739226 307827949 394916672 482005395 569094118 656182841 743271564 830360287 917449010 10045377331091626456117871517912658039021352892625
171933470018300115241940688348205136517259182340  169859164 280535988 391212812 501889636 612566460 723243284 833920108 944596932 105527375611659505801276627404138730422814979810521608657876
19515118502085776775-2074925596-1940660671-180639574671802900  206067825 340332750 474597675 608862600 743127525 877392450 1011657375114592230012801872251414452150154871707516829820001817246925
2136512798-2000601472-1842748446-1684895420-1527042394-136918936884423460  242276486 400129512 557982538 715835564 873688590 1031541616118939464213472476681505100694166295372018208067461978659772
-2020629752-1839188625-1657747498-1476306371-1294865244-1113424117-93198299097044020  278485147 459926274 641367401 822808528 1004249655118569078213671319091548573036173001416319114552902092896417
-1929981208-1724951980-1519922752-1314893524-1109864296-904835068-699805840-494776612109664580 314693808 519723036 724752264 929781492 11348107201339839948154486917617498984041954927632-2135010436
-1886508866-1657891537-1429274208-1200656879-972039550-743422221-514804892-286187563-57570234 122285140 350902469 579519798 808137127 10367544561265371785149398911417226064431951223772-2115126195
-1890212726-1638007296-1385801866-1133596436-881391006-629185576-376980146-124774716127430714 379636144 134905700 387111130 639316560 891521990 1143727420139593285016481382801900343710-2142418156
-1941092788-1665299257-1389505726-1113712195-837918664-562125133-286331602-10538071 265255460 541048991 816842522 147526260 423319791 699113322 974906853 1250700384152649391518022874462078080977
-2039149052-1739767420-1440385788-1141004156-841622524-542240892-24285926056522372  355904004 655285636 954667268 1254048900160146820 459528452 758910084 1058291716135767334816570549801956436612
2110585778-1861411785-1538442052-1215472319-892502586-569532853-24656312076406613  399376346 722346079 104531581213682855451691255278172767380 495737113 818706846 114167657914646463121787616045
1918177110-2030232352-1683674518-1337116684-990558850-644001016-29744318249114652  395672486 742230320 1088788154143534598817819038222128461656185387940 531945774 878503608 12250614421571619276
16785922402048738175-1876083186-1505937251-1135791316-765645381-395499446-25353511 344792424 714938359 108508429414552302291825376164-2099445197-1729299262198008500 568154435 938300370 1308446305
13918311681785565204-2115668056-1721934020-1328199984-934465948-540731912-146997876246736160 640470196 103420423214279382681821672304-2079560956-1685826920-1292092884210629060 604363096 998097132 
105789389414752160311892538168-1985106991-1567784854-1150462717-733140580-315818443101503694 518825831 936147968 13534701051770792242-2106852917-1689530780-1272208643-854886506223249620 640571757 
676780418 111769065615586008941999511132-1854545926-1413635688-972725450-531815212-90904974 350005264 790915502 123182574016727359782113646216-1740410842-1299500604-858590366-417680128235870180 
RESULT of PtGt*Gt

