Initial Data         3         4         5         6         7         8         9         10        11        12        13        14        15        16        17        18        19        20        
40        21        22        23        24        25        26        27        28        29        30        31        32        33        34        35        36        37        38        39        
59        60        41        42        43        44        45        46        47        48        49        50        51        52        53        54        55        56        57        58        
78        79        80        61        62        63        64        65        66        67        68        69        70        71        72        73        74        75        76        77        
97        98        99        100       81        82        83        84        85        86        87        88        89        90        91        92        93        94        95        96        
116       117       118       119       120       101       102       103       104       105       106       107       108       109       110       111       112       113       114       115       
135       136       137       138       139       140       121       122       123       124       125       126       127       128       129       130       131       132       133       134       
154       155       156       157       158       159       160       141       142       143       144       145       146       147       148       149       150       151       152       153       
173       174       175       176       177       178       179       180       161       162       163       164       165       166       167       168       169       170       171       172       
192       193       194       195       196       197       198       199       200       181       182       183       184       185       186       187       188       189       190       191       
211       212       213       214       215       216       217       218       219       220       201       202       203       204       205       206       207       208       209       210       
230       231       232       233       234       235       236       237       238       239       240       221       222       223       224       225       226       227       228       229       
249       250       251       252       253       254       255       256       257       258       259       260       241       242       243       244       245       246       247       248       
268       269       270       271       272       273       274       275       276       277       278       279       280       261       262       263       264       265       266       267       
287       288       289       290       291       292       293       294       295       296       297       298       299       300       281       282       283       284       285       286       
306       307       308       309       310       311       312       313       314       315       316       317       318       319       320       301       302       303       304       305       
325       326       327       328       329       330       331       332       333       334       335       336       337       338       339       340       321       322       323       324       
344       345       346       347       348       349       350       351       352       353       354       355       356       357       358       359       360       341       342       343       
363       364       365       366       367       368       369       370       371       372       373       374       375       376       377       378       379       380       361       362       
382       383       384       385       386       387       388       389       390       391       392       393       394       395       396       397       398       399       400       381       
  
P * G

53410     53620     53830     54040     54250     54460     54670     54880     55090     55300     55510     55720     55930     56140     56350     56560     56770     56980     57190     57400     
141400    129810    130420    131030    131640    132250    132860    133470    134080    134690    135300    135910    136520    137130    137740    138350    138960    139570    140180    140790    
224390    225400    206210    207220    208230    209240    210250    211260    212270    213280    214290    215300    216310    217320    218330    219340    220350    221360    222370    223380    
306580    307990    309400    282610    284020    285430    286840    288250    289660    291070    292480    293890    295300    296710    298120    299530    300940    302350    303760    305170    
387970    389780    391590    393400    359010    360820    362630    364440    366250    368060    369870    371680    373490    375300    377110    378920    380730    382540    384350    386160    
468560    470770    472980    475190    477400    435410    437620    439830    442040    444250    446460    448670    450880    453090    455300    457510    459720    461930    464140    466350    
548350    550960    553570    556180    558790    561400    511810    514420    517030    519640    522250    524860    527470    530080    532690    535300    537910    540520    543130    545740    
627340    630350    633360    636370    639380    642390    645400    588210    591220    594230    597240    600250    603260    606270    609280    612290    615300    618310    621320    624330    
705530    708940    712350    715760    719170    722580    725990    729400    664610    668020    671430    674840    678250    681660    685070    688480    691890    695300    698710    702120    
782920    786730    790540    794350    798160    801970    805780    809590    813400    741010    744820    748630    752440    756250    760060    763870    767680    771490    775300    779110    
859510    863720    867930    872140    876350    880560    884770    888980    893190    897400    817410    821620    825830    830040    834250    838460    842670    846880    851090    855300    
935300    939910    944520    949130    953740    958350    962960    967570    972180    976790    981400    893810    898420    903030    907640    912250    916860    921470    926080    930690    
1010290   1015300   1020310   1025320   1030330   1035340   1040350   1045360   1050370   1055380   1060390   1065400   970210    975220    980230    985240    990250    995260    1000270   1005280   
1084480   1089890   1095300   1100710   1106120   1111530   1116940   1122350   1127760   1133170   1138580   1143990   1149400   1046610   1052020   1057430   1062840   1068250   1073660   1079070   
1157870   1163680   1169490   1175300   1181110   1186920   1192730   1198540   1204350   1210160   1215970   1221780   1227590   1233400   1123010   1128820   1134630   1140440   1146250   1152060   
1230460   1236670   1242880   1249090   1255300   1261510   1267720   1273930   1280140   1286350   1292560   1298770   1304980   1311190   1317400   1199410   1205620   1211830   1218040   1224250   
1302250   1308860   1315470   1322080   1328690   1335300   1341910   1348520   1355130   1361740   1368350   1374960   1381570   1388180   1394790   1401400   1275810   1282420   1289030   1295640   
1373240   1380250   1387260   1394270   1401280   1408290   1415300   1422310   1429320   1436330   1443340   1450350   1457360   1464370   1471380   1478390   1485400   1352210   1359220   1366230   
1443430   1450840   1458250   1465660   1473070   1480480   1487890   1495300   1502710   1510120   1517530   1524940   1532350   1539760   1547170   1554580   1561990   1569400   1428610   1436020   
1512820   1520630   1528440   1536250   1544060   1551870   1559680   1567490   1575300   1583110   1590920   1598730   1606540   1614350   1622160   1629970   1637780   1645590   1653400   1505010   

214440100 215548200 216656300 217764400 218872500 219980600 221088700 222196800 223304900 224413000 225521100 226629200 227737300 228845400 229953500 231061600 232169700 233277800 234385900 235494000 
577654000 526124100 528836200 531548300 534260400 536972500 539684600 542396700 545108800 547820900 550533000 553245100 555957200 558669300 561381400 564093500 566805600 569517700 572229800 574941900 
915497900 919814000 837808100 842124200 846440300 850756400 855072500 859388600 863704700 868020800 872336900 876653000 880969100 885285200 889601300 893917400 898233500 902549600 906865700 911181800 
12501338001256053900126197400011494921001155412200116133230011672524001173172500117909260011850127001190932800119685290012027730001208693100121461320012205333001226453400123237350012382936001244213700
15815617001589085800159660990016041340001461176100146870020014762243001483748400149127250014987966001506320700151384480015213689001528893000153641710015439412001551465300155898940015665135001574037600
19097816001918909700192803780019371659001946294000177286010017819882001791116300180024440018093725001818500600182762870018367568001845884900185501300018641411001873269200188239730018915254001900653500
-2060173796-2049441696-2038709596-2027977496-2017245396-2006513296208454410020952762002106008300211674040021274725002138204600-2146030596-2135298496-2124566396-2113834296-2103102196-2092370096-2081637996-2070905896
-1738369896-1726033796-1713697696-1701361596-1689025496-1676689396-1664353296-1898739196-1886403096-1874066996-1861730896-1849394796-1837058696-1824722596-1812386496-1800050396-1787714296-1775378196-1763042096-1750705996
-1419773996-1405833896-1391893796-1377953696-1364013596-1350073496-1336133396-1322193296-1587055196-1573115096-1559174996-1545234896-1531294796-1517354696-1503414596-1489474496-1475534396-1461594296-1447654196-1433714096
-1104386096-1088841996-1073297896-1057753796-1042209696-1026665596-1011121496-995577396-980033296-1275371196-1259827096-1244282996-1228738896-1213194796-1197650696-1182106596-1166562496-1151018396-1135474296-1119930196
-792206196-775058096-757909996-740761896-723613796-706465696-689317596-672169496-655021396-637873296-963687196-946539096-929390996-912242896-895094796-877946696-860798596-843650496-826502396-809354296
-483234296-464482196-445730096-426977996-408225896-389473796-370721696-351969596-333217496-314465396-295713296-652003196-633251096-614498996-595746896-576994796-558242696-539490596-520738496-501986396
-177470396-157114296-136758196-116402096-96045996 -75689896 -55333796 -34977696 -14621596 5734504   26090604  46446704  -340319196-319963096-299606996-279250896-258894796-238538696-218182596-197826496
125085504 147045604 169005704 190965804 212925904 234886004 256846104 278806204 300766304 322726404 344686504 366646604 388606704 -28635196 -6675096  15285004  37245104  59205204  81165304  103125404 
424433404 447997504 471561604 495125704 518689804 542253904 565818004 589382104 612946204 636510304 660074404 683638504 707202604 730766704 283048804 306612904 330177004 353741104 377305204 400869304 
720573304 745741404 770909504 796077604 821245704 846413804 871581904 896750004 921918104 947086204 972254304 997422404 102259050410477586041072926704594732804 619900904 645069004 670237104 695405204 
1013505204104027730410670494041093821504112059360411473657041174137804120090990412276820041254454104128122620413079983041334770404136154250413883146041415086704906416804 933188904 959961004 986733104 
13032291041331605204135998130413883574041416733504144510960414734857041501861804153023790415586140041586990104161536620416437423041672118404170049450417288706041757246704121810080412464769041274853004
15897450041619725104164970520416796853041709665404173964550417696256041799605704182958580418595659041889546004191952610419495062041979486304200946640420394465042069426604209940670415297848041559764904
187305290419046370041936221104196780520419993893042030973404206255750420941416042125725704-2137657492-2106073392-2074489292-2042905192-2011321092-1979736992-1948152892-1916568792-1884984692-18534005921841468804
   
P * G t

2870      7070      11270     15470     19670     23870     28070     32270     36470     40670     44870     49070     53270     57470     61670     65870     70070     74270     78470     82670     
238870    7070      19270     31470     43670     55870     68070     80270     92470     104670    116870    129070    141270    153470    165670    177870    190070    202270    214470    226670    
374870    395070    11270     31470     51670     71870     92070     112270    132470    152670    172870    193070    213270    233470    253670    273870    294070    314270    334470    354670    
494870    523070    551270    15470     43670     71870     100070    128270    156470    184670    212870    241070    269270    297470    325670    353870    382070    410270    438470    466670    
598870    635070    671270    707470    19670     55870     92070     128270    164470    200670    236870    273070    309270    345470    381670    417870    454070    490270    526470    562670    
686870    731070    775270    819470    863670    23870     68070     112270    156470    200670    244870    289070    333270    377470    421670    465870    510070    554270    598470    642670    
758870    811070    863270    915470    967670    1019870   28070     80270     132470    184670    236870    289070    341270    393470    445670    497870    550070    602270    654470    706670    
814870    875070    935270    995470    1055670   1115870   1176070   32270     92470     152670    212870    273070    333270    393470    453670    513870    574070    634270    694470    754670    
854870    923070    991270    1059470   1127670   1195870   1264070   1332270   36470     104670    172870    241070    309270    377470    445670    513870    582070    650270    718470    786670    
878870    955070    1031270   1107470   1183670   1259870   1336070   1412270   1488470   40670     116870    193070    269270    345470    421670    497870    574070    650270    726470    802670    
886870    971070    1055270   1139470   1223670   1307870   1392070   1476270   1560470   1644670   44870     129070    213270    297470    381670    465870    550070    634270    718470    802670    
878870    971070    1063270   1155470   1247670   1339870   1432070   1524270   1616470   1708670   1800870   49070     141270    233470    325670    417870    510070    602270    694470    786670    
854870    955070    1055270   1155470   1255670   1355870   1456070   1556270   1656470   1756670   1856870   1957070   53270     153470    253670    353870    454070    554270    654470    754670    
814870    923070    1031270   1139470   1247670   1355870   1464070   1572270   1680470   1788670   1896870   2005070   2113270   57470     165670    273870    382070    490270    598470    706670    
758870    875070    991270    1107470   1223670   1339870   1456070   1572270   1688470   1804670   1920870   2037070   2153270   2269470   61670     177870    294070    410270    526470    642670    
686870    811070    935270    1059470   1183670   1307870   1432070   1556270   1680470   1804670   1928870   2053070   2177270   2301470   2425670   65870     190070    314270    438470    562670    
598870    731070    863270    995470    1127670   1259870   1392070   1524270   1656470   1788670   1920870   2053070   2185270   2317470   2449670   2581870   70070     202270    334470    466670    
494870    635070    775270    915470    1055670   1195870   1336070   1476270   1616470   1756670   1896870   2037070   2177270   2317470   2457670   2597870   2738070   74270     214470    354670    
374870    523070    671270    819470    967670    1115870   1264070   1412270   1560470   1708670   1856870   2005070   2153270   2301470   2449670   2597870   2746070   2894270   78470     226670    
238870    395070    551270    707470    863670    1019870   1176070   1332270   1488470   1644670   1800870   1957070   2113270   2269470   2425670   2581870   2738070   2894270   3050470   82670     

11774700  28882700  45990700  63098700  80206700  97314700  114422700 131530700 148638700 165746700 182854700 199962700 217070700 234178700 251286700 268394700 285502700 302610700 319718700 336826700 
968508700 33936700  83124700  132312700 181500700 230688700 279876700 329064700 378252700 427440700 476628700 525816700 575004700 624192700 673380700 722568700 771756700 820944700 870132700 919320700 
1518922700160019070056098700  137366700 218634700 299902700 381170700 462438700 543706700 624974700 706242700 787510700 868778700 950046700 103131470011125827001193850700127511870013563867001437654700
20051767002118524700-206309459678260700  191608700 304956700 418304700 531652700 645000700 758348700 871696700 985044700 10983927001211740700132508870014384367001551784700166513270017784807001891828700
-1867696596-1722268596-1576840596-1431412596100422700 245850700 391278700 536706700 682134700 827562700 972990700 11184187001263846700140927470015547027001700130700184555870019909867002136414700-2013124596
-1509762596-1332254596-1154746596-977238596-799730596122584700 300092700 477600700 655108700 832616700 1010124700118763270013651407001542648700172015670018976647002075172700-2042286596-1864778596-1687270596
-1215988596-1006400596-796812596-587224596-377636596-168048596144746700 354334700 563922700 773510700 983098700 11926867001402274700161186270018214507002031038700-2054340596-1844752596-1635164596-1425576596
-986374596-744706596-503038596-261370596-19702596 221965404 463633404 166908700 408576700 650244700 891912700 11335807001375248700161691670018585847002100252700-1953046596-1711378596-1469710596-1228042596
-820920596-547172596-273424596323404    274071404 547819404 821567404 1095315404189070700 462818700 736566700 10103147001284062700155781070018315587002105306700-1915912596-1642164596-1368416596-1094668596
-719626596-413798596-107970596197857404 503685404 809513404 111534140414211694041726997404211232700 517060700 822888700 1128716700143454470017403727002046200700-1942938596-1637110596-1331282596-1025454596
-682492596-344584596-6676596  331231404 669139404 1007047404134495540416828634042020771404-1936287892233394700 571302700 909210700 124711870015850267001922934700-2034124596-1696216596-1358308596-1020400596
-709518596-33953059630457404  400445404 770433404 114042140415104094041880397404-2044581892-1674593892-1304605892255556700 625544700 995532700 136552070017355087002105496700-1819482596-1449494596-1079506596
-800704596-3986365963431404   405499404 807567404 120963540416117034042013771404-1879127892-1477059892-1074991892-672923892277718700 679786700 108185470014839227001885990700-2006908596-1604840596-1202772596
-956050596-521902596-87754596 346393404 780541404 121468940416488374042082985404-1777833892-1343685892-909537892-475389892-41241892 299880700 734028700 116817670016023247002036472700-1824346596-1390198596
-1175556596-709328596-243100596223127404 689355404 115558340416218114042088039404-1740699892-1274471892-808243892-342015892124212108 590440108 322042700 788270700 12544987001720726700-2108012596-1641784596
-1459222596-960914596-46260659635701404  534009404 103231740415306254042028933404-1767725892-1269417892-771109892-272801892225506108 723814108 1222122108344204700 842512700 13408207001839128700-1957530596
-1807048596-1276660596-746272596-215884596314503404 844891404 13752794041905667404-1858911892-1328523892-798135892-267747892262640108 793028108 13234161081853804108366366700 896754700 14271427001957530700
2075932700-1656566596-1094098596-53163059630837404  593305404 11557734041718241404-2014257892-1451789892-889321892-326853892235614108 798082108 13605501081923018108-1809481188388528700 950996700 1513464700
1599786700-2100632596-1506084596-911536596-316988596277559404 872107404 14666554042061203404-1639215892-1044667892-450119892144428108 738976108 13335241081928072108-1772347188-1177799188410690700 1005238700
10594807001686108700-1982230596-1355602596-728974596-102346596524281404 11509094041777537404-1890801892-1264173892-637545892-10917892 615710108 12423381081868966108-1799373188-1172745188-546117188432852700 
   
P t * G

995620    999440    1003260   1007080   1010900   1014720   1018540   1022360   1026180   1030000   1033820   1037640   1041460   1045280   1049100   1052920   1056740   1060560   1064380   1068200   
1072400   999440    1003280   1007120   1010960   1014800   1018640   1022480   1026320   1030160   1034000   1037840   1041680   1045520   1049360   1053200   1057040   1060880   1064720   1068560   
1072740   1076600   1003260   1007120   1010980   1014840   1018700   1022560   1026420   1030280   1034140   1038000   1041860   1045720   1049580   1053440   1057300   1061160   1065020   1068880   
1073040   1076920   1080800   1007080   1010960   1014840   1018720   1022600   1026480   1030360   1034240   1038120   1042000   1045880   1049760   1053640   1057520   1061400   1065280   1069160   
1073300   1077200   1081100   1085000   1010900   1014800   1018700   1022600   1026500   1030400   1034300   1038200   1042100   1046000   1049900   1053800   1057700   1061600   1065500   1069400   
1073520   1077440   1081360   1085280   1089200   1014720   1018640   1022560   1026480   1030400   1034320   1038240   1042160   1046080   1050000   1053920   1057840   1061760   1065680   1069600   
1073700   1077640   1081580   1085520   1089460   1093400   1018540   1022480   1026420   1030360   1034300   1038240   1042180   1046120   1050060   1054000   1057940   1061880   1065820   1069760   
1073840   1077800   1081760   1085720   1089680   1093640   1097600   1022360   1026320   1030280   1034240   1038200   1042160   1046120   1050080   1054040   1058000   1061960   1065920   1069880   
1073940   1077920   1081900   1085880   1089860   1093840   1097820   1101800   1026180   1030160   1034140   1038120   1042100   1046080   1050060   1054040   1058020   1062000   1065980   1069960   
1074000   1078000   1082000   1086000   1090000   1094000   1098000   1102000   1106000   1030000   1034000   1038000   1042000   1046000   1050000   1054000   1058000   1062000   1066000   1070000   
1074020   1078040   1082060   1086080   1090100   1094120   1098140   1102160   1106180   1110200   1033820   1037840   1041860   1045880   1049900   1053920   1057940   1061960   1065980   1070000   
1074000   1078040   1082080   1086120   1090160   1094200   1098240   1102280   1106320   1110360   1114400   1037640   1041680   1045720   1049760   1053800   1057840   1061880   1065920   1069960   
1073940   1078000   1082060   1086120   1090180   1094240   1098300   1102360   1106420   1110480   1114540   1118600   1041460   1045520   1049580   1053640   1057700   1061760   1065820   1069880   
1073840   1077920   1082000   1086080   1090160   1094240   1098320   1102400   1106480   1110560   1114640   1118720   1122800   1045280   1049360   1053440   1057520   1061600   1065680   1069760   
1073700   1077800   1081900   1086000   1090100   1094200   1098300   1102400   1106500   1110600   1114700   1118800   1122900   1127000   1049100   1053200   1057300   1061400   1065500   1069600   
1073520   1077640   1081760   1085880   1090000   1094120   1098240   1102360   1106480   1110600   1114720   1118840   1122960   1127080   1131200   1052920   1057040   1061160   1065280   1069400   
1073300   1077440   1081580   1085720   1089860   1094000   1098140   1102280   1106420   1110560   1114700   1118840   1122980   1127120   1131260   1135400   1056740   1060880   1065020   1069160   
1073040   1077200   1081360   1085520   1089680   1093840   1098000   1102160   1106320   1110480   1114640   1118800   1122960   1127120   1131280   1135440   1139600   1060560   1064720   1068880   
1072740   1076920   1081100   1085280   1089460   1093640   1097820   1102000   1106180   1110360   1114540   1118720   1122900   1127080   1131260   1135440   1139620   1143800   1064380   1068560   
1072400   1076600   1080800   1085000   1089200   1093400   1097600   1101800   1106000   1110200   1114400   1118600   1122800   1127000   1131200   1135400   1139600   1143800   1148000   1068200   

-302265096-281626896-260988696-240350496-219712296-199074096-178435896-157797696-137159496-116521296-95883096 -75244896 -54606696 -33968496 -13330296 7307904   27946104  48584304  69222504  89860704  
106968704 -286680896-265962496-245244096-224525696-203807296-183088896-162370496-141652096-120933696-100215296-79496896 -58778496 -38060096 -17341696 3376704   24095104  44813504  65531904  86250304  
103278104 124076704 -271096696-250298096-229499496-208700896-187902296-167103696-146305096-125506496-104707896-83909296 -63110696 -42312096 -21513496 -714896   20083704  40882304  61680904  82479504  
99427104  120305904 141184704 -255512496-234633696-213754896-192876096-171997296-151118496-130239696-109360896-88482096 -67603296 -46724496 -25845696 -4966896  15911904  36790704  57669504  78548304  
95415704  116374704 137333704 158292704 -239928296-218969296-198010296-177051296-156092296-135133296-114174296-93215296 -72256296 -51297296 -30338296 -9379296  11579704  32538704  53497704  74456704  
91243904  112283104 133322304 154361504 175400704 -224344096-203304896-182265696-161226496-140187296-119148096-98108896 -77069696 -56030496 -34991296 -13952096 7087104   28126304  49165504  70204704  
86911704  108031104 129150504 150269904 171389304 192508704 -208759896-187640496-166521096-145401696-124282296-103162896-82043496 -60924096 -39804696 -18685296 2434104   23553504  44672904  65792304  
82419104  103618704 124818304 146017904 167217504 188417104 209616704 -193175696-171976096-150776496-129576896-108377296-87177696 -65978096 -44778496 -23578896 -2379296  18820304  40019904  61219504  
77766104  99045904  120325704 141605504 162885304 184165104 205444904 226724704 -177591496-156311696-135031896-113752096-92472296 -71192496 -49912696 -28632896 -7353096  13926704  35206504  56486304  
72952704  94312704  115672704 137032704 158392704 179752704 201112704 222472704 243832704 -162007296-140647296-119287296-97927296 -76567296 -55207296 -33847296 -12487296 8872704   30232704  51592704  
67978904  89419104  110859304 132299504 153739704 175179904 196620104 218060304 239500504 260940704 -146423096-124982896-103542696-82102496 -60662296 -39222096 -17781896 3658304   25098504  46538704  
62844704  84365104  105885504 127405904 148926304 170446704 191967104 213487504 235007904 256528304 278048704 -130838896-109318496-87798096 -66277696 -44757296 -23236896 -1716496  19803904  41324304  
57550104  79150704  100751304 122351904 143952504 165553104 187153704 208754304 230354904 251955504 273556104 295156704 -115254696-93654096 -72053496 -50452896 -28852296 -7251696  14348904  35949504  
52095104  73775904  95456704  117137504 138818304 160499104 182179904 203860704 225541504 247222304 268903104 290583904 312264704 -99670496 -77989696 -56308896 -34628096 -12947296 8733504   30414304  
46479704  68240704  90001704  111762704 133523704 155284704 177045704 198806704 220567704 242328704 264089704 285850704 307611704 329372704 -84086296 -62325296 -40564296 -18803296 2957704   24718704  
40703904  62545104  84386304  106227504 128068704 149909904 171751104 193592304 215433504 237274704 259115904 280957104 302798304 324639504 346480704 -68502096 -46660896 -24819696 -2978496  18862704  
34767704  56689104  78610504  100531904 122453304 144374704 166296104 188217504 210138904 232060304 253981704 275903104 297824504 319745904 341667304 363588704 -52917896 -30996496 -9075096  12846304  
28671104  50672704  72674304  94675904  116677504 138679104 160680704 182682304 204683904 226685504 248687104 270688704 292690304 314691904 336693504 358695104 380696704 -37333696 -15332096 6669504   
22414104  44495904  66577704  88659504  110741304 132823104 154904904 176986704 199068504 221150304 243232104 265313904 287395704 309477504 331559304 353641104 375722904 397804704 -21749496 332304    
15996704  38158704  60320704  82482704  104644704 126806704 148968704 171130704 193292704 215454704 237616704 259778704 281940704 304102704 326264704 348426704 370588704 392750704 414912704 -6165296  
    
P t * G t

53410     129810    206210    282610    359010    435410    511810    588210    664610    741010    817410    893810    970210    1046610   1123010   1199410   1275810   1352210   1428610   1505010   
1512820   53620     130420    207220    284020    360820    437620    514420    591220    668020    744820    821620    898420    975220    1052020   1128820   1205620   1282420   1359220   1436020   
1443430   1520630   53830     131030    208230    285430    362630    439830    517030    594230    671430    748630    825830    903030    980230    1057430   1134630   1211830   1289030   1366230   
1373240   1450840   1528440   54040     131640    209240    286840    364440    442040    519640    597240    674840    752440    830040    907640    985240    1062840   1140440   1218040   1295640   
1302250   1380250   1458250   1536250   54250     132250    210250    288250    366250    444250    522250    600250    678250    756250    834250    912250    990250    1068250   1146250   1224250   
1230460   1308860   1387260   1465660   1544060   54460     132860    211260    289660    368060    446460    524860    603260    681660    760060    838460    916860    995260    1073660   1152060   
1157870   1236670   1315470   1394270   1473070   1551870   54670     133470    212270    291070    369870    448670    527470    606270    685070    763870    842670    921470    1000270   1079070   
1084480   1163680   1242880   1322080   1401280   1480480   1559680   54880     134080    213280    292480    371680    450880    530080    609280    688480    767680    846880    926080    1005280   
1010290   1089890   1169490   1249090   1328690   1408290   1487890   1567490   55090     134690    214290    293890    373490    453090    532690    612290    691890    771490    851090    930690    
935300    1015300   1095300   1175300   1255300   1335300   1415300   1495300   1575300   55300     135300    215300    295300    375300    455300    535300    615300    695300    775300    855300    
859510    939910    1020310   1100710   1181110   1261510   1341910   1422310   1502710   1583110   55510     135910    216310    296710    377110    457510    537910    618310    698710    779110    
782920    863720    944520    1025320   1106120   1186920   1267720   1348520   1429320   1510120   1590920   55720     136520    217320    298120    378920    459720    540520    621320    702120    
705530    786730    867930    949130    1030330   1111530   1192730   1273930   1355130   1436330   1517530   1598730   55930     137130    218330    299530    380730    461930    543130    624330    
627340    708940    790540    872140    953740    1035340   1116940   1198540   1280140   1361740   1443340   1524940   1606540   56140     137740    219340    300940    382540    464140    545740    
548350    630350    712350    794350    876350    958350    1040350   1122350   1204350   1286350   1368350   1450350   1532350   1614350   56350     138350    220350    302350    384350    466350    
468560    550960    633360    715760    798160    880560    962960    1045360   1127760   1210160   1292560   1374960   1457360   1539760   1622160   56560     138960    221360    303760    386160    
387970    470770    553570    636370    719170    801970    884770    967570    1050370   1133170   1215970   1298770   1381570   1464370   1547170   1629970   56770     139570    222370    305170    
306580    389780    472980    556180    639380    722580    805780    888980    972180    1055380   1138580   1221780   1304980   1388180   1471380   1554580   1637780   56980     140180    223380    
224390    307990    391590    475190    558790    642390    725990    809590    893190    976790    1060390   1143990   1227590   1311190   1394790   1478390   1561990   1645590   57190     140790    
141400    225400    309400    393400    477400    561400    645400    729400    813400    897400    981400    1065400   1149400   1233400   1317400   1401400   1485400   1569400   1653400   57400     

11774700  33936700  56098700  78260700  100422700 122584700 144746700 166908700 189070700 211232700 233394700 255556700 277718700 299880700 322042700 344204700 366366700 388528700 410690700 432852700 
105948070028882700  83124700  137366700 191608700 245850700 300092700 354334700 408576700 462818700 517060700 571302700 625544700 679786700 734028700 788270700 842512700 896754700 950996700 1005238700
1599786700168610870045990700  132312700 218634700 304956700 391278700 477600700 563922700 650244700 736566700 822888700 909210700 995532700 108185470011681767001254498700134082070014271427001513464700
2075932700-2100632596-198223059663098700  181500700 299902700 418304700 536706700 655108700 773510700 891912700 101031470011287167001247118700136552070014839227001602324700172072670018391287001957530700
-1807048596-1656566596-1506084596-135560259680206700  230688700 381170700 531652700 682134700 832616700 983098700 1133580700128406270014345447001585026700173550870018859907002036472700-2108012596-1957530596
-1459222596-1276660596-1094098596-911536596-72897459697314700  279876700 462438700 645000700 827562700 1010124700119268670013752487001557810700174037270019229347002105496700-2006908596-1824346596-1641784596
-1175556596-960914596-746272596-531630596-316988596-102346596114422700 329064700 543706700 758348700 972990700 11876327001402274700161691670018315587002046200700-2034124596-1819482596-1604840596-1390198596
-956050596-709328596-462606596-21588459630837404  277559404 524281404 131530700 378252700 624974700 871696700 11184187001365140700161186270018585847002105306700-1942938596-1696216596-1449494596-1202772596
-800704596-521902596-24310059635701404  314503404 593305404 872107404 1150909404148638700 427440700 706242700 985044700 1263846700154264870018214507002100252700-1915912596-1637110596-1358308596-1079506596
-709518596-398636596-87754596 223127404 534009404 844891404 115577340414666554041777537404165746700 476628700 787510700 1098392700140927470017201567002031038700-1953046596-1642164596-1331282596-1020400596
-682492596-3395305963431404   346393404 689355404 1032317404137527940417182414042061203404-1890801892182854700 525816700 868778700 121174070015547027001897664700-2054340596-1711378596-1368416596-1025454596
-719626596-34458459630457404  405499404 780541404 115558340415306254041905667404-2014257892-1639215892-1264173892199962700 575004700 950046700 132508870017001307002075172700-1844752596-1469710596-1094668596
-820920596-413798596-6676596  400445404 807567404 121468940416218114042028933404-1858911892-1451789892-1044667892-637545892217070700 624192700 103131470014384367001845558700-2042286596-1635164596-1228042596
-986374596-547172596-107970596331231404 770433404 120963540416488374042088039404-1767725892-1328523892-889321892-450119892-10917892 234178700 673380700 111258270015517847001990986700-1864778596-1425576596
-1215988596-744706596-273424596197857404 669139404 114042140416117034042082985404-1740699892-1269417892-798135892-326853892144428108 615710108 251286700 722568700 119385070016651327002136414700-1687270596
-1509762596-1006400596-503038596323404    503685404 100704740415104094042013771404-1777833892-1274471892-771109892-267747892235614108 738976108 1242338108268394700 771756700 12751187001778480700-2013124596
-1867696596-1332254596-796812596-261370596274071404 809513404 13449554041880397404-1879127892-1343685892-808243892-272801892262640108 798082108 13335241081868966108285502700 820944700 13563867001891828700
2005176700-1722268596-1154746596-587224596-19702596 547819404 11153414041682863404-2044581892-1477059892-909537892-342015892225506108 793028108 13605501081928072108-1799373188302610700 870132700 1437654700
15189227002118524700-1576840596-977238596-377636596221965404 821567404 14211694042020771404-1674593892-1074991892-475389892124212108 723814108 13234161081923018108-1772347188-1172745188319718700 919320700 
968508700 1600190700-2063094596-1431412596-799730596-168048596463633404 10953154041726997404-1936287892-1304605892-672923892-41241892 590440108 12221221081853804108-1809481188-1177799188-546117188336826700 
