
1         2         3         4         5         6         7         8         9         10        11        12        13        14        15        16        17        18        19        20        21        
42        22        23        24        25        26        27        28        29        30        31        32        33        34        35        36        37        38        39        40        41        
62        63        43        44        45        46        47        48        49        50        51        52        53        54        55        56        57        58        59        60        61        
82        83        84        64        65        66        67        68        69        70        71        72        73        74        75        76        77        78        79        80        81        
102       103       104       105       85        86        87        88        89        90        91        92        93        94        95        96        97        98        99        100       101       
122       123       124       125       126       106       107       108       109       110       111       112       113       114       115       116       117       118       119       120       121       
142       143       144       145       146       147       127       128       129       130       131       132       133       134       135       136       137       138       139       140       141       
162       163       164       165       166       167       168       148       149       150       151       152       153       154       155       156       157       158       159       160       161       
182       183       184       185       186       187       188       189       169       170       171       172       173       174       175       176       177       178       179       180       181       
202       203       204       205       206       207       208       209       210       190       191       192       193       194       195       196       197       198       199       200       201       
222       223       224       225       226       227       228       229       230       231       211       212       213       214       215       216       217       218       219       220       221       
242       243       244       245       246       247       248       249       250       251       252       232       233       234       235       236       237       238       239       240       241       
262       263       264       265       266       267       268       269       270       271       272       273       253       254       255       256       257       258       259       260       261       
282       283       284       285       286       287       288       289       290       291       292       293       294       274       275       276       277       278       279       280       281       
302       303       304       305       306       307       308       309       310       311       312       313       314       315       295       296       297       298       299       300       301       
322       323       324       325       326       327       328       329       330       331       332       333       334       335       336       316       317       318       319       320       321       
342       343       344       345       346       347       348       349       350       351       352       353       354       355       356       357       337       338       339       340       341       
362       363       364       365       366       367       368       369       370       371       372       373       374       375       376       377       378       358       359       360       361       
382       383       384       385       386       387       388       389       390       391       392       393       394       395       396       397       398       399       379       380       381       
402       403       404       405       406       407       408       409       410       411       412       413       414       415       416       417       418       419       420       400       401       
422       423       424       425       426       427       428       429       430       431       432       433       434       435       436       437       438       439       440       441       421       
RESULT of Initial Data


64911     65142     65373     65604     65835     66066     66297     66528     66759     66990     67221     67452     67683     67914     68145     68376     68607     68838     69069     69300     69531     
171402    157962    158634    159306    159978    160650    161322    161994    162666    163338    164010    164682    165354    166026    166698    167370    168042    168714    169386    170058    170730    
272160    273273    251013    252126    253239    254352    255465    256578    257691    258804    259917    261030    262143    263256    264369    265482    266595    267708    268821    269934    271047    
372036    373590    375144    344064    345618    347172    348726    350280    351834    353388    354942    356496    358050    359604    361158    362712    364266    365820    367374    368928    370482    
471030    473025    475020    477015    437115    439110    441105    443100    445095    447090    449085    451080    453075    455070    457065    459060    461055    463050    465045    467040    469035    
569142    571578    574014    576450    578886    530166    532602    535038    537474    539910    542346    544782    547218    549654    552090    554526    556962    559398    561834    564270    566706    
666372    669249    672126    675003    677880    680757    623217    626094    628971    631848    634725    637602    640479    643356    646233    649110    651987    654864    657741    660618    663495    
762720    766038    769356    772674    775992    779310    782628    716268    719586    722904    726222    729540    732858    736176    739494    742812    746130    749448    752766    756084    759402    
858186    861945    865704    869463    873222    876981    880740    884499    809319    813078    816837    820596    824355    828114    831873    835632    839391    843150    846909    850668    854427    
952770    956970    961170    965370    969570    973770    977970    982170    986370    902370    906570    910770    914970    919170    923370    927570    931770    935970    940170    944370    948570    
1046472   1051113   1055754   1060395   1065036   1069677   1074318   1078959   1083600   1088241   995421    1000062   1004703   1009344   1013985   1018626   1023267   1027908   1032549   1037190   1041831   
1139292   1144374   1149456   1154538   1159620   1164702   1169784   1174866   1179948   1185030   1190112   1088472   1093554   1098636   1103718   1108800   1113882   1118964   1124046   1129128   1134210   
1231230   1236753   1242276   1247799   1253322   1258845   1264368   1269891   1275414   1280937   1286460   1291983   1181523   1187046   1192569   1198092   1203615   1209138   1214661   1220184   1225707   
1322286   1328250   1334214   1340178   1346142   1352106   1358070   1364034   1369998   1375962   1381926   1387890   1393854   1274574   1280538   1286502   1292466   1298430   1304394   1310358   1316322   
1412460   1418865   1425270   1431675   1438080   1444485   1450890   1457295   1463700   1470105   1476510   1482915   1489320   1495725   1367625   1374030   1380435   1386840   1393245   1399650   1406055   
1501752   1508598   1515444   1522290   1529136   1535982   1542828   1549674   1556520   1563366   1570212   1577058   1583904   1590750   1597596   1460676   1467522   1474368   1481214   1488060   1494906   
1590162   1597449   1604736   1612023   1619310   1626597   1633884   1641171   1648458   1655745   1663032   1670319   1677606   1684893   1692180   1699467   1553727   1561014   1568301   1575588   1582875   
1677690   1685418   1693146   1700874   1708602   1716330   1724058   1731786   1739514   1747242   1754970   1762698   1770426   1778154   1785882   1793610   1801338   1646778   1654506   1662234   1669962   
1764336   1772505   1780674   1788843   1797012   1805181   1813350   1821519   1829688   1837857   1846026   1854195   1862364   1870533   1878702   1886871   1895040   1903209   1739829   1747998   1756167   
1850100   1858710   1867320   1875930   1884540   1893150   1901760   1910370   1918980   1927590   1936200   1944810   1953420   1962030   1970640   1979250   1987860   1996470   2005080   1832880   1841490   
1934982   1944033   1953084   1962135   1971186   1980237   1989288   1998339   2007390   2016441   2025492   2034543   2043594   2052645   2061696   2070747   2079798   2088849   2097900   2106951   1925931   
RESULT of P*G


301591521 303003162 304414803 305826444 307238085 308649726 310061367 311473008 312884649 314296290 315707931 317119572 318531213 319942854 321354495 322766136 324177777 325589418 327001059 328412700 329824341 
809738622 740572182 744030504 747488826 750947148 754405470 757863792 761322114 764780436 768238758 771697080 775155402 778613724 782072046 785530368 788988690 792447012 795905334 799363656 802821978 806280300 
128414790012896529031179552843118505784611905628491196067852120157285512070778581212582861121808786412235928671229097870123460287312401078761245612879125111788212566228851262127888126763289112731378941278642897
175446381617620155001769567184161853350416260851881633636872164118855616487402401656291924166384360816713952921678946976168649866016940503441701602028170915371217167053961724257080173180876417393604481746912132
-2074280926-2064682561-2055084196-20454858312057514165206711253020767108952086309260209590762521055059902115104355212470272021343010852143899450-2141469481-2131871116-2122272751-2112674386-2103076021-2093477656-2083879291
-1612151734-1600506688-1588861642-1577216596-1565571550-1798472470-1786827424-1775182378-1763537332-1751892286-1740247240-1728602194-1716957148-1705312102-1693667056-1682022010-1670376964-1658731918-1647086872-1635441826-1623796780
-1154115904-1140424177-1126732450-1113040723-1099348996-1085657269-1359491809-1345800082-1332108355-1318416628-1304724901-1291033174-1277341447-1263649720-1249957993-1236266266-1222574539-1208882812-1195191085-1181499358-1167807631
-700173436-684435028-668696620-652958212-637219804-621481396-605742988-920511148-904772740-889034332-873295924-857557516-841819108-826080700-810342292-794603884-778865476-763127068-747388660-731650252-715911844
-250324330-232539241-214754152-196969063-179183974-161398885-143613796-125828707-481530487-463745398-445960309-428175220-410390131-392605042-374819953-357034864-339249775-321464686-303679597-285894508-268109419
195431414 215263184 235094954 254926724 274758494 294590264 314422034 334253804 354085574 -42549826 -22718056 -2886286  16945484  36777254  56609024  76440794  96272564  116104334 135936104 155767874 175599644 
637093796 658972247 680850698 702729149 724607600 746486051 768364502 790242953 812121404 833999855 396430835 418309286 440187737 462066188 483944639 505823090 527701541 549579992 571458443 593336894 615215345 
10746628161098587948112251308011464382121170363344119428847612182136081242138740126606387212899890041313914136835411496 859336628 883261760 907186892 931112024 955037156 978962288 100288742010268125521050737684
150813847415341102871560082100158605391316120257261637997539166396935216899411651715912978174188479117678566041793828417127439215713003639701326335783135230759613782794091404251222143022303514561948481482166661
19375207701965539264199355775820215762522049594746207761324021056317342133650228-2133298574-2105280080-2077261586-2049243092-202122459817133728181741391312176940980617974283001825446794185346528818814837821909502276
-1932157592-1902092417-1872027242-1841962067-1811896892-1781831717-1751766542-1721701367-1691636192-1661571017-1631505842-1601440667-1571375492-1541310317-2142613817-2112548642-2082483467-2052418292-2022353117-1992287942-1962222767
-1510962020-1478850164-1446738308-1414626452-1382514596-1350402740-1318290884-1286179028-1254067172-1221955316-1189843460-1157731604-1125619748-1093507892-1061396036-1703633156-1671521300-1639409444-1607297588-1575185732-1543073876
-1093859810-1059701273-1025542736-991384199-957225662-923067125-888908588-854750051-820591514-786432977-752274440-718115903-683957366-649798829-615640292-581481755-1264652495-1230493958-1196335421-1162176884-1128018347
-680850962-644645744-608440526-572235308-536030090-499824872-463619654-427414436-391209218-355004000-318798782-282593564-246388346-210183128-173977910-137772692-101567474-825671834-789466616-753261398-717056180
-271935476-233683577-195431678-157179779-118927880-80675981 -42424082 -4172183  34079716  72331615  110583514 148835413 187087312 225339211 263591110 301843009 340094908 378346807 -386691173-348439274-310187375
132886648 173185228 213483808 253782388 294080968 334379548 374678128 414976708 455275288 495573868 535872448 576171028 616469608 656768188 697066768 737365348 777663928 817962508 858261088 52289488  92588068  
533615410 575960671 618305932 660651193 702996454 745341715 787686976 830032237 872377498 914722759 957068020 999413281 10417585421084103803112644906411687943251211139586125348484712958301081338175369491270149 
RESULT of PG*G


3311      8162      13013     17864     22715     27566     32417     37268     42119     46970     51821     56672     61523     66374     71225     76076     80927     85778     90629     95480     100331    
290402    8162      22274     36386     50498     64610     78722     92834     106946    121058    135170    149282    163394    177506    191618    205730    219842    233954    248066    262178    276290    
457100    480473    13013     36386     59759     83132     106505    129878    153251    176624    199997    223370    246743    270116    293489    316862    340235    363608    386981    410354    433727    
605276    637910    670544    17864     50498     83132     115766    148400    181034    213668    246302    278936    311570    344204    376838    409472    442106    474740    507374    540008    572642    
734930    776825    818720    860615    22715     64610     106505    148400    190295    232190    274085    315980    357875    399770    441665    483560    525455    567350    609245    651140    693035    
846062    897218    948374    999530    1050686   27566     78722     129878    181034    232190    283346    334502    385658    436814    487970    539126    590282    641438    692594    743750    794906    
938672    999089    1059506   1119923   1180340   1240757   32417     92834     153251    213668    274085    334502    394919    455336    515753    576170    636587    697004    757421    817838    878255    
1012760   1082438   1152116   1221794   1291472   1361150   1430828   37268     106946    176624    246302    315980    385658    455336    525014    594692    664370    734048    803726    873404    943082    
1068326   1147265   1226204   1305143   1384082   1463021   1541960   1620899   42119     121058    199997    278936    357875    436814    515753    594692    673631    752570    831509    910448    989387    
1105370   1193570   1281770   1369970   1458170   1546370   1634570   1722770   1810970   46970     135170    223370    311570    399770    487970    576170    664370    752570    840770    928970    1017170   
1123892   1221353   1318814   1416275   1513736   1611197   1708658   1806119   1903580   2001041   51821     149282    246743    344204    441665    539126    636587    734048    831509    928970    1026431   
1123892   1230614   1337336   1444058   1550780   1657502   1764224   1870946   1977668   2084390   2191112   56672     163394    270116    376838    483560    590282    697004    803726    910448    1017170   
1105370   1221353   1337336   1453319   1569302   1685285   1801268   1917251   2033234   2149217   2265200   2381183   61523     177506    293489    409472    525455    641438    757421    873404    989387    
1068326   1193570   1318814   1444058   1569302   1694546   1819790   1945034   2070278   2195522   2320766   2446010   2571254   66374     191618    316862    442106    567350    692594    817838    943082    
1012760   1147265   1281770   1416275   1550780   1685285   1819790   1954295   2088800   2223305   2357810   2492315   2626820   2761325   71225     205730    340235    474740    609245    743750    878255    
938672    1082438   1226204   1369970   1513736   1657502   1801268   1945034   2088800   2232566   2376332   2520098   2663864   2807630   2951396   76076     219842    363608    507374    651140    794906    
846062    999089    1152116   1305143   1458170   1611197   1764224   1917251   2070278   2223305   2376332   2529359   2682386   2835413   2988440   3141467   80927     233954    386981    540008    693035    
734930    897218    1059506   1221794   1384082   1546370   1708658   1870946   2033234   2195522   2357810   2520098   2682386   2844674   3006962   3169250   3331538   85778     248066    410354    572642    
605276    776825    948374    1119923   1291472   1463021   1634570   1806119   1977668   2149217   2320766   2492315   2663864   2835413   3006962   3178511   3350060   3521609   90629     262178    433727    
457100    637910    818720    999530    1180340   1361150   1541960   1722770   1903580   2084390   2265200   2446010   2626820   2807630   2988440   3169250   3350060   3530870   3711680   95480     276290    
290402    480473    670544    860615    1050686   1240757   1430828   1620899   1810970   2001041   2191112   2381183   2571254   2761325   2951396   3141467   3331538   3521609   3711680   3901751   100331    
RESULT of P*Gt


15705921  38558982  61412043  84265104  107118165 129971226 152824287 175677348 198530409 221383470 244236531 267089592 289942653 312795714 335648775 358501836 381354897 404207958 427061019 449914080 472767141 
136201762245350382  111183744 177017106 242850468 308683830 374517192 440350554 506183916 572017278 637850640 703684002 769517364 835350726 901184088 967017450 10328508121098684174116451753612303508981296184260
2142454440-204369919374994843  183808506 292622169 401435832 510249495 619063158 727876821 836690484 945504147 1054317810116313147312719451361380758799148957246215983861251707199788181601345119248271142033640777
-1458036640-1306242676-1154448712104639304 256433268 408227232 560021196 711815160 863609124 10154030881167197052131899101614707849801622578944177437290819261668722077960836-2065212496-1913418532-1761624568-1609830604
-849521026-654746761-459972496-265198231134283765 329058030 523832295 718606560 913380825 110815509013029293551497703620169247788518872521502082026415-2018166616-1823392351-1628618086-1433843821-1239069556-1044295291
-326966014-89211448 148543118 386297684 624052250 163928226 401682792 639437358 877191924 11149464901352701056159045562218282101882065964754-1991247976-1753493410-1515738844-1277984278-1040229712-802475146-564720580
109628396 390363263 671098130 951832997 12325678641513302731193572687 474307554 755042421 1035777288131651215515972470221877981889-2136250540-1855515673-1574780806-1294045939-1013311072-732576205-451841338-171106471
460262204 783977372 1107692540143140770817551228762078838044-1892414084223217148 546932316 870647484 119436265215180778201841792988-2129459140-1805743972-1482028804-1158313636-834598468-510883300-187168132136547036 
724935410 109163087914583263481825021817-2103250010-1736554541-1369859072-1003163603252861609 619557078 986252547 135294801617196434852086338954-1841932873-1475237404-1108541935-741846466-375150997-8455528  358239941 
903648014 131332378417229995542132675324-1752616202-1342940432-933264662-523588892-113913122282506070 692181840 110185761015115333801921209150-1964082376-1554406606-1144730836-735055066-32537929684296474  493972244 
996400016 14490560871901712158-1940599067-1487942996-1035286925-582630854-129974783322681288 775337359 312150531 764806602 121746267316701187442122774815-1719536410-1266880339-814224268-36156819791087874  543743945 
100319141614988277881994464160-1804866764-1309230392-813594020-317957648177678724 673315096 11689514681664587840341794992 837431364 13330677361828704108-1970626816-1474990444-979354072-48371770011918672  507555044 
924022214 14626388872001255560-1755095063-1216478390-677861717-139245044399371629 937988302 14766049752015221648-1741128975371439453 910056126 14486727991987289472-1769061151-1230444478-691827805-153211132385405541 
758892410 13404893841922086358-1791283964-1209686990-628090016-46493042 535103932 11167009061698297880-2015072442-1433475468-851878494401083914 982680888 15642778622145874836-1567495486-985898512-404301538177295436 
507802004 11323792791756956554-1913433467-1288856192-664278917-39701642 584875633 12094529081834030183-1836359838-1211782563-58720528837371987  430728375 10553056501679882925-1990507096-1365929821-741352546-116775271
170750996 838308572 1505866148-2121543572-1453985996-786428420-118870844548686732 12162443081883801884-1743607836-1076050260-408492684259064892 926622468 460372836 11279304121795487988-1831921732-1164364156-496806580
-252260614458277263 11688151401879353017-1705076402-994538525-284000648426537229 11370751061847612983-1736816436-1026278559-315740682394797195 11053350721815872949490017297 12005551741911093051-1673336368-962798491
-761232826-7714648  745803530 1499321708-2042127410-1288609232-535091054218427124 971945302 1725463480-1815985638-1062467460-308949282444568896 11980870741951605252-1589843866519661758 12731799362026698114-1514751004
-1356165640-559667161236831318 10333297971829828276-1668640541-872142062-75643583 720854896 1517353375-1981115442-1184616963-388118484408379995 12048784742001376953-1497091864-700593385549306219 13458046982142303177
-2037059056-1197580276-358101496481377284 1320856064-2134632452-1295153672-455674892383803888 12232826682062761448-1392727068-553248288286230492 11257092721965188052-1490300464-650821684188657096 578950680 1418429460
1491054222-1921453993-1038994912-156535831725923250 1608382331-1804125884-921666803-39207722 843251359 1725710440-1686797775-80433869478120387  960579468 1843038549-1569469666-687010585195448496 1077907577608595141 
RESULT of PGt*Gt


1274511   1278942   1283373   1287804   1292235   1296666   1301097   1305528   1309959   1314390   1318821   1323252   1327683   1332114   1336545   1340976   1345407   1349838   1354269   1358700   1363131   
1367982   1278942   1283394   1287846   1292298   1296750   1301202   1305654   1310106   1314558   1319010   1323462   1327914   1332366   1336818   1341270   1345722   1350174   1354626   1359078   1363530   
1368360   1372833   1283373   1287846   1292319   1296792   1301265   1305738   1310211   1314684   1319157   1323630   1328103   1332576   1337049   1341522   1345995   1350468   1354941   1359414   1363887   
1368696   1373190   1377684   1287804   1292298   1296792   1301286   1305780   1310274   1314768   1319262   1323756   1328250   1332744   1337238   1341732   1346226   1350720   1355214   1359708   1364202   
1368990   1373505   1378020   1382535   1292235   1296750   1301265   1305780   1310295   1314810   1319325   1323840   1328355   1332870   1337385   1341900   1346415   1350930   1355445   1359960   1364475   
1369242   1373778   1378314   1382850   1387386   1296666   1301202   1305738   1310274   1314810   1319346   1323882   1328418   1332954   1337490   1342026   1346562   1351098   1355634   1360170   1364706   
1369452   1374009   1378566   1383123   1387680   1392237   1301097   1305654   1310211   1314768   1319325   1323882   1328439   1332996   1337553   1342110   1346667   1351224   1355781   1360338   1364895   
1369620   1374198   1378776   1383354   1387932   1392510   1397088   1305528   1310106   1314684   1319262   1323840   1328418   1332996   1337574   1342152   1346730   1351308   1355886   1360464   1365042   
1369746   1374345   1378944   1383543   1388142   1392741   1397340   1401939   1309959   1314558   1319157   1323756   1328355   1332954   1337553   1342152   1346751   1351350   1355949   1360548   1365147   
1369830   1374450   1379070   1383690   1388310   1392930   1397550   1402170   1406790   1314390   1319010   1323630   1328250   1332870   1337490   1342110   1346730   1351350   1355970   1360590   1365210   
1369872   1374513   1379154   1383795   1388436   1393077   1397718   1402359   1407000   1411641   1318821   1323462   1328103   1332744   1337385   1342026   1346667   1351308   1355949   1360590   1365231   
1369872   1374534   1379196   1383858   1388520   1393182   1397844   1402506   1407168   1411830   1416492   1323252   1327914   1332576   1337238   1341900   1346562   1351224   1355886   1360548   1365210   
1369830   1374513   1379196   1383879   1388562   1393245   1397928   1402611   1407294   1411977   1416660   1421343   1327683   1332366   1337049   1341732   1346415   1351098   1355781   1360464   1365147   
1369746   1374450   1379154   1383858   1388562   1393266   1397970   1402674   1407378   1412082   1416786   1421490   1426194   1332114   1336818   1341522   1346226   1350930   1355634   1360338   1365042   
1369620   1374345   1379070   1383795   1388520   1393245   1397970   1402695   1407420   1412145   1416870   1421595   1426320   1431045   1336545   1341270   1345995   1350720   1355445   1360170   1364895   
1369452   1374198   1378944   1383690   1388436   1393182   1397928   1402674   1407420   1412166   1416912   1421658   1426404   1431150   1435896   1340976   1345722   1350468   1355214   1359960   1364706   
1369242   1374009   1378776   1383543   1388310   1393077   1397844   1402611   1407378   1412145   1416912   1421679   1426446   1431213   1435980   1440747   1345407   1350174   1354941   1359708   1364475   
1368990   1373778   1378566   1383354   1388142   1392930   1397718   1402506   1407294   1412082   1416870   1421658   1426446   1431234   1436022   1440810   1445598   1349838   1354626   1359414   1364202   
1368696   1373505   1378314   1383123   1387932   1392741   1397550   1402359   1407168   1411977   1416786   1421595   1426404   1431213   1436022   1440831   1445640   1450449   1354269   1359078   1363887   
1368360   1373190   1378020   1382850   1387680   1392510   1397340   1402170   1407000   1411830   1416660   1421490   1426320   1431150   1435980   1440810   1445640   1450470   1455300   1358700   1363530   
1367982   1372833   1377684   1382535   1387386   1392237   1397088   1401939   1406790   1411641   1416492   1421343   1426194   1431045   1435896   1440747   1445598   1450449   1455300   1460151   1363131   
RESULT of Pt*G


16203778251648073066167576830717034635481731158789175885403017865492711814244512184193975318696349941897330235192502547619527207171980415958200811119920358064402063501681209119692221188921632146587404-2120684651
-20978315901641281666166907436816968670701724659772175245247417802451761808037878183583058018636232821891415984191920868619470013881974794090200258679220303794942058172196208596489821137576002141550302-2125624292
-2102868692-2074978529166218550716900756701717965833174585599617737461591801636322182952648518574166481885306811191319697419410871371968977300199686746320247576262052647789208053795221084281152136318278-2130758855
-2108100716-2080113092-205212546816830893481711076972173906459617670522201795039844182302746818510150921879002716190699034019349779641962965588199095321220189408362046928460207491608421029037082130891332-2136088340
-2113527662-2085442577-2057357492-20292724071703993189173207827417601633591788248444181633352918444186141872503699190058878419286738691956758954198484403920129291242041014209206909929420971843792125269464-2141612747
-2119149530-2090966984-2062784438-2034601892-2006419346172489703017530795761781262122180944466818376272141865809760189399230619221748521950357398197853994420067224902034905036206308758220912701282119452674-2147332076
-2124966320-2096686313-2068406306-2040126299-2011846292-1983566285174580087117740808781802360885183064089218589208991887200906191548091319437609201972040927200032093420286009412056880948208516095521134409622141720969
-2130978032-2102600564-2074223096-2045845628-2017468160-1989090692-196071322417667047121795082180182345964818518371161880214584190859205219369695201965346988199372445620221019242050479392207885686021072343282135611796
-2137184666-2108709737-2080234808-2051759879-2023284950-1994810021-1966335092-19378601631787608553181608348218445584111873033340190150826919299831981958458127198693305620154079852043882914207235784321008327722129307701
-2143586222-2115013832-2086441442-2057869052-2029296662-2000724272-1972151882-1943579492-1915007102180851239418370847841865657174189422956419228019541951374344197994673420085191242037091514206566390420942362942122808684
2144784596-2121512849-2092842998-2064173147-2035503296-2006833445-1978163594-1949493743-1920823892-189215404118294162351858086086188675593719154257881944095639197276549020014353412030105192205877504320874448942116114745
2137993196-2128206788-2099439476-2070672164-2041904852-2013137540-1984370228-1955602916-1926835604-1898068292-18693009801850320076187908738819078547001936622012196538932419941566362022923948205169126020804585722109225884
2131006874-2135095649-2106230876-2077366103-2048501330-2019636557-1990771784-1961907011-1933042238-1904177465-1875312692-1846447919187122391719000886901928953463195781823619866830092015547782204441255520732773282102142101
2123825630-2142179432-2113217198-2084254964-2055292730-2026330496-1997368262-1968406028-1939443794-1910481560-1881519326-1852557092-182359485818921277581921089992195005222619790144602007976694203693892820659011622094863396
21164494642145509159-2120398442-2091338747-2062279052-2033219357-2004159662-1975099967-1946040272-1916980577-1887920882-1858861187-1829801492-18007417971913031599194209129419711509892000210684202927037920583300742087389769
21088783762138035532-2127774608-2098617452-2069460296-2040303140-2011145984-1981988828-1952831672-1923674516-1894517360-1865360204-1836203048-1807045892-1777888736193393544019630925961992249752202140690820505640642079721220
21011123662130366983-2135345696-2106091079-2076836462-2047581845-2018327228-1989072611-1959817994-1930563377-1901308760-1872054143-1842799526-1813544909-1784290292-175503567519548392811984093898201334851520426031322071857749
20931514342122503512-2143111706-2113759628-2084407550-2055055472-2025703394-1996351316-1966999238-1937647160-1908295082-1878943004-1849590926-1820238848-1790886770-1761534692-17321826141975743122200509520020344472782063799356
208499558021144451192143894658-2121623099-2092173560-2062724021-2033274482-2003824943-1974375404-1944925865-1915476326-1886026787-1856577248-1827127709-1797678170-1768228631-1738779092-1709329553199664696320260965022055546041
207664480421061918042135738804-2129681492-2100134492-2070587492-2041040492-2011493492-1981946492-1952399492-1922852492-1893305492-1863758492-1834211492-1804664492-1775117492-1745570492-1716023492-168647649220175508042047097804
206809910620977435672127388028-2137934807-2108290346-2078645885-2049001424-2019356963-1989712502-1960068041-1930423580-1900779119-1871134658-1841490197-1811845736-1782201275-1752556814-1722912353-1693267892-16636234312038454645
RESULT of PtG*G


64911     157962    251013    344064    437115    530166    623217    716268    809319    902370    995421    1088472   1181523   1274574   1367625   1460676   1553727   1646778   1739829   1832880   1925931   
1934982   65142     158634    252126    345618    439110    532602    626094    719586    813078    906570    1000062   1093554   1187046   1280538   1374030   1467522   1561014   1654506   1747998   1841490   
1850100   1944033   65373     159306    253239    347172    441105    535038    628971    722904    816837    910770    1004703   1098636   1192569   1286502   1380435   1474368   1568301   1662234   1756167   
1764336   1858710   1953084   65604     159978    254352    348726    443100    537474    631848    726222    820596    914970    1009344   1103718   1198092   1292466   1386840   1481214   1575588   1669962   
1677690   1772505   1867320   1962135   65835     160650    255465    350280    445095    539910    634725    729540    824355    919170    1013985   1108800   1203615   1298430   1393245   1488060   1582875   
1590162   1685418   1780674   1875930   1971186   66066     161322    256578    351834    447090    542346    637602    732858    828114    923370    1018626   1113882   1209138   1304394   1399650   1494906   
1501752   1597449   1693146   1788843   1884540   1980237   66297     161994    257691    353388    449085    544782    640479    736176    831873    927570    1023267   1118964   1214661   1310358   1406055   
1412460   1508598   1604736   1700874   1797012   1893150   1989288   66528     162666    258804    354942    451080    547218    643356    739494    835632    931770    1027908   1124046   1220184   1316322   
1322286   1418865   1515444   1612023   1708602   1805181   1901760   1998339   66759     163338    259917    356496    453075    549654    646233    742812    839391    935970    1032549   1129128   1225707   
1231230   1328250   1425270   1522290   1619310   1716330   1813350   1910370   2007390   66990     164010    261030    358050    455070    552090    649110    746130    843150    940170    1037190   1134210   
1139292   1236753   1334214   1431675   1529136   1626597   1724058   1821519   1918980   2016441   67221     164682    262143    359604    457065    554526    651987    749448    846909    944370    1041831   
1046472   1144374   1242276   1340178   1438080   1535982   1633884   1731786   1829688   1927590   2025492   67452     165354    263256    361158    459060    556962    654864    752766    850668    948570    
952770    1051113   1149456   1247799   1346142   1444485   1542828   1641171   1739514   1837857   1936200   2034543   67683     166026    264369    362712    461055    559398    657741    756084    854427    
858186    956970    1055754   1154538   1253322   1352106   1450890   1549674   1648458   1747242   1846026   1944810   2043594   67914     166698    265482    364266    463050    561834    660618    759402    
762720    861945    961170    1060395   1159620   1258845   1358070   1457295   1556520   1655745   1754970   1854195   1953420   2052645   68145     167370    266595    365820    465045    564270    663495    
666372    766038    865704    965370    1065036   1164702   1264368   1364034   1463700   1563366   1663032   1762698   1862364   1962030   2061696   68376     168042    267708    367374    467040    566706    
569142    669249    769356    869463    969570    1069677   1169784   1269891   1369998   1470105   1570212   1670319   1770426   1870533   1970640   2070747   68607     168714    268821    368928    469035    
471030    571578    672126    772674    873222    973770    1074318   1174866   1275414   1375962   1476510   1577058   1677606   1778154   1878702   1979250   2079798   68838     169386    269934    370482    
372036    473025    574014    675003    775992    876981    977970    1078959   1179948   1280937   1381926   1482915   1583904   1684893   1785882   1886871   1987860   2088849   69069     170058    271047    
272160    373590    475020    576450    677880    779310    880740    982170    1083600   1185030   1286460   1387890   1489320   1590750   1692180   1793610   1895040   1996470   2097900   69300     170730    
171402    273273    375144    477015    578886    680757    782628    884499    986370    1088241   1190112   1291983   1393854   1495725   1597596   1699467   1801338   1903209   2005080   2106951   69531     
RESULT of Pt*Gt


15705921  45350382  74994843  104639304 134283765 163928226 193572687 223217148 252861609 282506070 312150531 341794992 371439453 401083914 430728375 460372836 490017297 519661758 549306219 578950680 608595141 
149105422238558982  111183744 183808506 256433268 329058030 401682792 474307554 546932316 619557078 692181840 764806602 837431364 910056126 982680888 105530565011279304121200555174127317993613458046981418429460
-2037059056-192145399361412043  177017106 292622169 408227232 523832295 639437358 755042421 870647484 986252547 1101857610121746267313330677361448672799156427786216798829251795487988191109305120266981142142303177
-1356165640-1197580276-103899491284265104  242850468 401435832 560021196 718606560 877191924 10357772881194362652135294801615115333801670118744182870410819872894722145874836-1990507096-1831921732-1673336368-1514751004
-761232826-559667161-358101496-156535831107118165 308683830 510249495 711815160 913380825 111494649013165121551518077820171964348519212091502122774815-1970626816-1769061151-1567495486-1365929821-1164364156-962798491
-252260614-7714648  236831318 481377284 725923250 129971226 374517192 619063158 863609124 11081550901352701056159724702218417929882086338954-1964082376-1719536410-1474990444-1230444478-985898512-741352546-496806580
170750996 458277263 745803530 103332979713208560641608382331152824287 440350554 727876821 1015403088130292935515904556221877981889-2129459140-1841932873-1554406606-1266880339-979354072-691827805-404301538-116775271
507802004 838308572 116881514014993217081829828276-2134632452-1804125884175677348 506183916 836690484 116719705214977036201828210188-2136250540-1805743972-1475237404-1144730836-814224268-483717700-153211132177295436 
758892410 113237927915058661481879353017-2042127410-1668640541-1295153672-921666803198530409 572017278 945504147 131899101616924778852065964754-1855515673-1482028804-1108541935-735055066-36156819711918672  385405541 
924022214 13404893841756956554-2121543572-1705076402-1288609232-872142062-455674892-39207722 221383470 637850640 105431781014707849801887252150-1991247976-1574780806-1158313636-741846466-32537929691087874  507555044 
100319141614626388871922086358-1913433467-1453985996-994538525-535091054-75643583 383803888 843251359 244236531 703684002 116313147316225789442082026415-1753493410-1294045939-834598468-37515099784296474  543743945 
996400016 14988277882001255560-1791283964-1288856192-786428420-284000648218427124 720854896 12232826681725710440267089592 769517364 12719451361774372908-2018166616-1515738844-1013311072-510883300-8455528  493972244 
903648014 14490560871994464160-1755095063-1209686990-664278917-118870844426537229 971945302 15173533752062761448-1686797775289942653 835350726 13807587991926166872-1823392351-1277984278-732576205-187168132358239941 
724935410 13133237841901712158-1804866764-1216478390-628090016-39701642 548686732 11370751061725463480-1981115442-1392727068-804338694312795714 901184088 14895724622077960836-1628618086-1040229712-451841338136547036 
460262204 10916308791722999554-1940599067-1309230392-677861717-46493042 584875633 12162443081847612983-1815985638-1184616963-55324828878120387  335648775 967017450 1598386125-2065212496-1433843821-802475146-171106471
109628396 783977372 14583263482132675324-1487942996-813594020-139245044535103932 12094529081883801884-1736816436-1062467460-388118484286230492 960579468 358501836 10328508121707199788-1913418532-1239069556-564720580
-326966014390363263 11076925401825021817-1752616202-1035286925-317957648399371629 11167009061834030183-1743607836-1026278559-308949282408379995 11257092721843038549381354897 10986841741816013451-1761624568-1044295291
-849521026-89211448 671098130 1431407708-2103250010-1342940432-582630854177678724 937988302 1698297880-1836359838-1076050260-315740682444568896 12048784741965188052-1569469666404207958 11645175361924827114-1609830604
-1458036640-654746761148543118 951832997 1755122876-1736554541-933264662-129974783673315096 1476604975-2015072442-1211782563-408492684394797195 11980870742001376953-1490300464-687010585427061019 12303508982033640777
2142454440-1306242676-459972496386297684 12325678642078838044-1369859072-523588892322681288 11689514682015221648-1433475468-587205288259064892 11053350721951605252-1497091864-650821684195448496 449914080 1296184260
1362017622-2043699193-1154448712-265198231624052250 1513302731-1892414084-1003163603-113913122775337359 1664587840-1741128975-85187849437371987  926622468 1815872949-1589843866-700593385188657096 1077907577472767141 
RESULT of PtGt*Gt

