Initial Data         3         4         5         6         7         8         9         10        11        12        13        14        15        16        17        18        19        20        21        22        
44        23        24        25        26        27        28        29        30        31        32        33        34        35        36        37        38        39        40        41        42        43        
65        66        45        46        47        48        49        50        51        52        53        54        55        56        57        58        59        60        61        62        63        64        
86        87        88        67        68        69        70        71        72        73        74        75        76        77        78        79        80        81        82        83        84        85        
107       108       109       110       89        90        91        92        93        94        95        96        97        98        99        100       101       102       103       104       105       106       
128       129       130       131       132       111       112       113       114       115       116       117       118       119       120       121       122       123       124       125       126       127       
149       150       151       152       153       154       133       134       135       136       137       138       139       140       141       142       143       144       145       146       147       148       
170       171       172       173       174       175       176       155       156       157       158       159       160       161       162       163       164       165       166       167       168       169       
191       192       193       194       195       196       197       198       177       178       179       180       181       182       183       184       185       186       187       188       189       190       
212       213       214       215       216       217       218       219       220       199       200       201       202       203       204       205       206       207       208       209       210       211       
233       234       235       236       237       238       239       240       241       242       221       222       223       224       225       226       227       228       229       230       231       232       
254       255       256       257       258       259       260       261       262       263       264       243       244       245       246       247       248       249       250       251       252       253       
275       276       277       278       279       280       281       282       283       284       285       286       265       266       267       268       269       270       271       272       273       274       
296       297       298       299       300       301       302       303       304       305       306       307       308       287       288       289       290       291       292       293       294       295       
317       318       319       320       321       322       323       324       325       326       327       328       329       330       309       310       311       312       313       314       315       316       
338       339       340       341       342       343       344       345       346       347       348       349       350       351       352       331       332       333       334       335       336       337       
359       360       361       362       363       364       365       366       367       368       369       370       371       372       373       374       353       354       355       356       357       358       
380       381       382       383       384       385       386       387       388       389       390       391       392       393       394       395       396       375       376       377       378       379       
401       402       403       404       405       406       407       408       409       410       411       412       413       414       415       416       417       418       397       398       399       400       
422       423       424       425       426       427       428       429       430       431       432       433       434       435       436       437       438       439       440       419       420       421       
443       444       445       446       447       448       449       450       451       452       453       454       455       456       457       458       459       460       461       462       441       442       
464       465       466       467       468       469       470       471       472       473       474       475       476       477       478       479       480       481       482       483       484       463       
  
P * G

78177     78430     78683     78936     79189     79442     79695     79948     80201     80454     80707     80960     81213     81466     81719     81972     82225     82478     82731     82984     83237     83490     
205942    190465    191202    191939    192676    193413    194150    194887    195624    196361    197098    197835    198572    199309    200046    200783    201520    202257    202994    203731    204468    205205    
327173    328394    302753    303974    305195    306416    307637    308858    310079    311300    312521    313742    314963    316184    317405    318626    319847    321068    322289    323510    324731    325952    
447436    449141    450846    415041    416746    418451    420156    421861    423566    425271    426976    428681    430386    432091    433796    435501    437206    438911    440616    442321    444026    445731    
566731    568920    571109    573298    527329    529518    531707    533896    536085    538274    540463    542652    544841    547030    549219    551408    553597    555786    557975    560164    562353    564542    
685058    687731    690404    693077    695750    639617    642290    644963    647636    650309    652982    655655    658328    661001    663674    666347    669020    671693    674366    677039    679712    682385    
802417    805574    808731    811888    815045    818202    751905    755062    758219    761376    764533    767690    770847    774004    777161    780318    783475    786632    789789    792946    796103    799260    
918808    922449    926090    929731    933372    937013    940654    864193    867834    871475    875116    878757    882398    886039    889680    893321    896962    900603    904244    907885    911526    915167    
1034231   1038356   1042481   1046606   1050731   1054856   1058981   1063106   976481    980606    984731    988856    992981    997106    1001231   1005356   1009481   1013606   1017731   1021856   1025981   1030106   
1148686   1153295   1157904   1162513   1167122   1171731   1176340   1180949   1185558   1088769   1093378   1097987   1102596   1107205   1111814   1116423   1121032   1125641   1130250   1134859   1139468   1144077   
1262173   1267266   1272359   1277452   1282545   1287638   1292731   1297824   1302917   1308010   1201057   1206150   1211243   1216336   1221429   1226522   1231615   1236708   1241801   1246894   1251987   1257080   
1374692   1380269   1385846   1391423   1397000   1402577   1408154   1413731   1419308   1424885   1430462   1313345   1318922   1324499   1330076   1335653   1341230   1346807   1352384   1357961   1363538   1369115   
1486243   1492304   1498365   1504426   1510487   1516548   1522609   1528670   1534731   1540792   1546853   1552914   1425633   1431694   1437755   1443816   1449877   1455938   1461999   1468060   1474121   1480182   
1596826   1603371   1609916   1616461   1623006   1629551   1636096   1642641   1649186   1655731   1662276   1668821   1675366   1537921   1544466   1551011   1557556   1564101   1570646   1577191   1583736   1590281   
1706441   1713470   1720499   1727528   1734557   1741586   1748615   1755644   1762673   1769702   1776731   1783760   1790789   1797818   1650209   1657238   1664267   1671296   1678325   1685354   1692383   1699412   
1815088   1822601   1830114   1837627   1845140   1852653   1860166   1867679   1875192   1882705   1890218   1897731   1905244   1912757   1920270   1762497   1770010   1777523   1785036   1792549   1800062   1807575   
1922767   1930764   1938761   1946758   1954755   1962752   1970749   1978746   1986743   1994740   2002737   2010734   2018731   2026728   2034725   2042722   1874785   1882782   1890779   1898776   1906773   1914770   
2029478   2037959   2046440   2054921   2063402   2071883   2080364   2088845   2097326   2105807   2114288   2122769   2131250   2139731   2148212   2156693   2165174   1987073   1995554   2004035   2012516   2020997   
2135221   2144186   2153151   2162116   2171081   2180046   2189011   2197976   2206941   2215906   2224871   2233836   2242801   2251766   2260731   2269696   2278661   2287626   2099361   2108326   2117291   2126256   
2239996   2249445   2258894   2268343   2277792   2287241   2296690   2306139   2315588   2325037   2334486   2343935   2353384   2362833   2372282   2381731   2391180   2400629   2410078   2211649   2221098   2230547   
2343803   2353736   2363669   2373602   2383535   2393468   2403401   2413334   2423267   2433200   2443133   2453066   2462999   2472932   2482865   2492798   2502731   2512664   2522597   2532530   2323937   2333870   
2446642   2457059   2467476   2477893   2488310   2498727   2509144   2519561   2529978   2540395   2550812   2561229   2571646   2582063   2592480   2602897   2613314   2623731   2634148   2644565   2654982   2436225   

417502877 419281214 421059551 422837888 424616225 426394562 428172899 429951236 431729573 433507910 435286247 437064584 438842921 440621258 442399595 444177932 445956269 447734606 449512943 451291280 453069617 454847954 
1117558178102598816110303486381034709115103906959210434300691047790546105215102310565115001060871977106523245410695929311073953408107831388510826743621087034839109139531610957557931100116270110447674711088372241113197701
1773325785178026840216344734451641416062164835867916553012961662243913166918653016761291471683071764169001438116969569981703899615171084223217177848491724727466173167008317386127001745555317175249793417594405511766383168
-1871038184-1861513427-1851988670-2052008567-2042483810-2032959053-2023434296-2013909539-2004384782-1994860025-1985335268-1975810511-1966285754-1956760997-1947236240-1937711483-1928186726-1918661969-1909137212-1899612455-1890087698-1880562941
-1225599137-1213492240-1201385343-1189278446-1443523283-1431416386-1419309489-1407202592-1395095695-1382988798-1370881901-1358775004-1346668107-1334561210-1322454313-1310347416-1298240519-1286133622-1274026725-1261919828-1249812931-1237706034
-585324370-570635333-555946296-541257259-526568222-835037999-820348962-805659925-790970888-776281851-761592814-746903777-732214740-717525703-702836666-688147629-673458592-658769555-644080518-629391481-614702444-600013407
49786117  67057294  84328471  101599648 118870825 136142002 -226552715-209281538-192010361-174739184-157468007-140196830-122925653-105654476-88383299 -71112122 -53840945 -36569768 -19298591 -2027414  15243763  32514940  
679732324 699585641 719438958 739292275 759145592 778998909 798852226 381932569 401785886 421639203 441492520 461345837 481199154 501052471 520905788 540759105 560612422 580465739 600319056 620172373 640025690 659879007 
13045142511326949708134938516513718206221394256079141669153614391269931461562450990417853 1012853310103528876710577242241080159681110259513811250305951147466052116990150911923369661214772423123720788012596433371282078794
1924131898194914949519741670921999184689202420228620492198832074237480209925507721242726741598903137162392073416489383311673955928169897352517239911221749008719177402631617990439131824061510184907910718740967041899114301
-1756382031-1728782294-1701182557-1673582820-1645983083-1618383346-1590783609-1563183872-1535584135-1507984398-2087578875-2059979138-2032379401-2004779664-1977179927-1949580190-1921980453-1894380716-1866780979-1839181242-1811581505-1783981768
-1147092944-1116911067-1086729190-1056547313-1026365436-996183559-966001682-935819805-905637928-875456051-845274174-1479093591-1448911714-1418729837-1388547960-1358366083-1328184206-1298002329-1267820452-1237638575-1207456698-1177274821
-542968137-510204120-477440103-444676086-411912069-379148052-346384035-313620018-280856001-248091984-215327967-182563950-870608307-837844290-805080273-772316256-739552239-706788222-674024205-641260188-608496171-575732154
55992390  91338547  126684704 162030861 197377018 232723175 268069332 303415489 338761646 374107803 409453960 444800117 480146274 -262123023-226776866-191430709-156084552-120738395-85392238 -50046081 -14699924 20646233  
649788637 687716934 725645231 763573528 801501825 839430122 877358419 915286716 953215013 991143310 1029071607106699990411049282011142856498346362261 384290558 422218855 460147152 498075449 536003746 573932043 611860340 
123842060412789310411319441478135995191514004623521440972789148148322615219936631562504100160301453716435249741684035411172454584817650562851805566722954847545 995357982 10358684191076378856111688929311573997301197910167
18218882911864980868190807344519511660221994258599203735117620804437532123536330-2128338389-2085245812-2042153235-1999060658-1955968081-1912875504-1869782927-1826690350156333282916064254061649517983169261056017357031371778795714
-1894775598-1849100881-1803426164-1757751447-1712076730-1666402013-1620727296-1575052579-1529377862-1483703145-1438028428-1392353711-1346678994-1301004277-1255329560-1209654843-1163980126-2123149183-2077474466-2031799749-1986125032-1940450315
-1321636471-1273379614-1225122757-1176865900-1128609043-1080352186-1032095329-983838472-935581615-887324758-839067901-790811044-742554187-694297330-646040473-597783616-549526759-501269902-1514663899-1466407042-1418150185-1369893328
-753661624-702822627-651983630-601144633-550305636-499466639-448627642-397788645-346949648-296110651-245271654-194432657-143593660-92754663 -41915666 8923331   59762328  110601325 161440322 -906178615-855339618-804500621
-190851057-137429920-84008783 -30587646 22833491  76254628  129675765 183096902 236518039 289939176 343360313 396781450 450202587 503623724 557044861 610465998 663887135 717308272 770729409 824150546 -297693331-244272194
366795230 422798507 478801784 534805061 590808338 646811615 702814892 758818169 814821446 870824723 926828000 982831277 103883455410948378311150841108120684438512628476621318850939137485421614308574931486860770310791953 
   
P * G t

3795      9361      14927     20493     26059     31625     37191     42757     48323     53889     59455     65021     70587     76153     81719     87285     92851     98417     103983    109549    115115    120681    
349855    9361      25575     41789     58003     74217     90431     106645    122859    139073    155287    171501    187715    203929    220143    236357    252571    268785    284999    301213    317427    333641    
552167    579029    14927     41789     68651     95513     122375    149237    176099    202961    229823    256685    283547    310409    337271    364133    390995    417857    444719    471581    498443    525305    
733183    770693    808203    20493     58003     95513     133023    170533    208043    245553    283063    320573    358083    395593    433103    470613    508123    545633    583143    620653    658163    695673    
892903    941061    989219    1037377   26059     74217     122375    170533    218691    266849    315007    363165    411323    459481    507639    555797    603955    652113    700271    748429    796587    844745    
1031327   1090133   1148939   1207745   1266551   31625     90431     149237    208043    266849    325655    384461    443267    502073    560879    619685    678491    737297    796103    854909    913715    972521    
1148455   1217909   1287363   1356817   1426271   1495725   37191     106645    176099    245553    315007    384461    453915    523369    592823    662277    731731    801185    870639    940093    1009547   1079001   
1244287   1324389   1404491   1484593   1564695   1644797   1724899   42757     122859    202961    283063    363165    443267    523369    603471    683573    763675    843777    923879    1003981   1084083   1164185   
1318823   1409573   1500323   1591073   1681823   1772573   1863323   1954073   48323     139073    229823    320573    411323    502073    592823    683573    774323    865073    955823    1046573   1137323   1228073   
1372063   1473461   1574859   1676257   1777655   1879053   1980451   2081849   2183247   53889     155287    256685    358083    459481    560879    662277    763675    865073    966471    1067869   1169267   1270665   
1404007   1516053   1628099   1740145   1852191   1964237   2076283   2188329   2300375   2412421   59455     171501    283547    395593    507639    619685    731731    843777    955823    1067869   1179915   1291961   
1414655   1537349   1660043   1782737   1905431   2028125   2150819   2273513   2396207   2518901   2641595   65021     187715    310409    433103    555797    678491    801185    923879    1046573   1169267   1291961   
1404007   1537349   1670691   1804033   1937375   2070717   2204059   2337401   2470743   2604085   2737427   2870769   70587     203929    337271    470613    603955    737297    870639    1003981   1137323   1270665   
1372063   1516053   1660043   1804033   1948023   2092013   2236003   2379993   2523983   2667973   2811963   2955953   3099943   76153     220143    364133    508123    652113    796103    940093    1084083   1228073   
1318823   1473461   1628099   1782737   1937375   2092013   2246651   2401289   2555927   2710565   2865203   3019841   3174479   3329117   81719     236357    390995    545633    700271    854909    1009547   1164185   
1244287   1409573   1574859   1740145   1905431   2070717   2236003   2401289   2566575   2731861   2897147   3062433   3227719   3393005   3558291   87285     252571    417857    583143    748429    913715    1079001   
1148455   1324389   1500323   1676257   1852191   2028125   2204059   2379993   2555927   2731861   2907795   3083729   3259663   3435597   3611531   3787465   92851     268785    444719    620653    796587    972521    
1031327   1217909   1404491   1591073   1777655   1964237   2150819   2337401   2523983   2710565   2897147   3083729   3270311   3456893   3643475   3830057   4016639   98417     284999    471581    658163    844745    
892903    1090133   1287363   1484593   1681823   1879053   2076283   2273513   2470743   2667973   2865203   3062433   3259663   3456893   3654123   3851353   4048583   4245813   103983    301213    498443    695673    
733183    941061    1148939   1356817   1564695   1772573   1980451   2188329   2396207   2604085   2811963   3019841   3227719   3435597   3643475   3851353   4059231   4267109   4474987   109549    317427    525305    
552167    770693    989219    1207745   1426271   1644797   1863323   2081849   2300375   2518901   2737427   2955953   3174479   3393005   3611531   3830057   4048583   4267109   4485635   4704161   115115    333641    
349855    579029    808203    1037377   1266551   1495725   1724899   1954073   2183247   2412421   2641595   2870769   3099943   3329117   3558291   3787465   4016639   4245813   4474987   4704161   4933335   120681    

20674907  50798099  80921291  111044483 141167675 171290867 201414059 231537251 261660443 291783635 321906827 352030019 382153211 412276403 442399595 472522787 502645979 532769171 562892363 593015555 623138747 653261939 
188533403359798321  146728593 233658865 320589137 407519409 494449681 581379953 668310225 755240497 842170769 929101041 1016031313110296158511898918571276822129136375240114506826731537612945162454321717114734891798403761
-1321298521-117756116998921735  242659087 386396439 530133791 673871143 817608495 961345847 11050831991248820551139255790315362952551680032607182376995919675073112111244663-2039985281-1896247929-1752510577-1608773225-1465035873
-346577939-14603350754510925  138045149 338589581 539134013 739678445 940222877 114076730913413117411541856173174240060519429450372143489469-1950933395-1750388963-1549844531-1349300099-1148755667-948211235-747666803-547122371
514528483 771879995 10292315071286583019177168563 434520075 691871587 949223099 1206574611146392612317212776351978629147-2058986637-1801635125-1544283613-1286932101-1029580589-772229077-514877565-257526053-174541   257176971 
126202074515761793371890337929-2090470775-1776312183216291977 530450569 844609161 1158767753147292634517870849372101243529-1879565175-1565406583-1251247991-937089399-622930807-3087722155386377   319544969 633703561 947862153 
1895898847-2028102777-1657137105-1286171433-915205761-544240089255415391 626381063 997346735 136831240717392780792110243751-1813757873-1442792201-1071826529-700860857-32989518541070487  412036159 783001831 11539675031524933175
-1878804507-1451031755-1023259003-595486251-167713499260059253 687832005 294538805 722311557 115008430915778570612005629813-1861564731-1433791979-1006019227-578246475-150473723277299029 705071781 113284453315606172851988390037
-1472154725-987574893-502995061-18415229 466164603 950744435 14353242671919904099333662219 818242051 13028218831787401715-2022985749-1538405917-1053826085-569246253-84666421 399913411 884493243 13690730751853652907-1956734557
-1179119103-637732191-96345279 445041633 986428545 15278154572069202369-1684378015-1142991103372785633 914172545 14555594571996946369-1756634015-1215247103-673860191-132473279408913633 950300545 14916874572033074369-1720506015
-999697641-401503649196690343 794884335 13930783271991272319-1705500985-1107306993-50911300189080991  411909047 10101030391608297031-2088476273-1490282281-892088289-293894297304299695 902493687 15006876792098881671-1597891633
-933890339-278889267376111805 10311128771686113949-1953852275-1298851203-64385013111150941  666152013 1321153085451032461 11060335331761034605-1878931619-1223930547-56892947586071597  741072669 13960737412051074813-1588891411
-981697197-269889045441919107 11537272591865535411-1717623733-1005815581-294007429417800723 11296088751841417027-1741742117490155875 12019640271913772179-1669386965-957578813-245770661466037491 11778456431889653795-1693505349
-1143118215-374502983394112249 11627274811931342713-1595009351-826394119-57778887 710836345 1479451577-2046900487-1278285255-509670023529279289 12978945212066509753-1459842311-69122707977388153  846003385 1614618617-1911733447
-1418153393-592731081232691231 10581135431883535855-1586009129-76058681764835495  890257807 1715680119-1753864865-928442553-103020241722402071 568402703 1393825015-2075719969-1250297657-424875345400546967 12259692792051391591
-1806802731-924573339-42343947 839885445 1722114837-1690623067-80839367573835717  956065109 1838294501-1574443403-692214011190015381 10722447731954474165607526117 1489755509-1922982395-1040753003-158523611723705781 1605935173
1985901067-1370029757-430993285508043187 1447079659-1908851165-969814693-30778221 908258251 1847294723-1508636101-569599629369436843 1308473315-2047457509-1108421037646649531 1585686003-1770244821-831208349107828123 1046864595
1370023409-1929100335-93325678362586769  10584303212054273873-1244849871-249006319746837233 1742680785-1556442959-560599407435244145 1431087697-1868036047-872192495123651057 685772945 1681616497-1617507247-621663695374179857 
640531591 1693182223-1549134441-496483809556166823 1608817455-1633499209-580848577471802055 1524452687-1717863977-665213345387437287 1440087919-1802228745-749578113303072519 1355723151724896359 1777546991-1464769673-412119041
-202574387906883325 2016341037-1169168547-59710835 1049746877-2135762707-102630499583152717  1192610429-1992899155-883441443226016269 1335473981-1850035603-740577891368879821 1478337533-1707172051764019773 1873477485-1312032099
-11592945256970267   1173235059-1955467445-789202653377062139 1543326931-1585375573-419110781747154011 1913418803-1215283701-49018909 1117245883-2011456621-845191829321072963 1487337755-1641364749-475099957803143187 1969407979
2065338473-1006556951216514921 1439586793-1632308631-409236759813835113 2036906985-1034988439188083433 1411155305-1660740119-437668247785403625 2008475497-1063419927159651945 1382723817-1689171607-466099735756972137 842266601 
   
P t * G

1612710   1617814   1622918   1628022   1633126   1638230   1643334   1648438   1653542   1658646   1663750   1668854   1673958   1679062   1684166   1689270   1694374   1699478   1704582   1709686   1714790   1719894   
1725460   1617814   1622940   1628066   1633192   1638318   1643444   1648570   1653696   1658822   1663948   1669074   1674200   1679326   1684452   1689578   1694704   1699830   1704956   1710082   1715208   1720334   
1725878   1731026   1622918   1628066   1633214   1638362   1643510   1648658   1653806   1658954   1664102   1669250   1674398   1679546   1684694   1689842   1694990   1700138   1705286   1710434   1715582   1720730   
1726252   1731422   1736592   1628022   1633192   1638362   1643532   1648702   1653872   1659042   1664212   1669382   1674552   1679722   1684892   1690062   1695232   1700402   1705572   1710742   1715912   1721082   
1726582   1731774   1736966   1742158   1633126   1638318   1643510   1648702   1653894   1659086   1664278   1669470   1674662   1679854   1685046   1690238   1695430   1700622   1705814   1711006   1716198   1721390   
1726868   1732082   1737296   1742510   1747724   1638230   1643444   1648658   1653872   1659086   1664300   1669514   1674728   1679942   1685156   1690370   1695584   1700798   1706012   1711226   1716440   1721654   
1727110   1732346   1737582   1742818   1748054   1753290   1643334   1648570   1653806   1659042   1664278   1669514   1674750   1679986   1685222   1690458   1695694   1700930   1706166   1711402   1716638   1721874   
1727308   1732566   1737824   1743082   1748340   1753598   1758856   1648438   1653696   1658954   1664212   1669470   1674728   1679986   1685244   1690502   1695760   1701018   1706276   1711534   1716792   1722050   
1727462   1732742   1738022   1743302   1748582   1753862   1759142   1764422   1653542   1658822   1664102   1669382   1674662   1679942   1685222   1690502   1695782   1701062   1706342   1711622   1716902   1722182   
1727572   1732874   1738176   1743478   1748780   1754082   1759384   1764686   1769988   1658646   1663948   1669250   1674552   1679854   1685156   1690458   1695760   1701062   1706364   1711666   1716968   1722270   
1727638   1732962   1738286   1743610   1748934   1754258   1759582   1764906   1770230   1775554   1663750   1669074   1674398   1679722   1685046   1690370   1695694   1701018   1706342   1711666   1716990   1722314   
1727660   1733006   1738352   1743698   1749044   1754390   1759736   1765082   1770428   1775774   1781120   1668854   1674200   1679546   1684892   1690238   1695584   1700930   1706276   1711622   1716968   1722314   
1727638   1733006   1738374   1743742   1749110   1754478   1759846   1765214   1770582   1775950   1781318   1786686   1673958   1679326   1684694   1690062   1695430   1700798   1706166   1711534   1716902   1722270   
1727572   1732962   1738352   1743742   1749132   1754522   1759912   1765302   1770692   1776082   1781472   1786862   1792252   1679062   1684452   1689842   1695232   1700622   1706012   1711402   1716792   1722182   
1727462   1732874   1738286   1743698   1749110   1754522   1759934   1765346   1770758   1776170   1781582   1786994   1792406   1797818   1684166   1689578   1694990   1700402   1705814   1711226   1716638   1722050   
1727308   1732742   1738176   1743610   1749044   1754478   1759912   1765346   1770780   1776214   1781648   1787082   1792516   1797950   1803384   1689270   1694704   1700138   1705572   1711006   1716440   1721874   
1727110   1732566   1738022   1743478   1748934   1754390   1759846   1765302   1770758   1776214   1781670   1787126   1792582   1798038   1803494   1808950   1694374   1699830   1705286   1710742   1716198   1721654   
1726868   1732346   1737824   1743302   1748780   1754258   1759736   1765214   1770692   1776170   1781648   1787126   1792604   1798082   1803560   1809038   1814516   1699478   1704956   1710434   1715912   1721390   
1726582   1732082   1737582   1743082   1748582   1754082   1759582   1765082   1770582   1776082   1781582   1787082   1792582   1798082   1803582   1809082   1814582   1820082   1704582   1710082   1715582   1721082   
1726252   1731774   1737296   1742818   1748340   1753862   1759384   1764906   1770428   1775950   1781472   1786994   1792516   1798038   1803560   1809082   1814604   1820126   1825648   1709686   1715208   1720730   
1725878   1731422   1736966   1742510   1748054   1753598   1759142   1764686   1770230   1775774   1781318   1786862   1792406   1797950   1803494   1809038   1814582   1820126   1825670   1831214   1714790   1720334   
1725460   1731026   1736592   1742158   1747724   1753290   1758856   1764422   1769988   1775554   1781120   1786686   1792252   1797818   1803384   1808950   1814516   1820082   1825648   1831214   1836780   1719894   

14301840  50960484  87619128  124277772 160936416 197595060 234253704 270912348 307570992 344229636 380888280 417546924 454205568 490864212 527522856 564181500 600840144 637498788 674157432 710816076 747474720 784133364 
814256556 41960262  78736276  115512290 152288304 189064318 225840332 262616346 299392360 336168374 372944388 409720402 446496416 483272430 520048444 556824458 593600472 630376486 667152500 703928514 740704528 777480542 
807486364 844379748 69618684  106512068 143405452 180298836 217192220 254085604 290978988 327872372 364765756 401659140 438552524 475445908 512339292 549232676 586126060 623019444 659912828 696806212 733699596 770592980 
800481432 837492186 874502940 97277106  134287860 171298614 208309368 245320122 282330876 319341630 356352384 393363138 430373892 467384646 504395400 541406154 578416908 615427662 652438416 689449170 726459924 763470678 
793241760 830369884 867498008 904626132 124935528 162063652 199191776 236319900 273448024 310576148 347704272 384832396 421960520 459088644 496216768 533344892 570473016 607601140 644729264 681857388 718985512 756113636 
785767348 823012842 860258336 897503830 934749324 152593950 189839444 227084938 264330432 301575926 338821420 376066914 413312408 450557902 487803396 525048890 562294384 599539878 636785372 674030866 711276360 748521854 
778058196 815421060 852783924 890146788 927509652 964872516 180252372 217615236 254978100 292340964 329703828 367066692 404429556 441792420 479155284 516518148 553881012 591243876 628606740 665969604 703332468 740695332 
770114304 807594538 845074772 882555006 920035240 957515474 994995708 207910794 245391028 282871262 320351496 357831730 395311964 432792198 470272432 507752666 545232900 582713134 620193368 657673602 695153836 732634070 
761935672 799533276 837130880 874728484 912326088 949923692 987521296 1025118900235569216 273166820 310764424 348362028 385959632 423557236 461154840 498752444 536350048 573947652 611545256 649142860 686740464 724338068 
753522300 791237274 828952248 866667222 904382196 942097170 979812144 10175271181055242092263227638 300942612 338657586 376372560 414087534 451802508 489517482 527232456 564947430 602662404 640377378 678092352 715807326 
744874188 782706532 820538876 858371220 896203564 934035908 971868252 100970059610475329401085365284290886060 328718404 366550748 404383092 442215436 480047780 517880124 555712468 593544812 631377156 669209500 707041844 
735991336 773941050 811890764 849840478 887790192 925739906 963689620 1001639334103958904810775387621115488476318544482 356494196 394443910 432393624 470343338 508293052 546242766 584192480 622142194 660091908 698041622 
726873744 764940828 803007912 841074996 879142080 917209164 955276248 993343332 1031410416106947750011075445841145611668346202904 384269988 422337072 460404156 498471240 536538324 574605408 612672492 650739576 688806660 
717521412 755705866 793890320 832074774 870259228 908443682 946628136 984812590 10229970441061181498109936595211375504061175734860373861326 412045780 450230234 488414688 526599142 564783596 602968050 641152504 679336958 
707934340 746236164 784537988 822839812 861141636 899443460 937745284 976047108 101434893210526507561090952580112925440411675562281205858052401519748 439821572 478123396 516425220 554727044 593028868 631330692 669632516 
698112528 736531722 774950916 813370110 851789304 890208498 928627692 967046886 1005466080104388527410823044681120723662115914285611975620501235981244429178170 467597364 506016558 544435752 582854946 621274140 659693334 
688055976 726592540 765129104 803665668 842202232 880738796 919275360 957811924 996348488 1034885052107342161611119581801150494744118903130812275678721266104436456836592 495373156 533909720 572446284 610982848 649519412 
677764684 716418618 755072552 793726486 832380420 871034354 909688288 948342222 986996156 10256500901064304024110295795811416118921180265826121891976012575736941296227628484495014 523148948 561802882 600456816 639110750 
667238652 706009956 744781260 783552564 822323868 861095172 899866476 938637780 977409084 101618038810549516921093722996113249430011712656041210036908124880821212875795161326350820512153436 550924740 589696044 628467348 
656477880 695366554 734255228 773143902 812032576 850921250 889809924 928698598 967587272 1006475946104536462010842532941123141968116203064212009193161239807990127869666413175853381356474012539811858 578700532 617589206 
645482368 684488412 723494456 762500500 801506544 840512588 879518632 918524676 957530720 996536764 1035542808107454885211135548961152560940119156698412305730281269579072130858511613475911601386597204567470280 606476324 
634252116 673375530 712498944 751622358 790745772 829869186 868992600 908116014 947239428 986362842 10254862561064609670110373308411428564981181979912122110332612602267401299350154133847356813775969821416720396595128702 
    
P t * G t

78177     190465    302753    415041    527329    639617    751905    864193    976481    1088769   1201057   1313345   1425633   1537921   1650209   1762497   1874785   1987073   2099361   2211649   2323937   2436225   
2446642   78430     191202    303974    416746    529518    642290    755062    867834    980606    1093378   1206150   1318922   1431694   1544466   1657238   1770010   1882782   1995554   2108326   2221098   2333870   
2343803   2457059   78683     191939    305195    418451    531707    644963    758219    871475    984731    1097987   1211243   1324499   1437755   1551011   1664267   1777523   1890779   2004035   2117291   2230547   
2239996   2353736   2467476   78936     192676    306416    420156    533896    647636    761376    875116    988856    1102596   1216336   1330076   1443816   1557556   1671296   1785036   1898776   2012516   2126256   
2135221   2249445   2363669   2477893   79189     193413    307637    421861    536085    650309    764533    878757    992981    1107205   1221429   1335653   1449877   1564101   1678325   1792549   1906773   2020997   
2029478   2144186   2258894   2373602   2488310   79442     194150    308858    423566    538274    652982    767690    882398    997106    1111814   1226522   1341230   1455938   1570646   1685354   1800062   1914770   
1922767   2037959   2153151   2268343   2383535   2498727   79695     194887    310079    425271    540463    655655    770847    886039    1001231   1116423   1231615   1346807   1461999   1577191   1692383   1807575   
1815088   1930764   2046440   2162116   2277792   2393468   2509144   79948     195624    311300    426976    542652    658328    774004    889680    1005356   1121032   1236708   1352384   1468060   1583736   1699412   
1706441   1822601   1938761   2054921   2171081   2287241   2403401   2519561   80201     196361    312521    428681    544841    661001    777161    893321    1009481   1125641   1241801   1357961   1474121   1590281   
1596826   1713470   1830114   1946758   2063402   2180046   2296690   2413334   2529978   80454     197098    313742    430386    547030    663674    780318    896962    1013606   1130250   1246894   1363538   1480182   
1486243   1603371   1720499   1837627   1954755   2071883   2189011   2306139   2423267   2540395   80707     197835    314963    432091    549219    666347    783475    900603    1017731   1134859   1251987   1369115   
1374692   1492304   1609916   1727528   1845140   1962752   2080364   2197976   2315588   2433200   2550812   80960     198572    316184    433796    551408    669020    786632    904244    1021856   1139468   1257080   
1262173   1380269   1498365   1616461   1734557   1852653   1970749   2088845   2206941   2325037   2443133   2561229   81213     199309    317405    435501    553597    671693    789789    907885    1025981   1144077   
1148686   1267266   1385846   1504426   1623006   1741586   1860166   1978746   2097326   2215906   2334486   2453066   2571646   81466     200046    318626    437206    555786    674366    792946    911526    1030106   
1034231   1153295   1272359   1391423   1510487   1629551   1748615   1867679   1986743   2105807   2224871   2343935   2462999   2582063   81719     200783    319847    438911    557975    677039    796103    915167    
918808    1038356   1157904   1277452   1397000   1516548   1636096   1755644   1875192   1994740   2114288   2233836   2353384   2472932   2592480   81972     201520    321068    440616    560164    679712    799260    
802417    922449    1042481   1162513   1282545   1402577   1522609   1642641   1762673   1882705   2002737   2122769   2242801   2362833   2482865   2602897   82225     202257    322289    442321    562353    682385    
685058    805574    926090    1046606   1167122   1287638   1408154   1528670   1649186   1769702   1890218   2010734   2131250   2251766   2372282   2492798   2613314   82478     202994    323510    444026    564542    
566731    687731    808731    929731    1050731   1171731   1292731   1413731   1534731   1655731   1776731   1897731   2018731   2139731   2260731   2381731   2502731   2623731   82731     203731    324731    445731    
447436    568920    690404    811888    933372    1054856   1176340   1297824   1419308   1540792   1662276   1783760   1905244   2026728   2148212   2269696   2391180   2512664   2634148   82984     204468    325952    
327173    449141    571109    693077    815045    937013    1058981   1180949   1302917   1424885   1546853   1668821   1790789   1912757   2034725   2156693   2278661   2400629   2522597   2644565   83237     205205    
205942    328394    450846    573298    695750    818202    940654    1063106   1185558   1308010   1430462   1552914   1675366   1797818   1920270   2042722   2165174   2287626   2410078   2532530   2654982   83490     

20674907  59798321  98921735  138045149 177168563 216291977 255415391 294538805 333662219 372785633 411909047 451032461 490155875 529279289 568402703 607526117 646649531 685772945 724896359 764019773 803143187 842266601 
206533847350798099  146728593 242659087 338589581 434520075 530450569 626381063 722311557 818242051 914172545 10101030391106033533120196402712978945211393825015148975550915856860031681616497177754699118734774851969407979
-1159294525-100655695180921291  233658865 386396439 539134013 691871587 844609161 997346735 1150084309130282188314555594571608297031176103460519137721792066509753-2075719969-1922982395-1770244821-1617507247-1464769673-1312032099
-2025743876970267   216514921 111044483 320589137 530133791 739678445 949223099 11587677531368312407157785706117874017151996946369-2088476273-1878931619-1669386965-1459842311-1250297657-1040753003-831208349-621663695-412119041
640531591 906883325 11732350591439586793141167675 407519409 673871143 940222877 1206574611147292634517392780792005629813-2022985749-1756634015-1490282281-1223930547-957578813-691227079-424875345-158523611107828123 374179857 
137002340916931822232016341037-1955467445-1632308631171290867 494449681 817608495 1140767309146392612317870849372110243751-1861564731-1538405917-1215247103-892088289-568929475-24577066177388153  400546967 723705781 1046864595
1985901067-1929100335-1549134441-1169168547-789202653-409236759201414059 581379953 961345847 134131174117212776352101243529-1813757873-1433791979-1053826085-673860191-29389429786071597  466037491 846003385 12259692791605935173
-1806802731-1370029757-933256783-496483809-59710835 377062139 813835113 231537251 668310225 110508319915418561731978629147-1879565175-1442792201-1006019227-569246253-132473279304299695 741072669 117784564316146186172051391591
-1418153393-924573339-43099328562586769  556166823 104974687715433269312036906985261660443 755240497 12488205511742400605-2058986637-1565406583-1071826529-578246475-84666421 408913633 902493687 13960737411889653795-1911733447
-1143118215-592731081-42343947 508043187 10584303211608817455-2135762707-1585375573-1034988439291783635 842170769 13925579031942945037-1801635125-1251247991-700860857-150473723399913411 950300545 15006876792051074813-1693505349
-981697197-374502983232691231 839885445 14470796592054273873-1633499209-1026304995-419110781188083433 321906827 929101041 15362952552143489469-1544283613-937089399-329895185277299029 884493243 14916874572098881671-1588891411
-933890339-269889045394112249 10581135431722114837-1908851165-1244849871-58084857783152717  747154011 1411155305352030019 10160313131680032607-1950933395-1286932101-62293080741070487  705071781 13690730752033074369-1597891633
-999697641-278889267441919107 11627274811883535855-1690623067-969814693-249006319471802055 11926104291913418803-1660740119382153211 11029615851823769959-1750388963-1029580589-308772215412036159 11328445331853652907-1720506015
-1179119103-401503649376111805 11537272591931342713-1586009129-808393675-30778221 746837233 1524452687-1992899155-1215283701-437668247412276403 11898918571967507311-1549844531-7722290775386377   783001831 1560617285-1956734557
-1472154725-637732191196690343 10311128771865535411-1595009351-76058681773835717  908258251 1742680785-1717863977-883441443-49018909 785403625 442399595 12768221292111244663-1349300099-514877565319544969 11539675031988390037
-1878804507-987574893-96345279 794884335 1686113949-1717623733-82639411964835495  956065109 1847294723-1556442959-665213345226016269 11172458832008475497472522787 1363752401-2039985281-1148755667-257526053633703561 1524933175
1895898847-1451031755-502995061445041633 1393078327-1953852275-1005815581-57778887 890257807 1838294501-1508636101-560599407387437287 1335473981-2011456621-1063419927502645979 1450682673-1896247929-948211235-174541   947862153 
1262020745-2028102777-1023259003-18415229 986428545 1991272319-1298851203-294007429710836345 1715680119-1574443403-569599629435244145 1440087919-1850035603-845191829159651945 532769171 1537612945-1752510577-747666803257176971 
514528483 1576179337-1657137105-595486251466164603 1527815457-1705500985-643850131417800723 1479451577-1753864865-692214011369436843 1431087697-1802228745-740577891321072963 1382723817562892363 1624543217-1608773225-547122371
-346577939771879995 1890337929-1286171433-167713499950744435 2069202369-110730699311150941  1129608875-2046900487-928442553190015381 1308473315-1868036047-749578113368879821 1487337755-1689171607593015555 1711473489-1465035873
-1321298521-1460335071029231507-2090470775-915205761260059253 1435324267-1684378015-509113001666152013 1841417027-1278285255-1030202411072244773-2047457509-872192495303072519 1478337533-1641364749-466099735623138747 1798403761
1885334033-117756116954510925  1286583019-1776312183-544240089687832005 1919904099-114299110389080991  1321153085-1741742117-509670023722402071 1954474165-1108421037123651057 1355723151-1707172051-475099957756972137 653261939 
