Initial Data         3         4         5         6         7         8         9         10        11        12        13        14        15        16        17        18        19        20        21        22        23        
46        24        25        26        27        28        29        30        31        32        33        34        35        36        37        38        39        40        41        42        43        44        45        
68        69        47        48        49        50        51        52        53        54        55        56        57        58        59        60        61        62        63        64        65        66        67        
90        91        92        70        71        72        73        74        75        76        77        78        79        80        81        82        83        84        85        86        87        88        89        
112       113       114       115       93        94        95        96        97        98        99        100       101       102       103       104       105       106       107       108       109       110       111       
134       135       136       137       138       116       117       118       119       120       121       122       123       124       125       126       127       128       129       130       131       132       133       
156       157       158       159       160       161       139       140       141       142       143       144       145       146       147       148       149       150       151       152       153       154       155       
178       179       180       181       182       183       184       162       163       164       165       166       167       168       169       170       171       172       173       174       175       176       177       
200       201       202       203       204       205       206       207       185       186       187       188       189       190       191       192       193       194       195       196       197       198       199       
222       223       224       225       226       227       228       229       230       208       209       210       211       212       213       214       215       216       217       218       219       220       221       
244       245       246       247       248       249       250       251       252       253       231       232       233       234       235       236       237       238       239       240       241       242       243       
266       267       268       269       270       271       272       273       274       275       276       254       255       256       257       258       259       260       261       262       263       264       265       
288       289       290       291       292       293       294       295       296       297       298       299       277       278       279       280       281       282       283       284       285       286       287       
310       311       312       313       314       315       316       317       318       319       320       321       322       300       301       302       303       304       305       306       307       308       309       
332       333       334       335       336       337       338       339       340       341       342       343       344       345       323       324       325       326       327       328       329       330       331       
354       355       356       357       358       359       360       361       362       363       364       365       366       367       368       346       347       348       349       350       351       352       353       
376       377       378       379       380       381       382       383       384       385       386       387       388       389       390       391       369       370       371       372       373       374       375       
398       399       400       401       402       403       404       405       406       407       408       409       410       411       412       413       414       392       393       394       395       396       397       
420       421       422       423       424       425       426       427       428       429       430       431       432       433       434       435       436       437       415       416       417       418       419       
442       443       444       445       446       447       448       449       450       451       452       453       454       455       456       457       458       459       460       438       439       440       441       
464       465       466       467       468       469       470       471       472       473       474       475       476       477       478       479       480       481       482       483       461       462       463       
486       487       488       489       490       491       492       493       494       495       496       497       498       499       500       501       502       503       504       505       506       484       485       
508       509       510       511       512       513       514       515       516       517       518       519       520       521       522       523       524       525       526       527       528       529       507       
  
P * G

93380     93656     93932     94208     94484     94760     95036     95312     95588     95864     96140     96416     96692     96968     97244     97520     97796     98072     98348     98624     98900     99176     99452     
245456    227746    228551    229356    230161    230966    231771    232576    233381    234186    234991    235796    236601    237406    238211    239016    239821    240626    241431    242236    243041    243846    244651    
390126    391460    362112    363446    364780    366114    367448    368782    370116    371450    372784    374118    375452    376786    378120    379454    380788    382122    383456    384790    386124    387458    388792    
533738    535601    537464    496478    498341    500204    502067    503930    505793    507656    509519    511382    513245    515108    516971    518834    520697    522560    524423    526286    528149    530012    531875    
676292    678684    681076    683468    630844    633236    635628    638020    640412    642804    645196    647588    649980    652372    654764    657156    659548    661940    664332    666724    669116    671508    673900    
817788    820709    823630    826551    829472    765210    768131    771052    773973    776894    779815    782736    785657    788578    791499    794420    797341    800262    803183    806104    809025    811946    814867    
958226    961676    965126    968576    972026    975476    899576    903026    906476    909926    913376    916826    920276    923726    927176    930626    934076    937526    940976    944426    947876    951326    954776    
1097606   1101585   1105564   1109543   1113522   1117501   1121480   1033942   1037921   1041900   1045879   1049858   1053837   1057816   1061795   1065774   1069753   1073732   1077711   1081690   1085669   1089648   1093627   
1235928   1240436   1244944   1249452   1253960   1258468   1262976   1267484   1168308   1172816   1177324   1181832   1186340   1190848   1195356   1199864   1204372   1208880   1213388   1217896   1222404   1226912   1231420   
1373192   1378229   1383266   1388303   1393340   1398377   1403414   1408451   1413488   1302674   1307711   1312748   1317785   1322822   1327859   1332896   1337933   1342970   1348007   1353044   1358081   1363118   1368155   
1509398   1514964   1520530   1526096   1531662   1537228   1542794   1548360   1553926   1559492   1437040   1442606   1448172   1453738   1459304   1464870   1470436   1476002   1481568   1487134   1492700   1498266   1503832   
1644546   1650641   1656736   1662831   1668926   1675021   1681116   1687211   1693306   1699401   1705496   1571406   1577501   1583596   1589691   1595786   1601881   1607976   1614071   1620166   1626261   1632356   1638451   
1778636   1785260   1791884   1798508   1805132   1811756   1818380   1825004   1831628   1838252   1844876   1851500   1705772   1712396   1719020   1725644   1732268   1738892   1745516   1752140   1758764   1765388   1772012   
1911668   1918821   1925974   1933127   1940280   1947433   1954586   1961739   1968892   1976045   1983198   1990351   1997504   1840138   1847291   1854444   1861597   1868750   1875903   1883056   1890209   1897362   1904515   
2043642   2051324   2059006   2066688   2074370   2082052   2089734   2097416   2105098   2112780   2120462   2128144   2135826   2143508   1974504   1982186   1989868   1997550   2005232   2012914   2020596   2028278   2035960   
2174558   2182769   2190980   2199191   2207402   2215613   2223824   2232035   2240246   2248457   2256668   2264879   2273090   2281301   2289512   2108870   2117081   2125292   2133503   2141714   2149925   2158136   2166347   
2304416   2313156   2321896   2330636   2339376   2348116   2356856   2365596   2374336   2383076   2391816   2400556   2409296   2418036   2426776   2435516   2243236   2251976   2260716   2269456   2278196   2286936   2295676   
2433216   2442485   2451754   2461023   2470292   2479561   2488830   2498099   2507368   2516637   2525906   2535175   2544444   2553713   2562982   2572251   2581520   2377602   2386871   2396140   2405409   2414678   2423947   
2560958   2570756   2580554   2590352   2600150   2609948   2619746   2629544   2639342   2649140   2658938   2668736   2678534   2688332   2698130   2707928   2717726   2727524   2511968   2521766   2531564   2541362   2551160   
2687642   2697969   2708296   2718623   2728950   2739277   2749604   2759931   2770258   2780585   2790912   2801239   2811566   2821893   2832220   2842547   2852874   2863201   2873528   2646334   2656661   2666988   2677315   
2813268   2824124   2834980   2845836   2856692   2867548   2878404   2889260   2900116   2910972   2921828   2932684   2943540   2954396   2965252   2976108   2986964   2997820   3008676   3019532   2780700   2791556   2802412   
2937836   2949221   2960606   2971991   2983376   2994761   3006146   3017531   3028916   3040301   3051686   3063071   3074456   3085841   3097226   3108611   3119996   3131381   3142766   3154151   3165536   2915066   2926451   
3061346   3073260   3085174   3097088   3109002   3120916   3132830   3144744   3156658   3168572   3180486   3192400   3204314   3216228   3228142   3240056   3251970   3263884   3275798   3287712   3299626   3311540   3049432   

569686448 571904016 574121584 576339152 578556720 580774288 582991856 585209424 587426992 589644560 591862128 594079696 596297264 598514832 600732400 602949968 605167536 607385104 609602672 611820240 614037808 616255376 618472944 
15206803281400960222140640204514118438681417285691142272751414281693371433611160143905298314444948061449936629145537845214608202751466262098147170392114771457441482587567148802939014934712131498913036150435485915097966821515238505
-1880745662-1872079584-2062733300-2054067222-2045401144-2036735066-2028068988-2019402910-2010736832-2002070754-1993404676-1984738598-1976072520-1967406442-1958740364-1950074286-1941408208-1932742130-1924076052-1915409974-1906743896-1898077818-1889411740
-993652866-981762533-969872200-1231459526-1219569193-1207678860-1195788527-1183898194-1172007861-1160117528-1148227195-1136336862-1124446529-1112556196-1100665863-1088775530-1076885197-1064994864-1053104531-1041214198-1029323865-1017433532-1005543199
-113008580-97893992 -82779404 -67664816 -400185752-385071164-369956576-354841988-339727400-324612812-309498224-294383636-279269048-264154460-249039872-233925284-218810696-203696108-188581520-173466932-158352344-143237756-128123168
761187196 779526039 797864882 816203725 834542568 431088022 449426865 467765708 486104551 504443394 522782237 541121080 559459923 577798766 596137609 614476452 632815295 651154138 669492981 687831824 706170667 724509510 742848353 
16289344621650497560167206065816936237561715186854173674995212623617961283924894130548799213270510901348614188137017728613917403841413303482143486658014564296781477992776149955587415211189721542682070156424516815858082661607371364
-1804734078-1779946725-1755159372-1730372019-1705584666-1680797313-1656009960209363557021184229232143210276-2126969667-2102182314-2077394961-2052607608-2027820255-2003032902-1978245549-1953458196-1928670843-1903883490-1879096137-1854308784-1829521431
-949883832-921872224-893860616-865849008-837837400-809825792-781814184-753802576-1370057952-1342046344-1314034736-1286023128-1258011520-1229999912-1201988304-1173976696-1145965088-1117953480-1089941872-1061930264-1033918656-1005907048-977895440
-101482096-70246233 -39010370 -7774507  23461356  54697219  85933082  117168945 148404808 -538784178-507548315-476312452-445076589-413840726-382604863-351369000-320133137-288897274-257661411-226425548-195189685-163953822-132717959
740471130 774931248 809391366 843851484 878311602 912771720 947231838 981691956 10161520741050612192292489596 326949714 361409832 395869950 430330068 464790186 499250304 533710422 568170540 602630658 637090776 671550894 706011012 
15759758461613660219165134459216890289651726713338176439771118020820841839766457187745083019151352031952819576112376337011614477431199132116123681648912745008621312185235134986960813875539811425238354146292272715006071001538291473
-1889935244-1849026616-1808117988-1767209360-1726300732-1685392104-1644483476-1603574848-1562666220-1521757592-1480848964-143994033619550371441995945772203685440020777630282118671656-2135387012-2094478384-2053569756-2012661128-1971752500-1930843872
-1067327548-1023194665-979061782-934928899-890796016-846663133-802530250-758397367-714264484-670131601-625998718-581865835-537732952-1508656378-1464523495-1420390612-1376257729-1332124846-1287991963-1243859080-1199726197-1155593314-1111460431
-251168362-203811224-156454086-109096948-61739810 -14382672 32974466  80331604  127688742 175045880 222403018 269760156 317117294 364474432 -677382604-630025466-582668328-535311190-487954052-440596914-393239776-345882638-298525500
558542314 609123707 659705100 710286493 760867886 811449279 862030672 912612065 963193458 101377485110643562441114937637116551903012161004231266681816153891170 204472563 255053956 305635349 356216742 406798135 457379528 507960921 
136180448014156101281469415776152322142415770270721630832720168463836817384440161792249664184605531218998609601953666608200747225620612779042115083552-2126078096985164944 103897059210927762401146581888120038753612541931841307998832
-2136349160-2079319257-2022289354-1965259451-1908229548-1851199645-1794169742-1737139839-1680109936-1623080033-1566050130-1509020227-1451990324-1394960421-1337930518-1280900615-1223870712181643871818734686211930498524198752842720445583302101588233
-1345984014-1285729856-1225475698-1165221540-1104967382-1044713224-984459066-924204908-863950750-803696592-743442434-683188276-622934118-562679960-502425802-442171644-381917486-321663328-1647254804-1587000646-1526746488-1466492330-1406238172
-562067378-498588965-435110552-371632139-308153726-244675313-181196900-117718487-54240074 9238339   72716752  136195165 199673578 263151991 326630404 390108817 453587230 517065643 580544056 -815981030-752502617-689024204-625545791
215400748 282103416 348806084 415508752 482211420 548914088 615616756 682319424 749022092 815724760 882427428 949130096 1015832764108253543211492381001215940768128264343613493461041416048772148275144015292744  81995412  148698080 
986420364 1056347287112627421011962011331266128056133605497914059819021475908825154583574816157626711685689594175561651718255434401895470363196539728620353242092105251132-2119789241-2049862318-1979935395-1910008472846566518 916493441 
175099147018241426481897293826197044500420435961822116747360-2105068758-2031917580-1958766402-1885615224-1812464046-1739312868-1666161690-1593010512-1519859334-1446708156-1373556978-1300405800-1227254622-1154103444-1080952266-10078010881677840292
   
P * G t

4324      10672     17020     23368     29716     36064     42412     48760     55108     61456     67804     74152     80500     86848     93196     99544     105892    112240    118588    124936    131284    137632    143980    
418002    10672     29187     47702     66217     84732     103247    121762    140277    158792    177307    195822    214337    232852    251367    269882    288397    306912    325427    343942    362457    380972    399487    
661342    692024    17020     47702     78384     109066    139748    170430    201112    231794    262476    293158    323840    354522    385204    415886    446568    477250    507932    538614    569296    599978    630660    
880348    923197    966046    23368     66217     109066    151915    194764    237613    280462    323311    366160    409009    451858    494707    537556    580405    623254    666103    708952    751801    794650    837499    
1075020   1130036   1185052   1240068   29716     84732     139748    194764    249780    304796    359812    414828    469844    524860    579876    634892    689908    744924    799940    854956    909972    964988    1020004   
1245358   1312541   1379724   1446907   1514090   36064     103247    170430    237613    304796    371979    439162    506345    573528    640711    707894    775077    842260    909443    976626    1043809   1110992   1178175   
1391362   1470712   1550062   1629412   1708762   1788112   42412     121762    201112    280462    359812    439162    518512    597862    677212    756562    835912    915262    994612    1073962   1153312   1232662   1312012   
1513032   1604549   1696066   1787583   1879100   1970617   2062134   48760     140277    231794    323311    414828    506345    597862    689379    780896    872413    963930    1055447   1146964   1238481   1329998   1421515   
1610368   1714052   1817736   1921420   2025104   2128788   2232472   2336156   55108     158792    262476    366160    469844    573528    677212    780896    884580    988264    1091948   1195632   1299316   1403000   1506684   
1683370   1799221   1915072   2030923   2146774   2262625   2378476   2494327   2610178   61456     177307    293158    409009    524860    640711    756562    872413    988264    1104115   1219966   1335817   1451668   1567519   
1732038   1860056   1988074   2116092   2244110   2372128   2500146   2628164   2756182   2884200   67804     195822    323840    451858    579876    707894    835912    963930    1091948   1219966   1347984   1476002   1604020   
1756372   1896557   2036742   2176927   2317112   2457297   2597482   2737667   2877852   3018037   3158222   74152     214337    354522    494707    634892    775077    915262    1055447   1195632   1335817   1476002   1616187   
1756372   1908724   2061076   2213428   2365780   2518132   2670484   2822836   2975188   3127540   3279892   3432244   80500     232852    385204    537556    689908    842260    994612    1146964   1299316   1451668   1604020   
1732038   1896557   2061076   2225595   2390114   2554633   2719152   2883671   3048190   3212709   3377228   3541747   3706266   86848     251367    415886    580405    744924    909443    1073962   1238481   1403000   1567519   
1683370   1860056   2036742   2213428   2390114   2566800   2743486   2920172   3096858   3273544   3450230   3626916   3803602   3980288   93196     269882    446568    623254    799940    976626    1153312   1329998   1506684   
1610368   1799221   1988074   2176927   2365780   2554633   2743486   2932339   3121192   3310045   3498898   3687751   3876604   4065457   4254310   99544     288397    477250    666103    854956    1043809   1232662   1421515   
1513032   1714052   1915072   2116092   2317112   2518132   2719152   2920172   3121192   3322212   3523232   3724252   3925272   4126292   4327312   4528332   105892    306912    507932    708952    909972    1110992   1312012   
1391362   1604549   1817736   2030923   2244110   2457297   2670484   2883671   3096858   3310045   3523232   3736419   3949606   4162793   4375980   4589167   4802354   112240    325427    538614    751801    964988    1178175   
1245358   1470712   1696066   1921420   2146774   2372128   2597482   2822836   3048190   3273544   3498898   3724252   3949606   4174960   4400314   4625668   4851022   5076376   118588    343942    569296    794650    1020004   
1075020   1312541   1550062   1787583   2025104   2262625   2500146   2737667   2975188   3212709   3450230   3687751   3925272   4162793   4400314   4637835   4875356   5112877   5350398   124936    362457    599978    837499    
880348    1130036   1379724   1629412   1879100   2128788   2378476   2628164   2877852   3127540   3377228   3626916   3876604   4126292   4375980   4625668   4875356   5125044   5374732   5624420   131284    380972    630660    
661342    923197    1185052   1446907   1708762   1970617   2232472   2494327   2756182   3018037   3279892   3541747   3803602   4065457   4327312   4589167   4851022   5112877   5374732   5636587   5898442   137632    399487    
418002    692024    966046    1240068   1514090   1788112   2062134   2336156   2610178   2884200   3158222   3432244   3706266   3980288   4254310   4528332   4802354   5076376   5350398   5624420   5898442   6172464   143980    

26890128  66116536  105342944 144569352 183795760 223022168 262248576 301474984 340701392 379927800 419154208 458380616 497607024 536833432 576059840 615286248 654512656 693739064 732965472 772191880 811418288 850644696 889871104 
-172261909877894192  191278465 304662738 418047011 531431284 644815557 758199830 871584103 984968376 1098352649121173692213251211951438505468155188974116652740141778658287189204256020054268332118811106-2062771917-1949387644-1836003371
-227684142-40142004 128898256 316440394 503982532 691524670 879066808 106660894612541510841441693222162923536018167774982004319636-2103105522-1915563384-1728021246-1540479108-1352936970-1165394832-977852694-790310556-602768418-415226280
111893508413806350871642335090179902320 441602323 703302326 965002329 1226702332148840233517501023382011802341-2021464952-1759764949-1498064946-1236364943-974664940-712964937-451264934-18956493172135072  333835075 595535078 857235081 
-1977728716-1641870848-1306012980-970155112230906384 566764252 902622120 123847998815743378561910195724-2048913704-1713055836-1377197968-1041340100-705482232-369624364-33766496 302091372 637949240 973807108 130966497616455228441981380712
-927740950-517725217-107709484302306249 712321982 281910448 691926181 110194191415119576471921973380-1962978183-1552962450-1142946717-732930984-32291525187100482  497116215 907131948 131714768117271634142137179147-1747772416-1337756683
-26068914 458104684 942278282 14264518801910625478-1900168220332914512 817088110 13012617081785435306-2025358392-1541184794-1057011196-572837598-88664000 395509598 879683196 13638567941848030392-1962763306-1478589708-994416110-510242512
727287392 12856188551843950318-1892685515-1334354052-776022589-217691126383918576 942250039 15005815022058912965-1677722868-1119391405-561059942-2728479  555602984 11139344471672265910-2064369923-1506038460-947706997-389375534168955929 
13323279681964817296-1697660672-1065171344-432682016199807312 832296640 1464785968434922640 10674119681699901296-1962576672-1330087344-697598016-65108688 567380640 11998699681832359296-1830118672-1197629344-56514001667349312  699838640 
1789052814-1799267289-1092620096-385972903320674290 10273214831733968676-1854351427-1147704234485926704 11925738971899221090-1689099013-982451820-275804627430842566 11374897591844136952-1744183151-1037535958-330888765375758428 1082405621
2097461930-1416700308-635895250144909808 925714866 1706519924-1807642314-1026837256-246032198534772860 536930768 13177358262098540884-1415621354-634816296145988762 926793820 1707598878-1806563360-1025758302-244953244535851814 1316656872
-2037411980-1182449057-327486134527476789 1382439712-2057564661-1202601738-347638815507324108 1362287031-2077717342587934832 1442897755-1997106618-1142143695-287180772567782151 1422745074-2017259299-1162296376-307333453547629470 1402592393
-2025634324-1096513536-167392748761728040 1690848828-1674997680-745876892183243896 11123646842041485472-1324361036-395240248638938896 1568059684-1797786824-86866603660454752  989575540 1918696328-1447150180-518029392411091396 1340212184
2132794898-1158893745-155615092847663561 1850942214-1440746429-437467776565810877 1569089530-1722599113-719320460283958193 1287236846689942960 1693221613-1598467030-595188377408090276 1411368929-1880319714-877041061126237592 1129516245
1847941094-1369589684-292153166785283352 1862719870-1354810908-277374390800062128 1877498646-1340032132-262595614814840904 1892277422-1325253356740947024 1818383542-1399147236-321710718755725800 1833162318-1384368460-306931942770504576 
1414771560-1728601353-577006970574587413 1726181796-1417191117-265596734885997649 2037592032-110578088145813502  1197407885-1945965028-794370645357223738 791951088 1943545471-1199827442-48233059 1103361324-2040011589-888417206263177177 
833286296 2059038544-1010176504215575744 1441327992-1627887056-402134808823617440 2049369688-1019845360205906888 1431659136-1637555912-411803664813948584 2039700832842955152 2068707400-1000507648225244600 1450996848-1618218200-392465952
103485302 1403395415-1591661768-2917516551008158458-1986898725-686988612612921501 1912831614-1082225569217684544 1517594657-1477462526-1775524131122357700-1872699483-572789370893959216 -2101097967-801187854498722259 1798632372-1196424811
-774631422599436556 1973504534-947394784426673194 1800741172-1120158146253909832 1627977810-129292150881146470  1455214448-1465684870-91616892 1282451086-1638448232-2643802541109687724944963280 -1975936038-601868060772199918 2146267896
-1801063876-3528380331095387810-1751353643-3031278001145098043-1701643410-2534175671194808276-1651933177-2037073341244518509-1602222944-1539971011294228742-1552512711-1042868681343938975-1502802478995967344 -1850774109-4025482661045677577
1319155236-145342835268955356  1591339064-1181244524341139184 1863522892-909060696613323012 2135706720-636876868885506840 -1887076748-3646930401157690668-1614892920-92509212 1429874496-1342709092179674616 1046971408-1725612180-203228472
-3908678  1592632895-1105792828490748745 2087290318-611135405985406168 -1713019555-1164779821480063591-1218362132378179441 1974721014-723704709872836864 -1825588859-2290472861367494287-1330931436265610137 18621517101097975472-1600450251
-1475288322195411116 1866110554-758157304912542134 -1711725724-41026286 1629673152-994594706676104732 -1948163126-2774636881393235750-1231032108439667330 2110366768-5139010901156798348-1467469510203229928 1873929366-7503384921148979536
   
P t * G

2019216   2025058   2030900   2036742   2042584   2048426   2054268   2060110   2065952   2071794   2077636   2083478   2089320   2095162   2101004   2106846   2112688   2118530   2124372   2130214   2136056   2141898   2147740   
2154088   2025058   2030923   2036788   2042653   2048518   2054383   2060248   2066113   2071978   2077843   2083708   2089573   2095438   2101303   2107168   2113033   2118898   2124763   2130628   2136493   2142358   2148223   
2154548   2160436   2030900   2036788   2042676   2048564   2054452   2060340   2066228   2072116   2078004   2083892   2089780   2095668   2101556   2107444   2113332   2119220   2125108   2130996   2136884   2142772   2148660   
2154962   2160873   2166784   2036742   2042653   2048564   2054475   2060386   2066297   2072208   2078119   2084030   2089941   2095852   2101763   2107674   2113585   2119496   2125407   2131318   2137229   2143140   2149051   
2155330   2161264   2167198   2173132   2042584   2048518   2054452   2060386   2066320   2072254   2078188   2084122   2090056   2095990   2101924   2107858   2113792   2119726   2125660   2131594   2137528   2143462   2149396   
2155652   2161609   2167566   2173523   2179480   2048426   2054383   2060340   2066297   2072254   2078211   2084168   2090125   2096082   2102039   2107996   2113953   2119910   2125867   2131824   2137781   2143738   2149695   
2155928   2161908   2167888   2173868   2179848   2185828   2054268   2060248   2066228   2072208   2078188   2084168   2090148   2096128   2102108   2108088   2114068   2120048   2126028   2132008   2137988   2143968   2149948   
2156158   2162161   2168164   2174167   2180170   2186173   2192176   2060110   2066113   2072116   2078119   2084122   2090125   2096128   2102131   2108134   2114137   2120140   2126143   2132146   2138149   2144152   2150155   
2156342   2162368   2168394   2174420   2180446   2186472   2192498   2198524   2065952   2071978   2078004   2084030   2090056   2096082   2102108   2108134   2114160   2120186   2126212   2132238   2138264   2144290   2150316   
2156480   2162529   2168578   2174627   2180676   2186725   2192774   2198823   2204872   2071794   2077843   2083892   2089941   2095990   2102039   2108088   2114137   2120186   2126235   2132284   2138333   2144382   2150431   
2156572   2162644   2168716   2174788   2180860   2186932   2193004   2199076   2205148   2211220   2077636   2083708   2089780   2095852   2101924   2107996   2114068   2120140   2126212   2132284   2138356   2144428   2150500   
2156618   2162713   2168808   2174903   2180998   2187093   2193188   2199283   2205378   2211473   2217568   2083478   2089573   2095668   2101763   2107858   2113953   2120048   2126143   2132238   2138333   2144428   2150523   
2156618   2162736   2168854   2174972   2181090   2187208   2193326   2199444   2205562   2211680   2217798   2223916   2089320   2095438   2101556   2107674   2113792   2119910   2126028   2132146   2138264   2144382   2150500   
2156572   2162713   2168854   2174995   2181136   2187277   2193418   2199559   2205700   2211841   2217982   2224123   2230264   2095162   2101303   2107444   2113585   2119726   2125867   2132008   2138149   2144290   2150431   
2156480   2162644   2168808   2174972   2181136   2187300   2193464   2199628   2205792   2211956   2218120   2224284   2230448   2236612   2101004   2107168   2113332   2119496   2125660   2131824   2137988   2144152   2150316   
2156342   2162529   2168716   2174903   2181090   2187277   2193464   2199651   2205838   2212025   2218212   2224399   2230586   2236773   2242960   2106846   2113033   2119220   2125407   2131594   2137781   2143968   2150155   
2156158   2162368   2168578   2174788   2180998   2187208   2193418   2199628   2205838   2212048   2218258   2224468   2230678   2236888   2243098   2249308   2112688   2118898   2125108   2131318   2137528   2143738   2149948   
2155928   2162161   2168394   2174627   2180860   2187093   2193326   2199559   2205792   2212025   2218258   2224491   2230724   2236957   2243190   2249423   2255656   2118530   2124763   2130996   2137229   2143462   2149695   
2155652   2161908   2168164   2174420   2180676   2186932   2193188   2199444   2205700   2211956   2218212   2224468   2230724   2236980   2243236   2249492   2255748   2262004   2124372   2130628   2136884   2143140   2149396   
2155330   2161609   2167888   2174167   2180446   2186725   2193004   2199283   2205562   2211841   2218120   2224399   2230678   2236957   2243236   2249515   2255794   2262073   2268352   2130214   2136493   2142772   2149051   
2154962   2161264   2167566   2173868   2180170   2186472   2192774   2199076   2205378   2211680   2217982   2224284   2230586   2236888   2243190   2249492   2255794   2262096   2268398   2274700   2136056   2142358   2148660   
2154548   2160873   2167198   2173523   2179848   2186173   2192498   2198823   2205148   2211473   2217798   2224123   2230448   2236773   2243098   2249423   2255748   2262073   2268398   2274723   2281048   2141898   2148223   
2154088   2160436   2166784   2173132   2179480   2185828   2192176   2198524   2204872   2211220   2217568   2223916   2230264   2236612   2242960   2249308   2255656   2262004   2268352   2274700   2281048   2287396   2147740   

-577245020-529325026-481405032-433485038-385565044-337645050-289725056-241805062-193885068-145965074-98045080 -50125086 -2205092  45714902  93634896  141554890 189474884 237394878 285314872 333234866 381154860 429074854 476994848 
516221256 -541102682-493042503-444982324-396922145-348861966-300801787-252741608-204681429-156621250-108561071-60500892 -12440713 35619466  83679645  131739824 179800003 227860182 275920361 323980540 372040719 420100898 468161077 
507247300 555447664 -504960344-456759980-408559616-360359252-312158888-263958524-215758160-167557796-119357432-71157068 -22956704 25243660  73444024  121644388 169844752 218045116 266245480 314445844 362646208 410846572 459046936 
497992974 546333523 594674072 -468818006-420477457-372136908-323796359-275455810-227115261-178774712-130434163-82093614 -33753065 14587484  62928033  111268582 159609131 207949680 256290229 304630778 352971327 401311876 449652425 
488458278 536939012 585419746 633900480 -432675668-384194934-335714200-287233466-238752732-190271998-141791264-93310530 -44829796 3650938   52131672  100612406 149093140 197573874 246054608 294535342 343016076 391496810 439977544 
478643212 527264131 575885050 624505969 673126888 -396533330-347912411-299291492-250670573-202049654-153428735-104807816-56186897 -7565978  41054941  89675860  138296779 186917698 235538617 284159536 332780455 381401374 430022293 
468547776 517308880 566069984 614831088 663592192 712353296 -360390992-311629888-262868784-214107680-165346576-116585472-67824368 -19063264 29697840  78458944  127220048 175981152 224742256 273503360 322264464 371025568 419786672 
458171970 507073259 555974548 604875837 653777126 702678415 751579704 -324248654-275347365-226446076-177544787-128643498-79742209 -30840920 18060369  66961658  115862947 164764236 213665525 262566814 311468103 360369392 409270681 
447515794 496557268 545598742 594640216 643681690 692723164 741764638 790806112 -288106316-239064842-190023368-140981894-91940420 -42898946 6142528   55184002  104225476 153266950 202308424 251349898 300391372 349432846 398474320 
436579248 485760907 534942566 584124225 633305884 682487543 731669202 780850861 830032520 -251963978-202782319-153600660-104419001-55237342 -6055683  43125976  92307635  141489294 190670953 239852612 289034271 338215930 387397589 
425362332 474684176 524006020 573327864 622649708 671971552 721293396 770615240 819937084 869258928 -215821640-166499796-117177952-67856108 -18534264 30787580  80109424  129431268 178753112 228074956 277396800 326718644 376040488 
413865046 463327075 512789104 562251133 611713162 661175191 710637220 760099249 809561278 859023307 908485336 -179679302-130217273-80755244 -31293215 18168814  67630843  117092872 166554901 216016930 265478959 314940988 364403017 
402087390 451689604 501291818 550894032 600496246 650098460 699700674 749302888 798905102 848507316 898109530 947711744 -143536964-93934750 -44332536 5269678   54871892  104474106 154076320 203678534 253280748 302882962 352485176 
390029364 439771763 489514162 539256561 588998960 638741359 688483758 738226157 787968556 837710955 887453354 937195753 986938152 -107394626-57652227 -7909828  41832571  91574970  141317369 191059768 240802167 290544566 340286965 
377690968 427573552 477456136 527338720 577221304 627103888 676986472 726869056 776751640 826634224 876516808 926399392 976281976 1026164560-71252288 -21369704 28512880  78395464  128278048 178160632 228043216 277925800 327808384 
365072202 415094971 465117740 515140509 565163278 615186047 665208816 715231585 765254354 815277123 865299892 915322661 965345430 10153681991065390968-35109950 14912819  64935588  114958357 164981126 215003895 265026664 315049433 
352173066 402336020 452498974 502661928 552824882 602987836 653150790 703313744 753476698 803639652 853802606 903965560 954128514 1004291468105445442211046173761032388   51195342  101358296 151521250 201684204 251847158 302010112 
338993560 389296699 439599838 489902977 540206116 590509255 640812394 691115533 741418672 791721811 842024950 892328089 942631228 992934367 10432375061093540645114384378437174726  87477865  137781004 188084143 238387282 288690421 
325533684 375977008 426420332 476863656 527306980 577750304 628193628 678636952 729080276 779523600 829966924 880410248 930853572 981296896 103174022010821835441132626868118307019273317064  123760388 174203712 224647036 275090360 
311793438 362376947 412960456 463543965 514127474 564710983 615294492 665878001 716461510 767045019 817628528 868212037 918795546 969379055 10199625641070546073112112958211717130911222296600109459402 160042911 210626420 261209929 
297772822 348496516 399220210 449943904 500667598 551391292 602114986 652838680 703562374 754286068 805009762 855733456 906457150 957180844 100790453810586282321109351926116007562012107993141261523008145601740 196325434 247049128 
283471836 334335715 385199594 436063473 486927352 537791231 588655110 639518989 690382868 741246747 792110626 842974505 893838384 944702263 995566142 104643002110972939001148157779119902165812498855371300749416181744078 232607957 
268890480 319894544 370898608 421902672 472906736 523910800 574914864 625918928 676922992 727927056 778931120 829935184 880939248 931943312 982947376 1033951440108495550411359595681186963632123796769612889717601339975824217886416 
    
P t * G t

93380     227746    362112    496478    630844    765210    899576    1033942   1168308   1302674   1437040   1571406   1705772   1840138   1974504   2108870   2243236   2377602   2511968   2646334   2780700   2915066   3049432   
3061346   93656     228551    363446    498341    633236    768131    903026    1037921   1172816   1307711   1442606   1577501   1712396   1847291   1982186   2117081   2251976   2386871   2521766   2656661   2791556   2926451   
2937836   3073260   93932     229356    364780    500204    635628    771052    906476    1041900   1177324   1312748   1448172   1583596   1719020   1854444   1989868   2125292   2260716   2396140   2531564   2666988   2802412   
2813268   2949221   3085174   94208     230161    366114    502067    638020    773973    909926    1045879   1181832   1317785   1453738   1589691   1725644   1861597   1997550   2133503   2269456   2405409   2541362   2677315   
2687642   2824124   2960606   3097088   94484     230966    367448    503930    640412    776894    913376    1049858   1186340   1322822   1459304   1595786   1732268   1868750   2005232   2141714   2278196   2414678   2551160   
2560958   2697969   2834980   2971991   3109002   94760     231771    368782    505793    642804    779815    916826    1053837   1190848   1327859   1464870   1601881   1738892   1875903   2012914   2149925   2286936   2423947   
2433216   2570756   2708296   2845836   2983376   3120916   95036     232576    370116    507656    645196    782736    920276    1057816   1195356   1332896   1470436   1607976   1745516   1883056   2020596   2158136   2295676   
2304416   2442485   2580554   2718623   2856692   2994761   3132830   95312     233381    371450    509519    647588    785657    923726    1061795   1199864   1337933   1476002   1614071   1752140   1890209   2028278   2166347   
2174558   2313156   2451754   2590352   2728950   2867548   3006146   3144744   95588     234186    372784    511382    649980    788578    927176    1065774   1204372   1342970   1481568   1620166   1758764   1897362   2035960   
2043642   2182769   2321896   2461023   2600150   2739277   2878404   3017531   3156658   95864     234991    374118    513245    652372    791499    930626    1069753   1208880   1348007   1487134   1626261   1765388   1904515   
1911668   2051324   2190980   2330636   2470292   2609948   2749604   2889260   3028916   3168572   96140     235796    375452    515108    654764    794420    934076    1073732   1213388   1353044   1492700   1632356   1772012   
1778636   1918821   2059006   2199191   2339376   2479561   2619746   2759931   2900116   3040301   3180486   96416     236601    376786    516971    657156    797341    937526    1077711   1217896   1358081   1498266   1638451   
1644546   1785260   1925974   2066688   2207402   2348116   2488830   2629544   2770258   2910972   3051686   3192400   96692     237406    378120    518834    659548    800262    940976    1081690   1222404   1363118   1503832   
1509398   1650641   1791884   1933127   2074370   2215613   2356856   2498099   2639342   2780585   2921828   3063071   3204314   96968     238211    379454    520697    661940    803183    944426    1085669   1226912   1368155   
1373192   1514964   1656736   1798508   1940280   2082052   2223824   2365596   2507368   2649140   2790912   2932684   3074456   3216228   97244     239016    380788    522560    664332    806104    947876    1089648   1231420   
1235928   1378229   1520530   1662831   1805132   1947433   2089734   2232035   2374336   2516637   2658938   2801239   2943540   3085841   3228142   97520     239821    382122    524423    666724    809025    951326    1093627   
1097606   1240436   1383266   1526096   1668926   1811756   1954586   2097416   2240246   2383076   2525906   2668736   2811566   2954396   3097226   3240056   97796     240626    383456    526286    669116    811946    954776    
958226    1101585   1244944   1388303   1531662   1675021   1818380   1961739   2105098   2248457   2391816   2535175   2678534   2821893   2965252   3108611   3251970   98072     241431    384790    528149    671508    814867    
817788    961676    1105564   1249452   1393340   1537228   1681116   1825004   1968892   2112780   2256668   2400556   2544444   2688332   2832220   2976108   3119996   3263884   98348     242236    386124    530012    673900    
676292    820709    965126    1109543   1253960   1398377   1542794   1687211   1831628   1976045   2120462   2264879   2409296   2553713   2698130   2842547   2986964   3131381   3275798   98624     243041    387458    531875    
533738    678684    823630    968576    1113522   1258468   1403414   1548360   1693306   1838252   1983198   2128144   2273090   2418036   2562982   2707928   2852874   2997820   3142766   3287712   98900     243846    388792    
390126    535601    681076    826551    972026    1117501   1262976   1408451   1553926   1699401   1844876   1990351   2135826   2281301   2426776   2572251   2717726   2863201   3008676   3154151   3299626   99176     244651    
245456    391460    537464    683468    829472    975476    1121480   1267484   1413488   1559492   1705496   1851500   1997504   2143508   2289512   2435516   2581520   2727524   2873528   3019532   3165536   3311540   99452     

26890128  77894192  128898256 179902320 230906384 281910448 332914512 383918576 434922640 485926704 536930768 587934832 638938896 689942960 740947024 791951088 842955152 893959216 944963280 995967344 104697140810979754721148979536
-147528832266116536  191278465 316440394 441602323 566764252 691926181 817088110 942250039 106741196811925738971317735826144289775515680596841693221613181838354219435454712068707400-2101097967-1975936038-1850774109-1725612180-1600450251
-3908678  195411116 105342944 304662738 503982532 703302326 902622120 110194191413012617081500581502169990129618992210902098540884-1997106618-1797786824-1598467030-1399147236-1199827442-1000507648-801187854-601868060-402548266-203228472
131915523615926328951866110554144569352 418047011 691524670 965002329 1238479988151195764717854353062058912965-1962576672-1689099013-1415621354-1142143695-868666036-595188377-321710718-48233059 225244600 498722259 772199918 1045677577
-1801063876-1453428352-1105792828-758157304183795760 531431284 879066808 122670233215743378561921973380-2025358392-1677722868-1330087344-982451820-634816296-28718077260454752  408090276 755725800 1103361324145099684817986323722146267896
-774631422-35283803368955356  490748745 912542134 223022168 644815557 106660894614884023351910195724-1962978183-1541184794-1119391405-697598016-275804627145988762 567782151 989575540 14113689291833162318-2040011589-1618218200-1196424811
103485302 599436556 109538781015913390642087290318-1711725724262248576 758199830 12541510841750102338-2048913704-1552962450-1057011196-561059942-65108688 430842566 926793820 14227450741918696328-1880319714-1384368460-888417206-392465952
833286296 14033954151973504534-1751353643-1181244524-611135405-41026286 301474984 871584103 14416932222011802341-1713055836-1142946717-572837598-2728479  567380640 11374897591707598878-2017259299-1447150180-877041061-306931942263177177 
14147715602059038544-1591661768-947394784-303127800341139184 985406168 1629673152340701392 984968376 1629235360-2021464952-1377197968-732930984-88664000 555602984 11998699681844136952-1806563360-1162296376-518029392126237592 770504576 
1847941094-1728601353-1010176504-291751655426673194 11450980431863522892-1713019555-994594706379927800 10983526491816777498-1759764949-1041340100-322915251395509598 11139344471832359296-1744183151-1025758302-307333453411091396 1129516245
2132794898-1369589684-577006970215575744 10081584581800741172-1701643410-909060696-116477982676104732 419154208 12117369222004319636-1498064946-70548223287100482  879683196 1672265910-1830118672-1037535958-244953244547629470 1340212184
-2025634324-1158893745-292153166574587413 1441327992-1986898725-1120158146-253417567613323012 1480063591-1948163126458380616 1325121195-2103105522-1236364943-369624364497116215 1363856794-2064369923-1197629344-330888765535851814 1402592393
-2037411980-1096513536-155615092785283352 1726181796-1627887056-686988612253909832 11948082762135706720-1218362132-277463688497607024 1438505468-1915563384-974664940-33766496 907131948 1848030392-1506038460-565140016375758428 1316656872
2097461930-1182449057-167392748847663561 1862719870-1417191117-402134808612921501 1627977810-1651933177-636876868378179441 1393235750536833432 1551889741-1728021246-712964937302091372 1317147681-1962763306-94770699767349312  1082405621
1789052814-1416700308-327486134761728040 1850942214-1354810908-265596734823617440 1912831614-1292921508-203707334885506840 1974721014-1231032108576059840 1665274014-1540479108-451264934637949240 1727163414-1478589708-389375534699838640 
1332327968-1799267289-635895250527476789 1690848828-1440746429-277374390885997649 2049369688-108222556981146470  1244518509-1887076748-723704709439667330 615286248 1778658287-1352936970-189564931973807108 2137179147-994416110168955929 
727287392 1964817296-1092620096144909808 1382439712-1674997680-437467776800062128 2037592032-1019845360217684544 1455214448-1602222944-364693040872836864 2110366768654512656 1892042560-116539483272135072  1309664976-1747772416-510242512
-26068914 1285618855-1697660672-385972903925714866 -2057564661-745876892565810877 1877498646-1105780881205906888 1517594657-1465684870-1539971011157690668-1825588859-513901090693739064 2005426833-977852694333835075 1645522844-1337756683
-927740950458104684 1843950318-1065171344320674290 1706519924-1202601738183243896 1569089530-134003213245813502  1431659136-1477462526-91616892 1294228742-1614892920-2290472861156798348732965472 2118811106-790310556595535078 1981380712
-1977728716-517725217942278282 -1892685515-4326820161027321483-1807642314-3476388151112364684-1722599113-2625956141197407885-1637555912-1775524131282451086-1552512711-92509212 1367494287-1467469510772191880 -2062771917-602768418857235081 
1118935084-1641870848-1077094841426451880-1334354052199807312 1733968676-1026837256507324108 2041485472-719320460814840904 -1945965028-4118036641122357700-1638448232-1042868681429874496-1330931436203229928 811418288 -1949387644-415226280
-2276841421380635087-1306012980302306249 1910625478-776022589832296640 -1854351427-2460321981362287031-1324361036283958193 1892277422-794370645813948584 -1872699483-2643802541343938975-1342709092265610137 1873929366850644696 -1836003371
-1722619098-40142004 1642335090-970155112712321982 -1900168220-2176911261464785968-1147704234534772860 -2077717342-3952402481287236846-1325253356357223738 2039700832-5727893701109687724-1502802478179674616 1862151710-750338492889871104 
