
1              2              3              4              5              6              7              8              9              10             11             12             13             14             15             16             17             18             19             20             21             22             23             24             
48             25             26             27             28             29             30             31             32             33             34             35             36             37             38             39             40             41             42             43             44             45             46             47             
71             72             49             50             51             52             53             54             55             56             57             58             59             60             61             62             63             64             65             66             67             68             69             70             
94             95             96             73             74             75             76             77             78             79             80             81             82             83             84             85             86             87             88             89             90             91             92             93             
117            118            119            120            97             98             99             100            101            102            103            104            105            106            107            108            109            110            111            112            113            114            115            116            
140            141            142            143            144            121            122            123            124            125            126            127            128            129            130            131            132            133            134            135            136            137            138            139            
163            164            165            166            167            168            145            146            147            148            149            150            151            152            153            154            155            156            157            158            159            160            161            162            
186            187            188            189            190            191            192            169            170            171            172            173            174            175            176            177            178            179            180            181            182            183            184            185            
209            210            211            212            213            214            215            216            193            194            195            196            197            198            199            200            201            202            203            204            205            206            207            208            
232            233            234            235            236            237            238            239            240            217            218            219            220            221            222            223            224            225            226            227            228            229            230            231            
255            256            257            258            259            260            261            262            263            264            241            242            243            244            245            246            247            248            249            250            251            252            253            254            
278            279            280            281            282            283            284            285            286            287            288            265            266            267            268            269            270            271            272            273            274            275            276            277            
301            302            303            304            305            306            307            308            309            310            311            312            289            290            291            292            293            294            295            296            297            298            299            300            
324            325            326            327            328            329            330            331            332            333            334            335            336            313            314            315            316            317            318            319            320            321            322            323            
347            348            349            350            351            352            353            354            355            356            357            358            359            360            337            338            339            340            341            342            343            344            345            346            
370            371            372            373            374            375            376            377            378            379            380            381            382            383            384            361            362            363            364            365            366            367            368            369            
393            394            395            396            397            398            399            400            401            402            403            404            405            406            407            408            385            386            387            388            389            390            391            392            
416            417            418            419            420            421            422            423            424            425            426            427            428            429            430            431            432            409            410            411            412            413            414            415            
439            440            441            442            443            444            445            446            447            448            449            450            451            452            453            454            455            456            433            434            435            436            437            438            
462            463            464            465            466            467            468            469            470            471            472            473            474            475            476            477            478            479            480            457            458            459            460            461            
485            486            487            488            489            490            491            492            493            494            495            496            497            498            499            500            501            502            503            504            481            482            483            484            
508            509            510            511            512            513            514            515            516            517            518            519            520            521            522            523            524            525            526            527            528            505            506            507            
531            532            533            534            535            536            537            538            539            540            541            542            543            544            545            546            547            548            549            550            551            552            529            530            
554            555            556            557            558            559            560            561            562            563            564            565            566            567            568            569            570            571            572            573            574            575            576            553            
RESULT of Initial Data


110700         111000         111300         111600         111900         112200         112500         112800         113100         113400         113700         114000         114300         114600         114900         115200         115500         115800         116100         116400         116700         117000         117300         117600         
290400         270252         271128         272004         272880         273756         274632         275508         276384         277260         278136         279012         279888         280764         281640         282516         283392         284268         285144         286020         286896         287772         288648         289524         
461748         463200         429804         431256         432708         434160         435612         437064         438516         439968         441420         442872         444324         445776         447228         448680         450132         451584         453036         454488         455940         457392         458844         460296         
631944         633972         636000         589356         591384         593412         595440         597468         599496         601524         603552         605580         607608         609636         611664         613692         615720         617748         619776         621804         623832         625860         627888         629916         
800988         803592         806196         808800         748908         751512         754116         756720         759324         761928         764532         767136         769740         772344         774948         777552         780156         782760         785364         787968         790572         793176         795780         798384         
968880         972060         975240         978420         981600         908460         911640         914820         918000         921180         924360         927540         930720         933900         937080         940260         943440         946620         949800         952980         956160         959340         962520         965700         
1135620        1139376        1143132        1146888        1150644        1154400        1068012        1071768        1075524        1079280        1083036        1086792        1090548        1094304        1098060        1101816        1105572        1109328        1113084        1116840        1120596        1124352        1128108        1131864        
1301208        1305540        1309872        1314204        1318536        1322868        1327200        1227564        1231896        1236228        1240560        1244892        1249224        1253556        1257888        1262220        1266552        1270884        1275216        1279548        1283880        1288212        1292544        1296876        
1465644        1470552        1475460        1480368        1485276        1490184        1495092        1500000        1387116        1392024        1396932        1401840        1406748        1411656        1416564        1421472        1426380        1431288        1436196        1441104        1446012        1450920        1455828        1460736        
1628928        1634412        1639896        1645380        1650864        1656348        1661832        1667316        1672800        1546668        1552152        1557636        1563120        1568604        1574088        1579572        1585056        1590540        1596024        1601508        1606992        1612476        1617960        1623444        
1791060        1797120        1803180        1809240        1815300        1821360        1827420        1833480        1839540        1845600        1706220        1712280        1718340        1724400        1730460        1736520        1742580        1748640        1754700        1760760        1766820        1772880        1778940        1785000        
1952040        1958676        1965312        1971948        1978584        1985220        1991856        1998492        2005128        2011764        2018400        1865772        1872408        1879044        1885680        1892316        1898952        1905588        1912224        1918860        1925496        1932132        1938768        1945404        
2111868        2119080        2126292        2133504        2140716        2147928        2155140        2162352        2169564        2176776        2183988        2191200        2025324        2032536        2039748        2046960        2054172        2061384        2068596        2075808        2083020        2090232        2097444        2104656        
2270544        2278332        2286120        2293908        2301696        2309484        2317272        2325060        2332848        2340636        2348424        2356212        2364000        2184876        2192664        2200452        2208240        2216028        2223816        2231604        2239392        2247180        2254968        2262756        
2428068        2436432        2444796        2453160        2461524        2469888        2478252        2486616        2494980        2503344        2511708        2520072        2528436        2536800        2344428        2352792        2361156        2369520        2377884        2386248        2394612        2402976        2411340        2419704        
2584440        2593380        2602320        2611260        2620200        2629140        2638080        2647020        2655960        2664900        2673840        2682780        2691720        2700660        2709600        2503980        2512920        2521860        2530800        2539740        2548680        2557620        2566560        2575500        
2739660        2749176        2758692        2768208        2777724        2787240        2796756        2806272        2815788        2825304        2834820        2844336        2853852        2863368        2872884        2882400        2663532        2673048        2682564        2692080        2701596        2711112        2720628        2730144        
2893728        2903820        2913912        2924004        2934096        2944188        2954280        2964372        2974464        2984556        2994648        3004740        3014832        3024924        3035016        3045108        3055200        2823084        2833176        2843268        2853360        2863452        2873544        2883636        
3046644        3057312        3067980        3078648        3089316        3099984        3110652        3121320        3131988        3142656        3153324        3163992        3174660        3185328        3195996        3206664        3217332        3228000        2982636        2993304        3003972        3014640        3025308        3035976        
3198408        3209652        3220896        3232140        3243384        3254628        3265872        3277116        3288360        3299604        3310848        3322092        3333336        3344580        3355824        3367068        3378312        3389556        3400800        3142188        3153432        3164676        3175920        3187164        
3349020        3360840        3372660        3384480        3396300        3408120        3419940        3431760        3443580        3455400        3467220        3479040        3490860        3502680        3514500        3526320        3538140        3549960        3561780        3573600        3301740        3313560        3325380        3337200        
3498480        3510876        3523272        3535668        3548064        3560460        3572856        3585252        3597648        3610044        3622440        3634836        3647232        3659628        3672024        3684420        3696816        3709212        3721608        3734004        3746400        3461292        3473688        3486084        
3646788        3659760        3672732        3685704        3698676        3711648        3724620        3737592        3750564        3763536        3776508        3789480        3802452        3815424        3828396        3841368        3854340        3867312        3880284        3893256        3906228        3919200        3620844        3633816        
3793944        3807492        3821040        3834588        3848136        3861684        3875232        3888780        3902328        3915876        3929424        3942972        3956520        3970068        3983616        3997164        4010712        4024260        4037808        4051356        4064904        4078452        4092000        3780396        
RESULT of P*G


767149200      769888800      772628400      775368000      778107600      780847200      783586800      786326400      789066000      791805600      794545200      797284800      800024400      802764000      805503600      808243200      810982800      813722400      816462000      819201600      821941200      824680800      827420400      830160000      
2042524800     1887784848     1894512672     1901240496     1907968320     1914696144     1921423968     1928151792     1934879616     1941607440     1948335264     1955063088     1961790912     1968518736     1975246560     1981974384     1988702208     1995430032     2002157856     2008885680     2015613504     2022341328     2029069152     2035796976     
-1050793744    -1040077696    -1286546800    -1275830752    -1265114704    -1254398656    -1243682608    -1232966560    -1222250512    -1211534464    -1200818416    -1190102368    -1179386320    -1168670272    -1157954224    -1147238176    -1136522128    -1125806080    -1115090032    -1104373984    -1093657936    -1082941888    -1072225840    -1061509792    
142878560      157582832      172287104      -165911152     -151206880     -136502608     -121798336     -107094064     -92389792      -77685520      -62981248      -48276976      -33572704      -18868432      -4164160       10540112       25244384       39948656       54652928       69357200       84061472       98765744       113470016      128174288      
1328574416     1347266912     1365959408     1384651904     954724496      973416992      992109488      1010801984     1029494480     1048186976     1066879472     1085571968     1104264464     1122956960     1141649456     1160341952     1179034448     1197726944     1216419440     1235111936     1253804432     1272496928     1291189424     1309881920     
-1788673472    -1765992752    -1743312032    -1720631312    -1697950592    2075360144     2098040864     2120721584     2143402304     -2128884272    -2106203552    -2083522832    -2060842112    -2038161392    -2015480672    -1992799952    -1970119232    -1947438512    -1924757792    -1902077072    -1879396352    -1856715632    -1834034912    -1811354192    
-618930512     -592261568     -565592624     -538923680     -512254736     -485585792     -1098971504    -1072302560    -1045633616    -1018964672    -992295728     -965626784     -938957840     -912288896     -885619952     -858951008     -832282064     -805613120     -778944176     -752275232     -725606288     -698937344     -672268400     -645599456     
542836000      573493168      604150336      634807504      665464672      696121840      726779008      21664144       52321312       82978480       113635648      144292816      174949984      205607152      236264320      266921488      297578656      328235824      358892992      389550160      420207328      450864496      481521664      512178832      
1696626064     1731271456     1765916848     1800562240     1835207632     1869853024     1904498416     1939143808     1142299792     1176945184     1211590576     1246235968     1280881360     1315526752     1350172144     1384817536     1419462928     1454108320     1488753712     1523399104     1558044496     1592689888     1627335280     1661980672     
-1452527616    -1413894000    -1375260384    -1336626768    -1297993152    -1259359536    -1220725920    -1182092304    -1143458688    -2032031856    -1993398240    -1954764624    -1916131008    -1877497392    -1838863776    -1800230160    -1761596544    -1722962928    -1684329312    -1645695696    -1607062080    -1568428464    -1529794848    -1491161232    
-314690448     -272068608     -229446768     -186824928     -144203088     -101581248     -58959408      -16337568      26284272       68906112       -911396208     -868774368     -826152528     -783530688     -740908848     -698287008     -655665168     -613043328     -570421488     -527799648     -485177808     -442555968     -399934128     -357312288     
815170272      861780336      908390400      955000464      1001610528     1048220592     1094830656     1141440720     1188050784     1234660848     1281270912     209239440      255849504      302459568      349069632      395679696      442289760      488899824      535509888      582119952      628730016      675340080      721950144      768560208      
1937054544     1987652832     2038251120     2088849408     2139447696     -2104921312    -2054323024    -2003724736    -1953126448    -1902528160    -1851929872    -1801331584    1329875088     1380473376     1431071664     1481669952     1532268240     1582866528     1633464816     1684063104     1734661392     1785259680     1835857968     1886456256     
-1244004928    -1189418416    -1134831904    -1080245392    -1025658880    -971072368     -916485856     -861899344     -807312832     -752726320     -698139808     -643553296     -588966784     -1844456560    -1789870048    -1735283536    -1680697024    -1626110512    -1571524000    -1516937488    -1462350976    -1407764464    -1353177952    -1298591440    
-138073552     -79498816      -20924080      37650656       96225392       154800128      213374864      271949600      330524336      389099072      447673808      506248544      564823280      623398016      -723820912     -665246176     -606671440     -548096704     -489521968     -430947232     -372372496     -313797760     -255223024     -196648288     
959881376      1022444336     1085007296     1147570256     1210133216     1272696176     1335259136     1397822096     1460385056     1522948016     1585510976     1648073936     1710636896     1773199856     1835762816     396814736      459377696      521940656      584503616      647066576      709629536      772192496      834755456      897318416      
2049859856     2116411040     -2112005072    -2045453888    -1978902704    -1912351520    -1845800336    -1779249152    -1712697968    -1646146784    -1579595600    -1513044416    -1446493232    -1379942048    -1313390864    -1246839680    1517450384     1584001568     1650552752     1717103936     1783655120     1850206304     1916757488     1983308672     
-1163105408    -1092566000    -1022026592    -951487184     -880947776     -810408368     -739868960     -669329552     -598790144     -528250736     -457711328     -387171920     -316632512     -246093104     -175553696     -105014288     -34474880      -1656881264    -1586341856    -1515802448    -1445263040    -1374723632    -1304184224    -1233644816    
-89079824      -14552192      59975440       134503072      209030704      283558336      358085968      432613600      507141232      581668864      656196496      730724128      805251760      879779392      954307024      1028834656     1103362288     1177889920     -536245616     -461717984     -387190352     -312662720     -238135088     -163607456     
976969312      1055485168     1134001024     1212516880     1291032736     1369548592     1448064448     1526580304     1605096160     1683612016     1762127872     1840643728     1919159584     1997675440     2076191296     -2140260144    -2061744288    -1983228432    -1904712576    584390032      662905888      741421744      819937600      898453456      
2035042000     2117546080     -2094917136    -2012413056    -1929908976    -1847404896    -1764900816    -1682396736    -1599892656    -1517388576    -1434884496    -1352380416    -1269876336    -1187372256    -1104868176    -1022364096    -939860016     -857355936     -774851856     -692347776     1705025680     1787529760     1870033840     1952537920     
-1209829056    -1123336752    -1036844448    -950352144     -863859840     -777367536     -690875232     -604382928     -517890624     -431398320     -344906016     -258413712     -171921408     -85429104      1063200        87555504       174047808      260540112      347032416      433524720      520017024      -1469305968    -1382813664    -1296321360    
-167709264     -77228736      13251792       103732320      194212848      284693376      375173904      465654432      556134960      646615488      737096016      827576544      918057072      1008537600     1099018128     1189498656     1279979184     1370459712     1460940240     1551420768     1641901296     1732381824     -348670320     -258189792     
866434080      960902832      1055371584     1149840336     1244309088     1338777840     1433246592     1527715344     1622184096     1716652848     1811121600     1905590352     2000059104     2094527856     -2105970688    -2011501936    -1917033184    -1822564432    -1728095680    -1633626928    -1539158176    -1444689424    -1350220672    771965328      
RESULT of PG*G


4900           12100          19300          26500          33700          40900          48100          55300          62500          69700          76900          84100          91300          98500          105700         112900         120100         127300         134500         141700         148900         156100         163300         170500         
495652         12100          33124          54148          75172          96196          117220         138244         159268         180292         201316         222340         243364         264388         285412         306436         327460         348484         369508         390532         411556         432580         453604         474628         
785956         820804         19300          54148          88996          123844         158692         193540         228388         263236         298084         332932         367780         402628         437476         472324         507172         542020         576868         611716         646564         681412         716260         751108         
1048612        1097284        1145956        26500          75172          123844         172516         221188         269860         318532         367204         415876         464548         513220         561892         610564         659236         707908         756580         805252         853924         902596         951268         999940         
1283620        1346116        1408612        1471108        33700          96196          158692         221188         283684         346180         408676         471172         533668         596164         658660         721156         783652         846148         908644         971140         1033636        1096132        1158628        1221124        
1490980        1567300        1643620        1719940        1796260        40900          117220         193540         269860         346180         422500         498820         575140         651460         727780         804100         880420         956740         1033060        1109380        1185700        1262020        1338340        1414660        
1670692        1760836        1850980        1941124        2031268        2121412        48100          138244         228388         318532         408676         498820         588964         679108         769252         859396         949540         1039684        1129828        1219972        1310116        1400260        1490404        1580548        
1822756        1926724        2030692        2134660        2238628        2342596        2446564        55300          159268         263236         367204         471172         575140         679108         783076         887044         991012         1094980        1198948        1302916        1406884        1510852        1614820        1718788        
1947172        2064964        2182756        2300548        2418340        2536132        2653924        2771716        62500          180292         298084         415876         533668         651460         769252         887044         1004836        1122628        1240420        1358212        1476004        1593796        1711588        1829380        
2043940        2175556        2307172        2438788        2570404        2702020        2833636        2965252        3096868        69700          201316         332932         464548         596164         727780         859396         991012         1122628        1254244        1385860        1517476        1649092        1780708        1912324        
2113060        2258500        2403940        2549380        2694820        2840260        2985700        3131140        3276580        3422020        76900          222340         367780         513220         658660         804100         949540         1094980        1240420        1385860        1531300        1676740        1822180        1967620        
2154532        2313796        2473060        2632324        2791588        2950852        3110116        3269380        3428644        3587908        3747172        84100          243364         402628         561892         721156         880420         1039684        1198948        1358212        1517476        1676740        1836004        1995268        
2168356        2341444        2514532        2687620        2860708        3033796        3206884        3379972        3553060        3726148        3899236        4072324        91300          264388         437476         610564         783652         956740         1129828        1302916        1476004        1649092        1822180        1995268        
2154532        2341444        2528356        2715268        2902180        3089092        3276004        3462916        3649828        3836740        4023652        4210564        4397476        98500          285412         472324         659236         846148         1033060        1219972        1406884        1593796        1780708        1967620        
2113060        2313796        2514532        2715268        2916004        3116740        3317476        3518212        3718948        3919684        4120420        4321156        4521892        4722628        105700         306436         507172         707908         908644         1109380        1310116        1510852        1711588        1912324        
2043940        2258500        2473060        2687620        2902180        3116740        3331300        3545860        3760420        3974980        4189540        4404100        4618660        4833220        5047780        112900         327460         542020         756580         971140         1185700        1400260        1614820        1829380        
1947172        2175556        2403940        2632324        2860708        3089092        3317476        3545860        3774244        4002628        4231012        4459396        4687780        4916164        5144548        5372932        120100         348484         576868         805252         1033636        1262020        1490404        1718788        
1822756        2064964        2307172        2549380        2791588        3033796        3276004        3518212        3760420        4002628        4244836        4487044        4729252        4971460        5213668        5455876        5698084        127300         369508         611716         853924         1096132        1338340        1580548        
1670692        1926724        2182756        2438788        2694820        2950852        3206884        3462916        3718948        3974980        4231012        4487044        4743076        4999108        5255140        5511172        5767204        6023236        134500         390532         646564         902596         1158628        1414660        
1490980        1760836        2030692        2300548        2570404        2840260        3110116        3379972        3649828        3919684        4189540        4459396        4729252        4999108        5268964        5538820        5808676        6078532        6348388        141700         411556         681412         951268         1221124        
1283620        1567300        1850980        2134660        2418340        2702020        2985700        3269380        3553060        3836740        4120420        4404100        4687780        4971460        5255140        5538820        5822500        6106180        6389860        6673540        148900         432580         716260         999940         
1048612        1346116        1643620        1941124        2238628        2536132        2833636        3131140        3428644        3726148        4023652        4321156        4618660        4916164        5213668        5511172        5808676        6106180        6403684        6701188        6998692        156100         453604         751108         
785956         1097284        1408612        1719940        2031268        2342596        2653924        2965252        3276580        3587908        3899236        4210564        4521892        4833220        5144548        5455876        5767204        6078532        6389860        6701188        7012516        7323844        163300         474628         
495652         820804         1145956        1471108        1796260        2121412        2446564        2771716        3096868        3422020        3747172        4072324        4397476        4722628        5047780        5372932        5698084        6023236        6348388        6673540        6998692        7323844        7648996        170500         
RESULT of P*Gt


34590000       85105200       135620400      186135600      236650800      287166000      337681200      388196400      438711600      489226800      539742000      590257200      640772400      691287600      741802800      792318000      842833200      893348400      943863600      994378800      1044894000     1095409200     1145924400     1196439600     
-831277648     100340400      246572976      392805552      539038128      685270704      831503280      977735856      1123968432     1270201008     1416433584     1562666160     1708898736     1855131312     2001363888     -2147370832    -2001138256    -1854905680    -1708673104    -1562440528    -1416207952    -1269975376    -1123742800    -977510224     
1194022448     1435972400     166090800      408040752      649990704      891940656      1133890608     1375840560     1617790512     1859740464     2101690416     -1951326928    -1709376976    -1467427024    -1225477072    -983527120     -741577168     -499627216     -257677264     -15727312      226222640      468172592      710122544      952072496      
-1267079504    -929412176     -591744848     231841200      569508528      907175856      1244843184     1582510512     1920177840     -2037122128    -1699454800    -1361787472    -1024120144    -686452816     -348785488     -11118160      326549168      664216496      1001883824     1339551152     1677218480     2014885808     -1942414160    -1604746832    
375351088      808735792      1242120496     1675505200     297591600      730976304      1164361008     1597745712     2031130416     -1830452176    -1397067472    -963682768     -530298064     -96913360      336471344      769856048      1203240752     1636625456     2070010160     -1791572432    -1358187728    -924803024     -491418320     -58033616      
1826346928     -1939518288    -1410416208    -881314128     -352212048     363342000      892444080      1421546160     1950648240     -1815216976    -1286114896    -757012816     -227910736     301191344      830293424      1359395504     1888497584     -1877367632    -1348265552    -819163472     -290061392     239040688      768142768      1297244848     
-1209059280    -584239824     40579632       665399088      1290218544     1915038000     429092400      1053911856     1678731312     -1991416528    -1366597072    -741777616     -116958160     507861296      1132680752     1757500208     -1912647632    -1287828176    -663008720     -38189264      586630192      1211449648     1836269104     -1833878736    
-140932944     579603888      1300140720     2020677552     -1553752912    -833216080     -112679248     494842800      1215379632     1935916464     -1638514000    -917977168     -197440336     523096496      1243633328     1964170160     -1610260304    -889723472     -169186640     551350192      1271887024     1992423856     -1582006608    -861469776     
735758640      1552012848     -1926700240    -1110446032    -294191824     522062384      1338316592     -2140396496    560593200      1376847408     -2101865680    -1285611472    -469357264     346896944      1163151152     1979405360     -1499307728    -683053520     133200688      949454896      1765709104     -1713003984    -896749776     -80495568      
1421015472     -1961980240    -1050008656    -138037072     773934512      1685906096     -1697089616    -785118032     126853552      626343600      1538315184     -1844680528    -932708944     -20737360      891234224      1803205808     -1579789904    -667818320     244153264      1156124848     2068096432     -1314899280    -402927696     509043888      
1914837552     -1372440784    -364751824     642937136      1650626096     -1636652240    -628963280     378725680      1386414640     -1900863696    692094000      1699782960     -1587495376    -579806416     427882544      1435571504     -1851706832    -844017872     163671088      1171360048     -2115918288    -1108229328    -100540368     907148592      
-2077742416    -974336080     129070256      1232476592     -1959084368    -855678032     247728304      1351134640     -1840426320    -737019984     366386352      757844400      1861250736     -1330310224    -226903888     876502448      1979908784     -1211652176    -108245840     995160496      2098566832     -1092994128    10412208       1113818544     
-1966789840    -767666128     431457584      1630581296     -1465262288    -266138576     932985136      2132108848     -963734736     235388976      1434512688     -1661330896    823594800      2022718512     -1073125072    125998640      1325122352     -1770721232    -571597520     627526192      1826649904     -1269193680    -70069968      1129053744     
-2047272016    -752430928     542410160      1837251248     -1162874960    131966128      1426807216     -1573318992    -278477904     1016363184     -1983763024    -688921936     605919152      889345200      -2110781008    -815939920     478901168      1773742256     -1226383952    68457136       1363298224     -1636827984    -341986896     952854192      
1975778352     -928630480     461927984      1852486448     -1051922384    338636080      1729194544     -1175214288    215344176      1605902640     -1298506192    92052272       1482610736     -1421798096    955095600      -1949313232    -558754768     831803696      -2072605136    -682046672     708511792      2099070256     -805338576     585219888      
1512426672     -1296264784    190011056      1676286896     -1132404560    353871280      1840147120     -968544336     517731504      2004007344     -804684112     681591728      -2127099728    -640823888     845451952      1020846000     -1787845456    -301569616     1184706224     -1623985232    -137709392     1348566448     -1460125008    26150832       
857640240      -1855333840    -273340624     1308652592     -1404321488    177671728      1759664944     -953309136     628684080      -2084290000    -502296784     1079696432     -1633277648    -51284432      1530708784     -1182265296    1086596400     -1626377680    -44384464      1537608752     -1175365328    406627888      1988621104     -724352976     
11419056       1689129648     -928127056     749583536      -1867673168    -189962576     1487748016     -1129508688    548201904      -2069054800    -391344208     1286366384     -1330890320    346820272      2024530864     -592725840     1084984752     1152346800     -1464909904    212800688      1890511280     -726745424     950965168      -1666291536    
-1026236880    747191088      -1774348240    -920272        1772507696     -749031632     1024396336     -1497142992    276284976      2049712944     -471826384     1301601584     -1219937744    553490224      -1968049104    -194621136     1578806832     -942732496     1218097200     -1303442128    469985840      -2051553488    -278125520     1495302448     
2039639728     -386182224     1482963120     -942858832     926286512      -1499535440    369609904      -2056212048    -187066704     1682078640     -743743312     1125402032     -1300419920    568725424      -1857096528    12048816       1881194160     -544627792     1324517552     1283847600     -1141974352    727170992      -1698650960    170494384      
619114288      -1710990288    253872432      -2076232144    -111369424     1853493296     -476611280     1488251440     -841853136     1123009584     -1207094992    757767728      -1572336848    392525872      -1937578704    27284016       1992146736     -337957840     1626904880     -703199696     1349598000     -980506576     984356144      -1345748432    
-992845904     1067734192     -1166653008    893927088      -1340460112    720119984      -1514267216    546312880      -1688074320    372505776      -1861881424    198698672      -2035688528    24891568       2085471664     -148915536     1911664560     -322722640     1737857456     -496529744     1564050352     1415348400     -819038800     1241541296     
1498726448     -639943376     1516354096     -622315728     1533981744     -604688080     1551609392     -587060432     1569237040     -569432784     1586864688     -551805136     1604492336     -534177488     1622119984     -516549840     1639747632     -498922192     1657375280     -481294544     1675002928     -463666896     1481098800     -657571024     
-496103248     1755911600     -287040848     1964974000     -77978448      -2120930896    131083952      -1911868496    340146352      -1702806096    549208752      -1493743696    758271152      -1284681296    967333552      -1075618896    1176395952     -866556496     1385458352     -657494096     1594520752     -448431696     1803583152     1546849200     
RESULT of PGt*Gt


2503896        2510544        2517192        2523840        2530488        2537136        2543784        2550432        2557080        2563728        2570376        2577024        2583672        2590320        2596968        2603616        2610264        2616912        2623560        2630208        2636856        2643504        2650152        2656800        
2664000        2510544        2517216        2523888        2530560        2537232        2543904        2550576        2557248        2563920        2570592        2577264        2583936        2590608        2597280        2603952        2610624        2617296        2623968        2630640        2637312        2643984        2650656        2657328        
2664504        2671200        2517192        2523888        2530584        2537280        2543976        2550672        2557368        2564064        2570760        2577456        2584152        2590848        2597544        2604240        2610936        2617632        2624328        2631024        2637720        2644416        2651112        2657808        
2664960        2671680        2678400        2523840        2530560        2537280        2544000        2550720        2557440        2564160        2570880        2577600        2584320        2591040        2597760        2604480        2611200        2617920        2624640        2631360        2638080        2644800        2651520        2658240        
2665368        2672112        2678856        2685600        2530488        2537232        2543976        2550720        2557464        2564208        2570952        2577696        2584440        2591184        2597928        2604672        2611416        2618160        2624904        2631648        2638392        2645136        2651880        2658624        
2665728        2672496        2679264        2686032        2692800        2537136        2543904        2550672        2557440        2564208        2570976        2577744        2584512        2591280        2598048        2604816        2611584        2618352        2625120        2631888        2638656        2645424        2652192        2658960        
2666040        2672832        2679624        2686416        2693208        2700000        2543784        2550576        2557368        2564160        2570952        2577744        2584536        2591328        2598120        2604912        2611704        2618496        2625288        2632080        2638872        2645664        2652456        2659248        
2666304        2673120        2679936        2686752        2693568        2700384        2707200        2550432        2557248        2564064        2570880        2577696        2584512        2591328        2598144        2604960        2611776        2618592        2625408        2632224        2639040        2645856        2652672        2659488        
2666520        2673360        2680200        2687040        2693880        2700720        2707560        2714400        2557080        2563920        2570760        2577600        2584440        2591280        2598120        2604960        2611800        2618640        2625480        2632320        2639160        2646000        2652840        2659680        
2666688        2673552        2680416        2687280        2694144        2701008        2707872        2714736        2721600        2563728        2570592        2577456        2584320        2591184        2598048        2604912        2611776        2618640        2625504        2632368        2639232        2646096        2652960        2659824        
2666808        2673696        2680584        2687472        2694360        2701248        2708136        2715024        2721912        2728800        2570376        2577264        2584152        2591040        2597928        2604816        2611704        2618592        2625480        2632368        2639256        2646144        2653032        2659920        
2666880        2673792        2680704        2687616        2694528        2701440        2708352        2715264        2722176        2729088        2736000        2577024        2583936        2590848        2597760        2604672        2611584        2618496        2625408        2632320        2639232        2646144        2653056        2659968        
2666904        2673840        2680776        2687712        2694648        2701584        2708520        2715456        2722392        2729328        2736264        2743200        2583672        2590608        2597544        2604480        2611416        2618352        2625288        2632224        2639160        2646096        2653032        2659968        
2666880        2673840        2680800        2687760        2694720        2701680        2708640        2715600        2722560        2729520        2736480        2743440        2750400        2590320        2597280        2604240        2611200        2618160        2625120        2632080        2639040        2646000        2652960        2659920        
2666808        2673792        2680776        2687760        2694744        2701728        2708712        2715696        2722680        2729664        2736648        2743632        2750616        2757600        2596968        2603952        2610936        2617920        2624904        2631888        2638872        2645856        2652840        2659824        
2666688        2673696        2680704        2687712        2694720        2701728        2708736        2715744        2722752        2729760        2736768        2743776        2750784        2757792        2764800        2603616        2610624        2617632        2624640        2631648        2638656        2645664        2652672        2659680        
2666520        2673552        2680584        2687616        2694648        2701680        2708712        2715744        2722776        2729808        2736840        2743872        2750904        2757936        2764968        2772000        2610264        2617296        2624328        2631360        2638392        2645424        2652456        2659488        
2666304        2673360        2680416        2687472        2694528        2701584        2708640        2715696        2722752        2729808        2736864        2743920        2750976        2758032        2765088        2772144        2779200        2616912        2623968        2631024        2638080        2645136        2652192        2659248        
2666040        2673120        2680200        2687280        2694360        2701440        2708520        2715600        2722680        2729760        2736840        2743920        2751000        2758080        2765160        2772240        2779320        2786400        2623560        2630640        2637720        2644800        2651880        2658960        
2665728        2672832        2679936        2687040        2694144        2701248        2708352        2715456        2722560        2729664        2736768        2743872        2750976        2758080        2765184        2772288        2779392        2786496        2793600        2630208        2637312        2644416        2651520        2658624        
2665368        2672496        2679624        2686752        2693880        2701008        2708136        2715264        2722392        2729520        2736648        2743776        2750904        2758032        2765160        2772288        2779416        2786544        2793672        2800800        2636856        2643984        2651112        2658240        
2664960        2672112        2679264        2686416        2693568        2700720        2707872        2715024        2722176        2729328        2736480        2743632        2750784        2757936        2765088        2772240        2779392        2786544        2793696        2800848        2808000        2643504        2650656        2657808        
2664504        2671680        2678856        2686032        2693208        2700384        2707560        2714736        2721912        2729088        2736264        2743440        2750616        2757792        2764968        2772144        2779320        2786496        2793672        2800848        2808024        2815200        2650152        2657328        
2664000        2671200        2678400        2685600        2692800        2700000        2707200        2714400        2721600        2728800        2736000        2743200        2750400        2757600        2764800        2772000        2779200        2786400        2793600        2800800        2808000        2815200        2822400        2656800        
RESULT of Pt*G


157769120      219697472      281625824      343554176      405482528      467410880      529339232      591267584      653195936      715124288      777052640      838980992      900909344      962837696      1024766048     1086694400     1148622752     1210551104     1272479456     1334407808     1396336160     1458264512     1520192864     1582121216     
1632636416     204462272      266556800      328651328      390745856      452840384      514934912      577029440      639123968      701218496      763313024      825407552      887502080      949596608      1011691136     1073785664     1135880192     1197974720     1260069248     1322163776     1384258304     1446352832     1508447360     1570541888     
1620890912     1683151616     251155424      313416128      375676832      437937536      500198240      562458944      624719648      686980352      749241056      811501760      873762464      936023168      998283872      1060544576     1122805280     1185065984     1247326688     1309587392     1371848096     1434108800     1496369504     1558630208     
1608813056     1671239936     1733666816     297848576      360275456      422702336      485129216      547556096      609982976      672409856      734836736      797263616      859690496      922117376      984544256      1046971136     1109398016     1171824896     1234251776     1296678656     1359105536     1421532416     1483959296     1546386176     
1596402848     1658995904     1721588960     1784182016     344541728      407134784      469727840      532320896      594913952      657507008      720100064      782693120      845286176      907879232      970472288      1033065344     1095658400     1158251456     1220844512     1283437568     1346030624     1408623680     1471216736     1533809792     
1583660288     1646419520     1709178752     1771937984     1834697216     391234880      453994112      516753344      579512576      642271808      705031040      767790272      830549504      893308736      956067968      1018827200     1081586432     1144345664     1207104896     1269864128     1332623360     1395382592     1458141824     1520901056     
1570585376     1633510784     1696436192     1759361600     1822287008     1885212416     437928032      500853440      563778848      626704256      689629664      752555072      815480480      878405888      941331296      1004256704     1067182112     1130107520     1193032928     1255958336     1318883744     1381809152     1444734560     1507659968     
1557178112     1620269696     1683361280     1746452864     1809544448     1872636032     1935727616     484621184      547712768      610804352      673895936      736987520      800079104      863170688      926262272      989353856      1052445440     1115537024     1178628608     1241720192     1304811776     1367903360     1430994944     1494086528     
1543438496     1606696256     1669954016     1733211776     1796469536     1859727296     1922985056     1986242816     531314336      594572096      657829856      721087616      784345376      847603136      910860896      974118656      1037376416     1100634176     1163891936     1227149696     1290407456     1353665216     1416922976     1480180736     
1529366528     1592790464     1656214400     1719638336     1783062272     1846486208     1909910144     1973334080     2036758016     578007488      641431424      704855360      768279296      831703232      895127168      958551104      1021975040     1085398976     1148822912     1212246848     1275670784     1339094720     1402518656     1465942592     
1514962208     1578552320     1642142432     1705732544     1769322656     1832912768     1896502880     1960092992     2023683104     2087273216     624700640      688290752      751880864      815470976      879061088      942651200      1006241312     1069831424     1133421536     1197011648     1260601760     1324191872     1387781984     1451372096     
1500225536     1563981824     1627738112     1691494400     1755250688     1819006976     1882763264     1946519552     2010275840     2074032128     2137788416     671393792      735150080      798906368      862662656      926418944      990175232      1053931520     1117687808     1181444096     1245200384     1308956672     1372712960     1436469248     
1485156512     1549078976     1613001440     1676923904     1740846368     1804768832     1868691296     1932613760     1996536224     2060458688     2124381152     -2106663680    718086944      782009408      845931872      909854336      973776800      1037699264     1101621728     1165544192     1229466656     1293389120     1357311584     1421234048     
1469755136     1533843776     1597932416     1662021056     1726109696     1790198336     1854286976     1918375616     1982464256     2046552896     2110641536     -2120237120    -2056148480    764780096      828868736      892957376      957046016      1021134656     1085223296     1149311936     1213400576     1277489216     1341577856     1405666496     
1454021408     1518276224     1582531040     1646785856     1711040672     1775295488     1839550304     1903805120     1968059936     2032314752     2096569568     -2134142912    -2069888096    -2005633280    811473248      875728064      939982880      1004237696     1068492512     1132747328     1197002144     1261256960     1325511776     1389766592     
1437955328     1502376320     1566797312     1631218304     1695639296     1760060288     1824481280     1888902272     1953323264     2017744256     2082165248     2146586240     -2083960064    -2019539072    -1955118080    858166400      922587392      987008384      1051429376     1115850368     1180271360     1244692352     1309113344     1373534336     
1421556896     1486144064     1550731232     1615318400     1679905568     1744492736     1809079904     1873667072     1938254240     2002841408     2067428576     2132015744     -2098364384    -2033777216    -1969190048    -1904602880    904859552      969446720      1034033888     1098621056     1163208224     1227795392     1292382560     1356969728     
1404826112     1469579456     1534332800     1599086144     1663839488     1728592832     1793346176     1858099520     1922852864     1987606208     2052359552     2117112896     -2113101056    -2048347712    -1983594368    -1918841024    -1854087680    951552704      1016306048     1081059392     1145812736     1210566080     1275319424     1340072768     
1387762976     1452682496     1517602016     1582521536     1647441056     1712360576     1777280096     1842199616     1907119136     1972038656     2036958176     2101877696     -2128170080    -2063250560    -1998331040    -1933411520    -1868492000    -1803572480    998245856      1063165376     1128084896     1193004416     1257923936     1322843456     
1370367488     1435453184     1500538880     1565624576     1630710272     1695795968     1760881664     1825967360     1891053056     1956138752     2021224448     2086310144     -2143571456    -2078485760    -2013400064    -1948314368    -1883228672    -1818142976    -1753057280    1044939008     1110024704     1175110400     1240196096     1305281792     
1352639648     1417891520     1483143392     1548395264     1613647136     1678899008     1744150880     1809402752     1874654624     1939906496     2005158368     2070410240     2135662112     -2094053312    -2028801440    -1963549568    -1898297696    -1833045824    -1767793952    -1702542080    1091632160     1156884032     1222135904     1287387776     
1334579456     1399997504     1465415552     1530833600     1596251648     1661669696     1727087744     1792505792     1857923840     1923341888     1988759936     2054177984     2119596032     -2109953216    -2044535168    -1979117120    -1913699072    -1848281024    -1782862976    -1717444928    -1652026880    1138325312     1203743360     1269161408     
1316186912     1381771136     1447355360     1512939584     1578523808     1644108032     1709692256     1775276480     1840860704     1906444928     1972029152     2037613376     2103197600     -2126185472    -2060601248    -1995017024    -1929432800    -1863848576    -1798264352    -1732680128    -1667095904    -1601511680    1185018464     1250602688     
1297462016     1363212416     1428962816     1494713216     1560463616     1626214016     1691964416     1757714816     1823465216     1889215616     1954966016     2020716416     2086466816     -2142750080    -2076999680    -2011249280    -1945498880    -1879748480    -1813998080    -1748247680    -1682497280    -1616746880    -1550996480    1231711616     
RESULT of PtG*G


110700         270252         429804         589356         748908         908460         1068012        1227564        1387116        1546668        1706220        1865772        2025324        2184876        2344428        2503980        2663532        2823084        2982636        3142188        3301740        3461292        3620844        3780396        
3793944        111000         271128         431256         591384         751512         911640         1071768        1231896        1392024        1552152        1712280        1872408        2032536        2192664        2352792        2512920        2673048        2833176        2993304        3153432        3313560        3473688        3633816        
3646788        3807492        111300         272004         432708         593412         754116         914820         1075524        1236228        1396932        1557636        1718340        1879044        2039748        2200452        2361156        2521860        2682564        2843268        3003972        3164676        3325380        3486084        
3498480        3659760        3821040        111600         272880         434160         595440         756720         918000         1079280        1240560        1401840        1563120        1724400        1885680        2046960        2208240        2369520        2530800        2692080        2853360        3014640        3175920        3337200        
3349020        3510876        3672732        3834588        111900         273756         435612         597468         759324         921180         1083036        1244892        1406748        1568604        1730460        1892316        2054172        2216028        2377884        2539740        2701596        2863452        3025308        3187164        
3198408        3360840        3523272        3685704        3848136        112200         274632         437064         599496         761928         924360         1086792        1249224        1411656        1574088        1736520        1898952        2061384        2223816        2386248        2548680        2711112        2873544        3035976        
3046644        3209652        3372660        3535668        3698676        3861684        112500         275508         438516         601524         764532         927540         1090548        1253556        1416564        1579572        1742580        1905588        2068596        2231604        2394612        2557620        2720628        2883636        
2893728        3057312        3220896        3384480        3548064        3711648        3875232        112800         276384         439968         603552         767136         930720         1094304        1257888        1421472        1585056        1748640        1912224        2075808        2239392        2402976        2566560        2730144        
2739660        2903820        3067980        3232140        3396300        3560460        3724620        3888780        113100         277260         441420         605580         769740         933900         1098060        1262220        1426380        1590540        1754700        1918860        2083020        2247180        2411340        2575500        
2584440        2749176        2913912        3078648        3243384        3408120        3572856        3737592        3902328        113400         278136         442872         607608         772344         937080         1101816        1266552        1431288        1596024        1760760        1925496        2090232        2254968        2419704        
2428068        2593380        2758692        2924004        3089316        3254628        3419940        3585252        3750564        3915876        113700         279012         444324         609636         774948         940260         1105572        1270884        1436196        1601508        1766820        1932132        2097444        2262756        
2270544        2436432        2602320        2768208        2934096        3099984        3265872        3431760        3597648        3763536        3929424        114000         279888         445776         611664         777552         943440         1109328        1275216        1441104        1606992        1772880        1938768        2104656        
2111868        2278332        2444796        2611260        2777724        2944188        3110652        3277116        3443580        3610044        3776508        3942972        114300         280764         447228         613692         780156         946620         1113084        1279548        1446012        1612476        1778940        1945404        
1952040        2119080        2286120        2453160        2620200        2787240        2954280        3121320        3288360        3455400        3622440        3789480        3956520        114600         281640         448680         615720         782760         949800         1116840        1283880        1450920        1617960        1785000        
1791060        1958676        2126292        2293908        2461524        2629140        2796756        2964372        3131988        3299604        3467220        3634836        3802452        3970068        114900         282516         450132         617748         785364         952980         1120596        1288212        1455828        1623444        
1628928        1797120        1965312        2133504        2301696        2469888        2638080        2806272        2974464        3142656        3310848        3479040        3647232        3815424        3983616        115200         283392         451584         619776         787968         956160         1124352        1292544        1460736        
1465644        1634412        1803180        1971948        2140716        2309484        2478252        2647020        2815788        2984556        3153324        3322092        3490860        3659628        3828396        3997164        115500         284268         453036         621804         790572         959340         1128108        1296876        
1301208        1470552        1639896        1809240        1978584        2147928        2317272        2486616        2655960        2825304        2994648        3163992        3333336        3502680        3672024        3841368        4010712        115800         285144         454488         623832         793176         962520         1131864        
1135620        1305540        1475460        1645380        1815300        1985220        2155140        2325060        2494980        2664900        2834820        3004740        3174660        3344580        3514500        3684420        3854340        4024260        116100         286020         455940         625860         795780         965700         
968880         1139376        1309872        1480368        1650864        1821360        1991856        2162352        2332848        2503344        2673840        2844336        3014832        3185328        3355824        3526320        3696816        3867312        4037808        116400         286896         457392         627888         798384         
800988         972060         1143132        1314204        1485276        1656348        1827420        1998492        2169564        2340636        2511708        2682780        2853852        3024924        3195996        3367068        3538140        3709212        3880284        4051356        116700         287772         458844         629916         
631944         803592         975240         1146888        1318536        1490184        1661832        1833480        2005128        2176776        2348424        2520072        2691720        2863368        3035016        3206664        3378312        3549960        3721608        3893256        4064904        117000         288648         460296         
461748         633972         806196         978420         1150644        1322868        1495092        1667316        1839540        2011764        2183988        2356212        2528436        2700660        2872884        3045108        3217332        3389556        3561780        3734004        3906228        4078452        117300         289524         
290400         463200         636000         808800         981600         1154400        1327200        1500000        1672800        1845600        2018400        2191200        2364000        2536800        2709600        2882400        3055200        3228000        3400800        3573600        3746400        3919200        4092000        117600         
RESULT of Pt*Gt


34590000       100340400      166090800      231841200      297591600      363342000      429092400      494842800      560593200      626343600      692094000      757844400      823594800      889345200      955095600      1020846000     1086596400     1152346800     1218097200     1283847600     1349598000     1415348400     1481098800     1546849200     
-496103248     85105200       246572976      408040752      569508528      730976304      892444080      1053911856     1215379632     1376847408     1538315184     1699782960     1861250736     2022718512     -2110781008    -1949313232    -1787845456    -1626377680    -1464909904    -1303442128    -1141974352    -980506576     -819038800     -657571024     
1498726448     1755911600     135620400      392805552      649990704      907175856      1164361008     1421546160     1678731312     1935916464     -2101865680    -1844680528    -1587495376    -1330310224    -1073125072    -815939920     -558754768     -301569616     -44384464      212800688      469985840      727170992      984356144      1241541296     
-992845904     -639943376     -287040848     186135600      539038128      891940656      1244843184     1597745712     1950648240     -1991416528    -1638514000    -1285611472    -932708944     -579806416     -226903888     125998640      478901168      831803696      1184706224     1537608752     1890511280     -2051553488    -1698650960    -1345748432    
619114288      1067734192     1516354096     1964974000     236650800      685270704      1133890608     1582510512     2031130416     -1815216976    -1366597072    -917977168     -469357264     -20737360      427882544      876502448      1325122352     1773742256     -2072605136    -1623985232    -1175365328    -726745424     -278125520     170494384      
2039639728     -1710990288    -1166653008    -622315728     -77978448      287166000      831503280      1375840560     1920177840     -1830452176    -1286114896    -741777616     -197440336     346896944      891234224      1435571504     1979908784     -1770721232    -1226383952    -682046672     -137709392     406627888      950965168      1495302448     
-1026236880    -386182224     253872432      893927088      1533981744     -2120930896    337681200      977735856      1617790512     -2037122128    -1397067472    -757012816     -116958160     523096496      1163151152     1803205808     -1851706832    -1211652176    -571597520     68457136       708511792      1348566448     1988621104     -1666291536    
11419056       747191088      1482963120     -2076232144    -1340460112    -604688080     131083952      388196400      1123968432     1859740464     -1699454800    -963682768     -227910736     507861296      1243633328     1979405360     -1579789904    -844017872     -108245840     627526192      1363298224     2099070256     -1460125008    -724352976     
857640240      1689129648     -1774348240    -942858832     -111369424     720119984      1551609392     -1911868496    438711600      1270201008     2101690416     -1361787472    -530298064     301191344      1132680752     1964170160     -1499307728    -667818320     163671088      995160496      1826649904     -1636827984    -805338576     26150832       
1512426672     -1855333840    -928127056     -920272        926286512      1853493296     -1514267216    -587060432     340146352      489226800      1416433584     -1951326928    -1024120144    -96913360      830293424      1757500208     -1610260304    -683053520     244153264      1171360048     2098566832     -1269193680    -341986896     585219888      
1975778352     -1296264784    -273340624     749583536      1772507696     -1499535440    -476611280     546312880      1569237040     -1702806096    539742000      1562666160     -1709376976    -686452816     336471344      1359395504     -1912647632    -889723472     133200688      1156124848     -2115918288    -1092994128    -70069968      952854192      
-2047272016    -928630480     190011056      1308652592     -1867673168    -749031632     369609904      1488251440     -1688074320    -569432784     549208752      590257200      1708898736     -1467427024    -348785488     769856048      1888497584     -1287828176    -169186640     949454896      2068096432     -1108229328    10412208       1129053744     
-1966789840    -752430928     461927984      1676286896     -1404321488    -189962576     1024396336     -2056212048    -841853136     372505776      1586864688     -1493743696    640772400      1855131312     -1225477072    -11118160      1203240752     -1877367632    -663008720     551350192      1765709104     -1314899280    -100540368     1113818544     
-2077742416    -767666128     542410160      1852486448     -1132404560    177671728      1487748016     -1497142992    -187066704     1123009584     -1861881424    -551805136     758271152      691287600      2001363888     -983527120     326549168      1636625456     -1348265552    -38189264      1271887024     -1713003984    -402927696     907148592      
1914837552     -974336080     431457584      1837251248     -1051922384    353871280      1759664944     -1129508688    276284976      1682078640     -1207094992    198698672      1604492336     -1284681296    741802800      -2147370832    -741577168     664216496      2070010160     -819163472     586630192      1992423856     -896749776     509043888      
1421015472     -1372440784    129070256      1630581296     -1162874960    338636080      1840147120     -953309136     548201904      2049712944     -743743312     757767728      -2035688528    -534177488     967333552      792318000      -2001138256    -499627216     1001883824     -1791572432    -290061392     1211449648     -1582006608    -80495568      
735758640      -1961980240    -364751824     1232476592     -1465262288    131966128      1729194544     -968544336     628684080      -2069054800    -471826384     1125402032     -1572336848    24891568       1622119984     -1075618896    842833200      -1854905680    -257677264     1339551152     -1358187728    239040688      1836269104     -861469776     
-140932944     1552012848     -1050008656    642937136      -1959084368    -266138576     1426807216     -1175214288    517731504      -2084290000    -391344208     1301601584     -1300419920    392525872      2085471664     -516549840     1176395952     893348400      -1708673104    -15727312      1677218480     -924803024     768142768      -1833878736    
-1209059280    579603888      -1926700240    -138037072     1650626096     -855678032     932985136      -1573318992    215344176      2004007344     -502296784     1286366384     -1219937744    568725424      -1937578704    -148915536     1639747632     -866556496     943863600      -1562440528    226222640      2014885808     -491418320     1297244848     
1826346928     -584239824     1300140720     -1110446032    773934512      -1636652240    247728304      2132108848     -278477904     1605902640     -804684112     1079696432     -1330890320    553490224      -1857096528    27284016       1911664560     -498922192     1385458352     994378800      -1416207952    468172592      -1942414160    -58033616      
375351088      -1939518288    40579632       2020677552     -294191824     1685906096     -628963280     1351134640     -963734736     1016363184     -1298506192    681591728      -1633277648    346820272      -1968049104    12048816       1992146736     -322722640     1657375280     -657494096     1044894000     -1269975376    710122544      -1604746832    
-1267079504    808735792      -1410416208    665399088      -1553752912    522062384      -1697089616    378725680      -1840426320    235388976      -1983763024    92052272       -2127099728    -51284432      2024530864     -194621136     1881194160     -337957840     1737857456     -481294544     1594520752     1095409200     -1123742800    952072496      
1194022448     -929412176     1242120496     -881314128     1290218544     -833216080     1338316592     -785118032     1386414640     -737019984     1434512688     -688921936     1482610736     -640823888     1530708784     -592725840     1578806832     -544627792     1626904880     -496529744     1675002928     -448431696     1145924400     -977510224     
-831277648     1435972400     -591744848     1675505200     -352212048     1915038000     -112679248     -2140396496    126853552      -1900863696    366386352      -1661330896    605919152      -1421798096    845451952      -1182265296    1084984752     -942732496     1324517552     -703199696     1564050352     -463666896     1803583152     1196439600     
RESULT of PtGt*Gt

