
1         2         3         4         5         6         7         8         9         10        11        12        13        14        15        16        17        18        19        20        21        22        23        24        25        26        27        
54        28        29        30        31        32        33        34        35        36        37        38        39        40        41        42        43        44        45        46        47        48        49        50        51        52        53        
80        81        55        56        57        58        59        60        61        62        63        64        65        66        67        68        69        70        71        72        73        74        75        76        77        78        79        
106       107       108       82        83        84        85        86        87        88        89        90        91        92        93        94        95        96        97        98        99        100       101       102       103       104       105       
132       133       134       135       109       110       111       112       113       114       115       116       117       118       119       120       121       122       123       124       125       126       127       128       129       130       131       
158       159       160       161       162       136       137       138       139       140       141       142       143       144       145       146       147       148       149       150       151       152       153       154       155       156       157       
184       185       186       187       188       189       163       164       165       166       167       168       169       170       171       172       173       174       175       176       177       178       179       180       181       182       183       
210       211       212       213       214       215       216       190       191       192       193       194       195       196       197       198       199       200       201       202       203       204       205       206       207       208       209       
236       237       238       239       240       241       242       243       217       218       219       220       221       222       223       224       225       226       227       228       229       230       231       232       233       234       235       
262       263       264       265       266       267       268       269       270       244       245       246       247       248       249       250       251       252       253       254       255       256       257       258       259       260       261       
288       289       290       291       292       293       294       295       296       297       271       272       273       274       275       276       277       278       279       280       281       282       283       284       285       286       287       
314       315       316       317       318       319       320       321       322       323       324       298       299       300       301       302       303       304       305       306       307       308       309       310       311       312       313       
340       341       342       343       344       345       346       347       348       349       350       351       325       326       327       328       329       330       331       332       333       334       335       336       337       338       339       
366       367       368       369       370       371       372       373       374       375       376       377       378       352       353       354       355       356       357       358       359       360       361       362       363       364       365       
392       393       394       395       396       397       398       399       400       401       402       403       404       405       379       380       381       382       383       384       385       386       387       388       389       390       391       
418       419       420       421       422       423       424       425       426       427       428       429       430       431       432       406       407       408       409       410       411       412       413       414       415       416       417       
444       445       446       447       448       449       450       451       452       453       454       455       456       457       458       459       433       434       435       436       437       438       439       440       441       442       443       
470       471       472       473       474       475       476       477       478       479       480       481       482       483       484       485       486       460       461       462       463       464       465       466       467       468       469       
496       497       498       499       500       501       502       503       504       505       506       507       508       509       510       511       512       513       487       488       489       490       491       492       493       494       495       
522       523       524       525       526       527       528       529       530       531       532       533       534       535       536       537       538       539       540       514       515       516       517       518       519       520       521       
548       549       550       551       552       553       554       555       556       557       558       559       560       561       562       563       564       565       566       567       541       542       543       544       545       546       547       
574       575       576       577       578       579       580       581       582       583       584       585       586       587       588       589       590       591       592       593       594       568       569       570       571       572       573       
600       601       602       603       604       605       606       607       608       609       610       611       612       613       614       615       616       617       618       619       620       621       595       596       597       598       599       
626       627       628       629       630       631       632       633       634       635       636       637       638       639       640       641       642       643       644       645       646       647       648       622       623       624       625       
652       653       654       655       656       657       658       659       660       661       662       663       664       665       666       667       668       669       670       671       672       673       674       675       649       650       651       
678       679       680       681       682       683       684       685       686       687       688       689       690       691       692       693       694       695       696       697       698       699       700       701       702       676       677       
704       705       706       707       708       709       710       711       712       713       714       715       716       717       718       719       720       721       722       723       724       725       726       727       728       729       703       
RESULT of Initial Data


177282    177660    178038    178416    178794    179172    179550    179928    180306    180684    181062    181440    181818    182196    182574    182952    183330    183708    184086    184464    184842    185220    185598    185976    186354    186732    187110    
462672    433890    434997    436104    437211    438318    439425    440532    441639    442746    443853    444960    446067    447174    448281    449388    450495    451602    452709    453816    454923    456030    457137    458244    459351    460458    461565    
736398    738234    690498    692334    694170    696006    697842    699678    701514    703350    705186    707022    708858    710694    712530    714366    716202    718038    719874    721710    723546    725382    727218    729054    730890    732726    734562    
1008666   1011231   1013796   947106    949671    952236    954801    957366    959931    962496    965061    967626    970191    972756    975321    977886    980451    983016    985581    988146    990711    993276    995841    998406    1000971   1003536   1006101   
1279476   1282770   1286064   1289358   1203714   1207008   1210302   1213596   1216890   1220184   1223478   1226772   1230066   1233360   1236654   1239948   1243242   1246536   1249830   1253124   1256418   1259712   1263006   1266300   1269594   1272888   1276182   
1548828   1552851   1556874   1560897   1564920   1460322   1464345   1468368   1472391   1476414   1480437   1484460   1488483   1492506   1496529   1500552   1504575   1508598   1512621   1516644   1520667   1524690   1528713   1532736   1536759   1540782   1544805   
1816722   1821474   1826226   1830978   1835730   1840482   1716930   1721682   1726434   1731186   1735938   1740690   1745442   1750194   1754946   1759698   1764450   1769202   1773954   1778706   1783458   1788210   1792962   1797714   1802466   1807218   1811970   
2083158   2088639   2094120   2099601   2105082   2110563   2116044   1973538   1979019   1984500   1989981   1995462   2000943   2006424   2011905   2017386   2022867   2028348   2033829   2039310   2044791   2050272   2055753   2061234   2066715   2072196   2077677   
2348136   2354346   2360556   2366766   2372976   2379186   2385396   2391606   2230146   2236356   2242566   2248776   2254986   2261196   2267406   2273616   2279826   2286036   2292246   2298456   2304666   2310876   2317086   2323296   2329506   2335716   2341926   
2611656   2618595   2625534   2632473   2639412   2646351   2653290   2660229   2667168   2486754   2493693   2500632   2507571   2514510   2521449   2528388   2535327   2542266   2549205   2556144   2563083   2570022   2576961   2583900   2590839   2597778   2604717   
2873718   2881386   2889054   2896722   2904390   2912058   2919726   2927394   2935062   2942730   2743362   2751030   2758698   2766366   2774034   2781702   2789370   2797038   2804706   2812374   2820042   2827710   2835378   2843046   2850714   2858382   2866050   
3134322   3142719   3151116   3159513   3167910   3176307   3184704   3193101   3201498   3209895   3218292   2999970   3008367   3016764   3025161   3033558   3041955   3050352   3058749   3067146   3075543   3083940   3092337   3100734   3109131   3117528   3125925   
3393468   3402594   3411720   3420846   3429972   3439098   3448224   3457350   3466476   3475602   3484728   3493854   3256578   3265704   3274830   3283956   3293082   3302208   3311334   3320460   3329586   3338712   3347838   3356964   3366090   3375216   3384342   
3651156   3661011   3670866   3680721   3690576   3700431   3710286   3720141   3729996   3739851   3749706   3759561   3769416   3513186   3523041   3532896   3542751   3552606   3562461   3572316   3582171   3592026   3601881   3611736   3621591   3631446   3641301   
3907386   3917970   3928554   3939138   3949722   3960306   3970890   3981474   3992058   4002642   4013226   4023810   4034394   4044978   3769794   3780378   3790962   3801546   3812130   3822714   3833298   3843882   3854466   3865050   3875634   3886218   3896802   
4162158   4173471   4184784   4196097   4207410   4218723   4230036   4241349   4252662   4263975   4275288   4286601   4297914   4309227   4320540   4026402   4037715   4049028   4060341   4071654   4082967   4094280   4105593   4116906   4128219   4139532   4150845   
4415472   4427514   4439556   4451598   4463640   4475682   4487724   4499766   4511808   4523850   4535892   4547934   4559976   4572018   4584060   4596102   4283010   4295052   4307094   4319136   4331178   4343220   4355262   4367304   4379346   4391388   4403430   
4667328   4680099   4692870   4705641   4718412   4731183   4743954   4756725   4769496   4782267   4795038   4807809   4820580   4833351   4846122   4858893   4871664   4539618   4552389   4565160   4577931   4590702   4603473   4616244   4629015   4641786   4654557   
4917726   4931226   4944726   4958226   4971726   4985226   4998726   5012226   5025726   5039226   5052726   5066226   5079726   5093226   5106726   5120226   5133726   5147226   4796226   4809726   4823226   4836726   4850226   4863726   4877226   4890726   4904226   
5166666   5180895   5195124   5209353   5223582   5237811   5252040   5266269   5280498   5294727   5308956   5323185   5337414   5351643   5365872   5380101   5394330   5408559   5422788   5052834   5067063   5081292   5095521   5109750   5123979   5138208   5152437   
5414148   5429106   5444064   5459022   5473980   5488938   5503896   5518854   5533812   5548770   5563728   5578686   5593644   5608602   5623560   5638518   5653476   5668434   5683392   5698350   5309442   5324400   5339358   5354316   5369274   5384232   5399190   
5660172   5675859   5691546   5707233   5722920   5738607   5754294   5769981   5785668   5801355   5817042   5832729   5848416   5864103   5879790   5895477   5911164   5926851   5942538   5958225   5973912   5566050   5581737   5597424   5613111   5628798   5644485   
5904738   5921154   5937570   5953986   5970402   5986818   6003234   6019650   6036066   6052482   6068898   6085314   6101730   6118146   6134562   6150978   6167394   6183810   6200226   6216642   6233058   6249474   5822658   5839074   5855490   5871906   5888322   
6147846   6164991   6182136   6199281   6216426   6233571   6250716   6267861   6285006   6302151   6319296   6336441   6353586   6370731   6387876   6405021   6422166   6439311   6456456   6473601   6490746   6507891   6525036   6079266   6096411   6113556   6130701   
6389496   6407370   6425244   6443118   6460992   6478866   6496740   6514614   6532488   6550362   6568236   6586110   6603984   6621858   6639732   6657606   6675480   6693354   6711228   6729102   6746976   6764850   6782724   6800598   6335874   6353748   6371622   
6629688   6648291   6666894   6685497   6704100   6722703   6741306   6759909   6778512   6797115   6815718   6834321   6852924   6871527   6890130   6908733   6927336   6945939   6964542   6983145   7001748   7020351   7038954   7057557   7076160   6592482   6611085   
6868422   6887754   6907086   6926418   6945750   6965082   6984414   7003746   7023078   7042410   7061742   7081074   7100406   7119738   7139070   7158402   7177734   7197066   7216398   7235730   7255062   7274394   7293726   7313058   7332390   7351722   6849090   
RESULT of P*G


174830821217532275041758146796176306608817679853801772904672177782396417827432561787662548179258184017975011321802420424180733971618122590081817178300182209759218270168841831936176183685546818417747601846694052185161334418565326361861451928186637122018712905121876209804
329146772 14453510  26557097  38660684  50764271  62867858  74971445  87075032  99178619  111282206 123385793 135489380 147592967 159696554 171800141 183903728 196007315 208110902 220214489 232318076 244421663 256525250 268628837 280732424 292836011 304939598 317043185 
-1237204142-1217916260-1719401192-1700113310-1680825428-1661537546-1642249664-1622961782-1603673900-1584386018-1565098136-1545810254-1526522372-1507234490-1487946608-1468658726-1449370844-1430082962-1410795080-1391507198-1372219316-1352931434-1333643552-1314355670-1295067788-1275779906-1256492024
147704365015035158271529988004841711402 868183579 894655756 921127933 947600110 974072287 100054446410270166411053488818107996099511064331721132905349115937752611858497031212321880123879405712652662341291738411131821058813446827651371154942139762711914240992961450571473
-118044444-84387972 -50731500 -17075028 -892143300-858486828-824830356-791173884-757517412-723860940-690204468-656547996-622891524-589235052-555578580-521922108-488265636-454609164-420952692-387296220-353639748-319983276-286326804-252670332-219013860-185357388-151700916
-1727501128-1686660361-1645819594-1604978827-1564138060166896929417098100611750650828179149159518323323621873173129191401389619548546631995695430203653619720773769642118217731-2135908798-2095068031-2054227264-2013386497-1972545730-1931704963-1890864196-1850023429-1809182662-1768341895
943640894 991665956 1039691018108771608011357411421183766204-64885408 -16860346 31164716  79189778  127214840 175239902 223264964 271290026 319315088 367340150 415365212 463390274 511415336 559440398 607465460 655490522 703515584 751540646 799565708 847590770 895615832 
-694552970-639343613-584134256-528924899-473715542-418506185-363296828-1798740110-1743530753-1688321396-1633112039-1577902682-1522693325-1467483968-1412274611-1357065254-1301855897-1246646540-1191437183-1136227826-1081018469-1025809112-970599755-915390398-860181041-804971684-749762327
1947851872201024552420726391762135032828-2097540816-2035147164-1972753512-1910359860762372484 824766136 887159788 949553440 101194709210743407441136734396119912804812615217001323915352138630900414487026561511096308157348996016358836121698277264176067091618230645681885458220
280920828 350498775 420076722 489654669 559232616 628810563 698388510 767966457 837544404 -971482218-901904271-832326324-762748377-693170430-623592483-554014536-484436589-414858642-345280695-275702748-206124801-136546854-66968907 2609040   72186987  141764934 211342881 
-1400378806-1323616564-1246854322-1170092080-1093329838-1016567596-939805354-863043112-786280870-70951862815896303761666392618174315486018199171021896679344197344158620502038282126966070-2091238984-2014476742-1937714500-1860952258-1784190016-1707427774-1630665532-1553903290-1477141048
11989202661282866803136681334014507598771534706414161865295117025994881786546025187049256219544390992038385636-144224326-60277789 23668748  107615285 191561822 275508359 359454896 443401433 527347970 611294507 695241044 779187581 863134118 947080655 10310271921114973729
-511116548-419985716-328854884-237724052-146593220-55462388 35668444  126799276 217930108 309060940 400191772 491322604 -1878079028-1786948196-1695817364-1604686532-1513555700-1422424868-1331294036-1240163204-1149032372-1057901540-966770708-875639876-784509044-693378212-602247380
2059445344-2137206825-2038891698-1940576571-1842261444-1743946317-1645631190-1547316063-1449000936-1350685809-1252370682-1154055555-1055740428683033566 781348693 879663820 977978947 1076294074117460920112729243281371239455146955458215678697091666184836176449996318628150901961130217
320671350 426170772 531670194 637169616 742669038 848168460 953667882 1059167304116466672612701661481375665570148116499215866644141692163836-1050821136-945321714-839822292-734322870-628823448-523324026-417824604-312325182-206825760-1013263384173084   109672506 215171928 
-1432471234-1319787517-1207103800-1094420083-981736366-869052649-756368932-643685215-531001498-418317781-305634064-192950347-80266630 32417087  145100804 151029145816229751751735658892184834260919610263262073710043-2108573536-1995889819-1883206102-1770522385-1657838668-1545154951
109498488812148529001334720912145458892415744569361694324948181419296019340609722053928984-2121170300-2001302288-1881434276-1761566264-1641698252-1521830240-1401962228-223563244-10369523216172780  136040792 255908804 375776816 495644828 615512840 735380852 855248864 975116876 
-686894876-559842569-432790262-305737955-178685648-51633341 75418966  202471273 329523580 456575887 583628194 710680501 837732808 964785115 109183742212188897291345942036-1957417946-1830365639-1703313332-1576261025-1449208718-1322156411-1195104104-1068051797-940999490-813947183
181182406619460606682080297270-2080433424-1946196822-1811960220-1677723618-1543487016-1409250414-1275013812-1140777210-1006540608-872304006-738067404-603830802-469594200-335357598-201120996603694648 737931250 872167852 100640445411406410561274877658140911426015433508621677587464
1207122   142628019 284048916 425469813 566890710 708311607 849732504 991153401 11325742981273995195141541609215568369891698257886183967878319810996802122520577-2031025822-1889604925-1748184028-1130160054-988739157-847318260-705897363-564476466-423055569-281634672-140213775
-1823778412-1675173220-1526568028-1377962836-1229357644-1080752452-932147260-783542068-634936876-486331684-337726492-189121300-40516108 108089084 256694276 405299468 553904660 702509852 851115044 999720236 14309525401579557732172816292418767681162025373308-2120988796-1972383604
631834760 787624247 943413734 1099203221125499270814107821951566571682172236116918781506562033940143-2105237666-1949448179-1793658692-1637869205-1482079718-1326290231-1170500744-1014711257-858921770-703132283-547342796-302902162-1471126758676812   164466299 320255786 476045273 
-1221887954-1058914172-895940390-732966608-569992826-407019044-244045262-81071480 81902302  244876084 407849866 570823648 733797430 896771212 1059744994122271877613856925581548666340171164012218746139042037587686-2094405828-2036756864-1873783082-1710809300-1547835518-1384861736
120498803813751461151545304192171546226918856203462055778423-2069030796-1898872719-1728714642-1558556565-1388398488-1218240411-1048082334-877924257-707766180-537608103-367450026-197291949-27133872 143024205 313182282 483340359 653498436 524355730 694513807 864671884 1034829961
-677471856-500129484-322787112-14544474031897632  209240004 386582376 563924748 741267120 918609492 109595186412732942361450636608162797898018053213521982663724-2134961200-1957618828-1780276456-1602934084-1425591712-1248249340-1070906968-893564596-1209498972-1032156600-854814228
172066695619051936232089720290-2020720339-1836193672-1651667005-1467140338-1282613671-1098087004-913560337-729033670-544507003-359980336-1754536699072998   193599665 378126332 562652999 747179666 931706333 1116233000130075966714852863341669813001185433966813516136221536140289
-1905301181180844   192891806 384602768 576313730 768024692 959735654 115144661613431575781534868540172657950219182904642110001426-1993254908-1801543946-1609832984-1418122022-1226411060-1034700098-842989136-651278174-459567212-267856250-76145288 115565674 307276636 -382241080
RESULT of PG*G


6930      17136     27342     37548     47754     57960     68166     78372     88578     98784     108990    119196    129402    139608    149814    160020    170226    180432    190638    200844    211050    221256    231462    241668    251874    262080    272286    
794250    17136     47025     76914     106803    136692    166581    196470    226359    256248    286137    316026    345915    375804    405693    435582    465471    495360    525249    555138    585027    614916    644805    674694    704583    734472    764361    
1266642   1316214   27342     76914     126486    176058    225630    275202    324774    374346    423918    473490    523062    572634    622206    671778    721350    770922    820494    870066    919638    969210    1018782   1068354   1117926   1167498   1217070   
1699668   1768923   1838178   37548     106803    176058    245313    314568    383823    453078    522333    591588    660843    730098    799353    868608    937863    1007118   1076373   1145628   1214883   1284138   1353393   1422648   1491903   1561158   1630413   
2093328   2182266   2271204   2360142   47754     136692    225630    314568    403506    492444    581382    670320    759258    848196    937134    1026072   1115010   1203948   1292886   1381824   1470762   1559700   1648638   1737576   1826514   1915452   2004390   
2447622   2556243   2664864   2773485   2882106   57960     166581    275202    383823    492444    601065    709686    818307    926928    1035549   1144170   1252791   1361412   1470033   1578654   1687275   1795896   1904517   2013138   2121759   2230380   2339001   
2762550   2890854   3019158   3147462   3275766   3404070   68166     196470    324774    453078    581382    709686    837990    966294    1094598   1222902   1351206   1479510   1607814   1736118   1864422   1992726   2121030   2249334   2377638   2505942   2634246   
3038112   3186099   3334086   3482073   3630060   3778047   3926034   78372     226359    374346    522333    670320    818307    966294    1114281   1262268   1410255   1558242   1706229   1854216   2002203   2150190   2298177   2446164   2594151   2742138   2890125   
3274308   3441978   3609648   3777318   3944988   4112658   4280328   4447998   88578     256248    423918    591588    759258    926928    1094598   1262268   1429938   1597608   1765278   1932948   2100618   2268288   2435958   2603628   2771298   2938968   3106638   
3471138   3658491   3845844   4033197   4220550   4407903   4595256   4782609   4969962   98784     286137    473490    660843    848196    1035549   1222902   1410255   1597608   1784961   1972314   2159667   2347020   2534373   2721726   2909079   3096432   3283785   
3628602   3835638   4042674   4249710   4456746   4663782   4870818   5077854   5284890   5491926   108990    316026    523062    730098    937134    1144170   1351206   1558242   1765278   1972314   2179350   2386386   2593422   2800458   3007494   3214530   3421566   
3746700   3973419   4200138   4426857   4653576   4880295   5107014   5333733   5560452   5787171   6013890   119196    345915    572634    799353    1026072   1252791   1479510   1706229   1932948   2159667   2386386   2613105   2839824   3066543   3293262   3519981   
3825432   4071834   4318236   4564638   4811040   5057442   5303844   5550246   5796648   6043050   6289452   6535854   129402    375804    622206    868608    1115010   1361412   1607814   1854216   2100618   2347020   2593422   2839824   3086226   3332628   3579030   
3864798   4130883   4396968   4663053   4929138   5195223   5461308   5727393   5993478   6259563   6525648   6791733   7057818   139608    405693    671778    937863    1203948   1470033   1736118   2002203   2268288   2534373   2800458   3066543   3332628   3598713   
3864798   4150566   4436334   4722102   5007870   5293638   5579406   5865174   6150942   6436710   6722478   7008246   7294014   7579782   149814    435582    721350    1007118   1292886   1578654   1864422   2150190   2435958   2721726   3007494   3293262   3579030   
3825432   4130883   4436334   4741785   5047236   5352687   5658138   5963589   6269040   6574491   6879942   7185393   7490844   7796295   8101746   160020    465471    770922    1076373   1381824   1687275   1992726   2298177   2603628   2909079   3214530   3519981   
3746700   4071834   4396968   4722102   5047236   5372370   5697504   6022638   6347772   6672906   6998040   7323174   7648308   7973442   8298576   8623710   170226    495360    820494    1145628   1470762   1795896   2121030   2446164   2771298   3096432   3421566   
3628602   3973419   4318236   4663053   5007870   5352687   5697504   6042321   6387138   6731955   7076772   7421589   7766406   8111223   8456040   8800857   9145674   180432    525249    870066    1214883   1559700   1904517   2249334   2594151   2938968   3283785   
3471138   3835638   4200138   4564638   4929138   5293638   5658138   6022638   6387138   6751638   7116138   7480638   7845138   8209638   8574138   8938638   9303138   9667638   190638    555138    919638    1284138   1648638   2013138   2377638   2742138   3106638   
3274308   3658491   4042674   4426857   4811040   5195223   5579406   5963589   6347772   6731955   7116138   7500321   7884504   8268687   8652870   9037053   9421236   9805419   10189602  200844    585027    969210    1353393   1737576   2121759   2505942   2890125   
3038112   3441978   3845844   4249710   4653576   5057442   5461308   5865174   6269040   6672906   7076772   7480638   7884504   8288370   8692236   9096102   9499968   9903834   10307700  10711566  211050    614916    1018782   1422648   1826514   2230380   2634246   
2762550   3186099   3609648   4033197   4456746   4880295   5303844   5727393   6150942   6574491   6998040   7421589   7845138   8268687   8692236   9115785   9539334   9962883   10386432  10809981  11233530  221256    644805    1068354   1491903   1915452   2339001   
2447622   2890854   3334086   3777318   4220550   4663782   5107014   5550246   5993478   6436710   6879942   7323174   7766406   8209638   8652870   9096102   9539334   9982566   10425798  10869030  11312262  11755494  231462    674694    1117926   1561158   2004390   
2093328   2556243   3019158   3482073   3944988   4407903   4870818   5333733   5796648   6259563   6722478   7185393   7648308   8111223   8574138   9037053   9499968   9962883   10425798  10888713  11351628  11814543  12277458  241668    704583    1167498   1630413   
1699668   2182266   2664864   3147462   3630060   4112658   4595256   5077854   5560452   6043050   6525648   7008246   7490844   7973442   8456040   8938638   9421236   9903834   10386432  10869030  11351628  11834226  12316824  12799422  251874    734472    1217070   
1266642   1768923   2271204   2773485   3275766   3778047   4280328   4782609   5284890   5787171   6289452   6791733   7294014   7796295   8298576   8800857   9303138   9805419   10307700  10809981  11312262  11814543  12316824  12819105  13321386  262080    764361    
794250    1316214   1838178   2360142   2882106   3404070   3926034   4447998   4969962   5491926   6013890   6535854   7057818   7579782   8101746   8623710   9145674   9667638   10189602  10711566  11233530  11755494  12277458  12799422  13321386  13843350  272286    
RESULT of P*Gt


69489252  171263484 273037716 374811948 476586180 578360412 680134644 781908876 883683108 985457340 10872315721189005804129078003613925542681494328500159610273216978769641799651196190142542820031996602104973892-2088219172-1986444940-1884670708-1782896476-1681122244-1579348012
-698119334202310136 498060333 793810530 1089560727138531092416810611211976811318-2022405781-1726655584-1430905387-1135155190-839404993-543654796-24790459947845598  343595795 639345992 935096189 1230846386152659658318223467802118096977-1881120122-1585369925-1289619728-993869531
-306616818183109344 335131020 824857182 13145833441804309506-2000931628-1511205466-1021479304-531753142-42026980 447699182 937425344 14271515061916877668-1888363466-1398637304-908911142-41918498070541182  560267344 104999350615397196682029445830-1775795304-1286069142-796342980
-303066232380635895 1064338022467951904 11516540311835356158-1775909011-1092206884-408504757275197370 958899497 1642601624-1968663545-1284961418-60125929182442836  766144963 14498470902133549217-1477715952-794013825-110311698573390429 12570925561940794683-1670470486-986768359
-687467576190210516 10678886081945566700600772788 1478450880-1938838324-1061160232-183482140694195952 1571874044-1845415160-967737068-90058976 787619116 1665297208-1751991996-8743139043364188   881042280 1758720372-1658568832-78089074096787352  974465444 1852143536-1565145668
-1459820850-388166793683487264 1755141321-1468171918733593672 1805247729-1418065510-346411453725242604 1796896661-1426416578-354762521716891536 1788545593-1434767646-363113589708540468 1780194525-1443118714-371464657700189400 1771843457-1451469782-379815725691838332 1763492389
1674841242-1354496032-88866010 1176764012-1852573262-586943240866414556 2132044578-897292696368337326 1633967348-1395369926-1297399041135890118-1893447156-627817134637812888 1903442910-1125894364139735658 1405365680-1623971594-358341572907288450 -2122048824-856418802409211220 
126584108 1586190095-1249171214210434773 1670040760-1165320549294285438 999235440 -1836125869-3765198821083086105-1752275204-2926692171166936770-1668424539-2088185521250787435-1584573874-1249678871334638100-1500723209-41117222 1418488765-141687254442733443  1502339430-1333021879
-1809624956-1560430041497538948-1143846396509735556 -2131649788-47806783611755141161132056324-1509329020144252932 1797834884-843550460810031492 -1831353852-1777719001475810052-1165575292488006660 2141588612-4997967321153785220-1487600124165981828 1819563780-821821564831760388 
161181346 2008739263-4386701161408887801-1038521578809036339 -1638373040209184877 20567427941264877208-1182532171665025746 -178238363365174284  1912732201-5346771781312880739-1134528640713029277 -1734380102113177815 1960735732-4866736471360884270-1086525109761032808 -1686376571
1744035718-5093976961532136186-7212972281320236654-9331967601108337122-1145096292896437590 -13569958241397698092-8557353221185798560-1067634854973899028 -1279534386761999496 -1491433918550099964 -1703333450338200432 -1915232982126300900 -2127132514-85598632 1955935250-297498164
-1356029136879480711 -11799767381055533109-10039243401231585507-8278719421407637905-6518195441583690303-4757671461530518976-5289384731706571374-3528860751882623772-1768336772058676170-781279   -2060238728175271119 -1884186330351323517 -1708133932527375915 -1532081534703428313 
-549078624188040718814925704  -1850555780578930032 -12865514521142934360-7225471241706938688-158542796-2024024280405461532 1663339860-202141624-2067623108361862704 -1503618780925867032 -9396144521489871360-3756101242053875688188394204 -1677087280752398532 -11130829521316402860
-130080042-1801585561821876216 -8496293031773832474102326955 -15691785641054283213-6172223062006239471334733952 -133677156712866902101796160744124655225 -15468502941076611483-5948940362028567741357062222 -13144432971309018480-362487039-2033992558589469219 -10820363001541425477
-99033390 -15765629441240874798-236654756-17141843101103253432-374276122-1851805676965632066 -511897488-1989427042828010700 -649518854-21270484081928981628451452074 -10260774801791360262313830708 -11636988461653738896176209342 -1301320212151611753038587976  -14389415781378496164
-455938668-17394922571271921450-11632139 -12951857281716227979432674390 -850879199-2134432788876980919 -406572670-1690126259132128744837733859  -12458197302061802512778248923 -505304666-17888582551222555452-60998137 -13445517261666861981383308392 -9002451972111168510827614921 
-12007958762004593796915016172 -174561452-12641390761941250596851672972 -237904652-13274822761877907396788329772 -301247852-13908254761814564196724986572 -364591052-2100343900110504577215468148  -107410947621312801961041702572-47875052 -11374526762067936996978359372 -111218252
19613622821065760623170158964 -725442695-16210443541778321283882719624 -12882035 -908483694-18040853531595280284699678625 -195923034-1091524693-19871263521412239285516637626 -19675230161431842621536240962 -359360697-125496235621444032811248801622353199963 -542401696-1438003355
440601214 -261024480-962650174-166427586819290657341227440040525814346 -175811348-877437042-157906273620142788661312653172611027478 -90598216 -792223910-149384960420994919981397866304-183470213217586394701057013776355388082 -346237612-1047863306-174948900018438526021142226908
-1468111784-197576151318115560541303906325796256596 288606867 -219042862-726692591-1234342320-1741992049204532551815376757891030026060522376331 14726602  -492923127-1000572856-1508222585-2015872314-1701881248208543631915777865901070136861562487132 54837403  -452812326-960462055
530190584 216516820 -97156944 -410830708-724504472-1038178236-1351852000-1665525764-19791995282002094004168842024013747464761061072712747398948 433725184 120051420 -193622344-507296108-820969872-1134643636-1569060364-18827341282098559404178488564014712118761157538112843864348 
2140541022202084322319011454241781447625166174982615420520271422354228130265642911829586301063260831943563032 823865233 704167434 584469635 464771836 345074037 225376238 105678439 -14019360 -133717159-253414958-1436239480-1555937279-1675635078-1795332877-1915030676-2034728475
-932027766-857749600-783471434-709193268-634915102-560636936-486358770-412080604-337802438-263524272-189246106-114967940-40689774 33588392  107866558 182144724 256422890 330701056 404979222 479257388 553535554 627813720 -1303418596-1229140430-1154862264-1080584098-1006305932
-97581188 170672943 438927074 707181205 975435336 1243689467151194359817801977292048451860-1978261305-1710007174-1441753043-1173498912-905244781-636990650-368736519-100482388167771743 436025874 704280005 972534136 12407882671509042398-1170597712-902343581-634089450-365835319
348913460 811143556 12733736521735603748-2097133452-1634903356-1172673260-710443164-248213068214017028 676247124 113847722016007073162062937412-1769799788-1307569692-845339596-38310950079120596  541350692 100358078814658108841928040980-1904696220-1037776828-575546732-113316636
407456178 10636622391719868300-1918892935-1262686874-60648081349725248  705931309 13621373702018343431-1620417804-964211743-308005682348200379 10044064401660612501-1978148734-1321942673-665736612-9530551  646675510 13028815711959087632-1679673603-1023467542-904955944-248749883
78046966  928228992 1778411018-1666374252-81619222633989800  884171826 1734353852-1710431418-860249392-10067366 840114660 1690296686-1754488584-904306558-54124532 796057494 1646239520-1798545750-948363724-98181698 752000328 1602182354-1842602916-992420890-142238864-772135060
RESULT of PGt*Gt


4539510   4549014   4558518   4568022   4577526   4587030   4596534   4606038   4615542   4625046   4634550   4644054   4653558   4663062   4672566   4682070   4691574   4701078   4710582   4720086   4729590   4739094   4748598   4758102   4767606   4777110   4786614   
4796820   4549014   4558545   4568076   4577607   4587138   4596669   4606200   4615731   4625262   4634793   4644324   4653855   4663386   4672917   4682448   4691979   4701510   4711041   4720572   4730103   4739634   4749165   4758696   4768227   4777758   4787289   
4797468   4807026   4558518   4568076   4577634   4587192   4596750   4606308   4615866   4625424   4634982   4644540   4654098   4663656   4673214   4682772   4692330   4701888   4711446   4721004   4730562   4740120   4749678   4759236   4768794   4778352   4787910   
4798062   4807647   4817232   4568022   4577607   4587192   4596777   4606362   4615947   4625532   4635117   4644702   4654287   4663872   4673457   4683042   4692627   4702212   4711797   4721382   4730967   4740552   4750137   4759722   4769307   4778892   4788477   
4798602   4808214   4817826   4827438   4577526   4587138   4596750   4606362   4615974   4625586   4635198   4644810   4654422   4664034   4673646   4683258   4692870   4702482   4712094   4721706   4731318   4740930   4750542   4760154   4769766   4779378   4788990   
4799088   4808727   4818366   4828005   4837644   4587030   4596669   4606308   4615947   4625586   4635225   4644864   4654503   4664142   4673781   4683420   4693059   4702698   4712337   4721976   4731615   4741254   4750893   4760532   4770171   4779810   4789449   
4799520   4809186   4818852   4828518   4838184   4847850   4596534   4606200   4615866   4625532   4635198   4644864   4654530   4664196   4673862   4683528   4693194   4702860   4712526   4722192   4731858   4741524   4751190   4760856   4770522   4780188   4789854   
4799898   4809591   4819284   4828977   4838670   4848363   4858056   4606038   4615731   4625424   4635117   4644810   4654503   4664196   4673889   4683582   4693275   4702968   4712661   4722354   4732047   4741740   4751433   4761126   4770819   4780512   4790205   
4800222   4809942   4819662   4829382   4839102   4848822   4858542   4868262   4615542   4625262   4634982   4644702   4654422   4664142   4673862   4683582   4693302   4703022   4712742   4722462   4732182   4741902   4751622   4761342   4771062   4780782   4790502   
4800492   4810239   4819986   4829733   4839480   4849227   4858974   4868721   4878468   4625046   4634793   4644540   4654287   4664034   4673781   4683528   4693275   4703022   4712769   4722516   4732263   4742010   4751757   4761504   4771251   4780998   4790745   
4800708   4810482   4820256   4830030   4839804   4849578   4859352   4869126   4878900   4888674   4634550   4644324   4654098   4663872   4673646   4683420   4693194   4702968   4712742   4722516   4732290   4742064   4751838   4761612   4771386   4781160   4790934   
4800870   4810671   4820472   4830273   4840074   4849875   4859676   4869477   4879278   4889079   4898880   4644054   4653855   4663656   4673457   4683258   4693059   4702860   4712661   4722462   4732263   4742064   4751865   4761666   4771467   4781268   4791069   
4800978   4810806   4820634   4830462   4840290   4850118   4859946   4869774   4879602   4889430   4899258   4909086   4653558   4663386   4673214   4683042   4692870   4702698   4712526   4722354   4732182   4742010   4751838   4761666   4771494   4781322   4791150   
4801032   4810887   4820742   4830597   4840452   4850307   4860162   4870017   4879872   4889727   4899582   4909437   4919292   4663062   4672917   4682772   4692627   4702482   4712337   4722192   4732047   4741902   4751757   4761612   4771467   4781322   4791177   
4801032   4810914   4820796   4830678   4840560   4850442   4860324   4870206   4880088   4889970   4899852   4909734   4919616   4929498   4672566   4682448   4692330   4702212   4712094   4721976   4731858   4741740   4751622   4761504   4771386   4781268   4791150   
4800978   4810887   4820796   4830705   4840614   4850523   4860432   4870341   4880250   4890159   4900068   4909977   4919886   4929795   4939704   4682070   4691979   4701888   4711797   4721706   4731615   4741524   4751433   4761342   4771251   4781160   4791069   
4800870   4810806   4820742   4830678   4840614   4850550   4860486   4870422   4880358   4890294   4900230   4910166   4920102   4930038   4939974   4949910   4691574   4701510   4711446   4721382   4731318   4741254   4751190   4761126   4771062   4780998   4790934   
4800708   4810671   4820634   4830597   4840560   4850523   4860486   4870449   4880412   4890375   4900338   4910301   4920264   4930227   4940190   4950153   4960116   4701078   4711041   4721004   4730967   4740930   4750893   4760856   4770819   4780782   4790745   
4800492   4810482   4820472   4830462   4840452   4850442   4860432   4870422   4880412   4890402   4900392   4910382   4920372   4930362   4940352   4950342   4960332   4970322   4710582   4720572   4730562   4740552   4750542   4760532   4770522   4780512   4790502   
4800222   4810239   4820256   4830273   4840290   4850307   4860324   4870341   4880358   4890375   4900392   4910409   4920426   4930443   4940460   4950477   4960494   4970511   4980528   4720086   4730103   4740120   4750137   4760154   4770171   4780188   4790205   
4799898   4809942   4819986   4830030   4840074   4850118   4860162   4870206   4880250   4890294   4900338   4910382   4920426   4930470   4940514   4950558   4960602   4970646   4980690   4990734   4729590   4739634   4749678   4759722   4769766   4779810   4789854   
4799520   4809591   4819662   4829733   4839804   4849875   4859946   4870017   4880088   4890159   4900230   4910301   4920372   4930443   4940514   4950585   4960656   4970727   4980798   4990869   5000940   4739094   4749165   4759236   4769307   4779378   4789449   
4799088   4809186   4819284   4829382   4839480   4849578   4859676   4869774   4879872   4889970   4900068   4910166   4920264   4930362   4940460   4950558   4960656   4970754   4980852   4990950   5001048   5011146   4748598   4758696   4768794   4778892   4788990   
4798602   4808727   4818852   4828977   4839102   4849227   4859352   4869477   4879602   4889727   4899852   4909977   4920102   4930227   4940352   4950477   4960602   4970727   4980852   4990977   5001102   5011227   5021352   4758102   4768227   4778352   4788477   
4798062   4808214   4818366   4828518   4838670   4848822   4858974   4869126   4879278   4889430   4899582   4909734   4919886   4930038   4940190   4950342   4960494   4970646   4980798   4990950   5001102   5011254   5021406   5031558   4767606   4777758   4787910   
4797468   4807647   4817826   4828005   4838184   4848363   4858542   4868721   4878900   4889079   4899258   4909437   4919616   4929795   4939974   4950153   4960332   4970511   4980690   4990869   5001048   5011227   5021406   5031585   5041764   4777110   4787289   
4796820   4807026   4817232   4827438   4837644   4847850   4858056   4868262   4878468   4888674   4898880   4909086   4919292   4929498   4939704   4949910   4960116   4970322   4980528   4990734   5000940   5011146   5021352   5031558   5041764   5051970   4786614   
RESULT of Pt*G


178839219219142948662040197540-2128867082-2002964408-1877061734-1751159060-1625256386-1499353712-1373451038-1247548364-1121645690-995743016-869840342-743937668-618034994-492132320-366229646-240326972-11442429811478376  137381050 263283724 389186398 515089072 640991746 766894420 
868668652 188324821420094169732135585732-2033212805-1907044046-1780875287-1654706528-1528537769-1402369010-1276200251-1150031492-1023862733-897693974-771525215-645356456-519187697-393018938-266850179-140681420-14512661 111656098 237824857 363993616 490162375 616331134 742499893 
844008040 970442884 19781042362104539080-2063993372-1937558528-1811123684-1684688840-1558253996-1431819152-1305384308-1178949464-1052514620-926079776-799644932-673210088-546775244-420340400-293905556-167470712-41035868 85398976  211833820 338268664 464703508 591138352 717573196 
818815258 945516187 10722171162072960258-2095306109-1968605180-1841904251-1715203322-1588502393-1461801464-1335100535-1208399606-1081698677-954997748-828296819-701595890-574894961-448194032-321493103-194792174-68091245 58609684  185310613 312011542 438712471 565413400 692114329 
793090306 920057320 10470243341173991348-2127151016-2000184002-1873216988-1746249974-1619282960-1492315946-1365348932-1238381918-1111414904-984447890-857480876-730513862-603546848-476579834-349612820-222645806-95678792 31288222  158255236 285222250 412189264 539156278 666123292 
766833184 894066283 102129938211485324811275765580-2032294994-1905061895-1777828796-1650595697-1523362598-1396129499-1268896400-1141663301-1014430202-887197103-759964004-632730905-505497806-378264707-251031608-1237985093434590   130667689 257900788 385133887 512366986 639600085 
740043892 867543076 995042260 112254144412500406281377539812-1937438972-1809939788-1682440604-1554941420-1427442236-1299943052-1172443868-1044944684-917445500-789946316-662447132-534947948-407448764-279949580-152450396-24951212 102547972 230047156 357546340 485045524 612544708 
712722430 840487699 968252968 1096018237122378350613515487751479314044-1842582950-1714817681-1587052412-1459287143-1331521874-1203756605-1075991336-948226067-820460798-692695529-564930260-437164991-309399722-181634453-53869184 73896085  201661354 329426623 457191892 584957161 
684868798 812900152 940931506 10689628601196994214132502556814530569221581088276-1747726928-1619695574-1491664220-1363632866-1235601512-1107570158-979538804-851507450-723476096-595444742-467413388-339382034-211350680-83319326 44712028  172743382 300774736 428806090 556837444 
656482996 784780435 913077874 104137531311696727521297970191142626763015545650691682862508-1652870906-1524573467-1396276028-1267978589-1139681150-1011383711-883086272-754788833-626491394-498193955-369896516-241599077-11330163814995801  143293240 271590679 399888118 528185557 
627565024 756128548 884692072 1013255596114181912012703826441398946168152750969216560732161784636740-1558014884-1429451360-1300887836-1172324312-1043760788-915197264-786633740-658070216-529506692-400943168-272379644-143816120-15252596 113310928 241874452 370437976 499001500 
598114882 726944491 855774100 984603709 1113433318124226292713710925361499922145162875175417575813631886410972-1463158862-1334329253-1205499644-1076670035-947840426-819010817-690181208-561351599-432521990-303692381-174862772-46033163 82796446  211626055 340455664 469285273 
568132570 697228264 826323958 955419652 10845153461213611040134270673414718024281600898122172999381618590895101988185204-1368302840-1239207146-1110111452-981015758-851920064-722824370-593728676-464632982-335537288-206441594-77345900 51749794  180845488 309941182 439036876 
537618088 666979867 796341646 925703425 105506520411844269831313788762144315054115725123201701874099183123587819605976572089959436-1273446818-1144085039-1014723260-885361481-755999702-626637923-497276144-367914365-238552586-10919080720170972  149532751 278894530 408256309 
506571436 636199300 765827164 895455028 102508289211547107561284338620141396648415435943481673222212180285007619324779402062105804-2103233628-1178590796-1048962932-919335068-789707204-660079340-530451476-400823612-271195748-141567884-11940020 117687844 247315708 376943572 
474992614 604886563 734780512 864674461 994568410 11244623591254356308138425025715141442061644038155177393210419038260532033720002-2131353345-2001459396-1083734774-953840825-823946876-694052927-564158978-434265029-304371080-174477131-44583182 85310767  215204716 345098665 
442881622 573041656 703201690 833361724 963521758 109368179212238418261354001860148416189416143219281744481962187464199620048020302134962064-2029845198-1899685164-988878752-858718718-728558684-598398650-468238616-338078582-207918548-77758514 52401520  182561554 312721588 
410238460 540664579 671090698 801516817 931942936 106236905511927951741323221293145364741215840735311714499650184492576919753518882105778007-2058763170-1928337051-1797910932-894022730-763596611-633170492-502744373-372318254-241892135-11146601618960103  149386222 279812341 
377063128 507755332 638447536 769139740 899831944 103052414811612163521291908556142260076015532929641683985168181467737219453695762076061780-2088213312-1957521108-1826828904-1696136700-799166708-668474504-537782300-407090096-276397892-145705688-15013484 115678720 246370924 
343355626 474313915 605272204 736230493 867188782 998147071 11291053601260063649139102193815219802271652938516178389680519148550942045813383-2118195624-1987237335-1856279046-1725320757-1594362468-704310686-573352397-442394108-311435819-180477530-49519241 81439048  212397337 
309115954 440340328 571564702 702789076 834013450 965237824 109646219812276865721358910946149013532016213596941752584068188380844220150328162146257190-2017485732-1886261358-1755036984-1623812610-1492588236-609454664-478230290-347005916-215781542-84557168 46667206  177891580 
274344112 405834571 537325030 668815489 800305948 931796407 106328686611947773251326267784145775824315892487021720739161185222962019837200792115210538-2048266299-1916775840-1785285381-1653794922-1522304463-1390814004-514598642-383108183-251617724-12012726511363194  142853653 
239040100 370796644 502553188 634309732 766066276 897822820 102957936411613359081293092452142484899615566055401688362084182011862819518751722083631716-2079579036-1947822492-1816065948-1684309404-1552552860-1420796316-1289039772-419742620-287986076-156229532-24472988 107283556 
203203918 335226547 467249176 599271805 731294434 863317063 995339692 11273623211259384950139140757915234302081655452837178747546619194980952051520724-2111423943-1979401314-1847378685-1715356056-1583333427-1451310798-1319288169-1187265540-324886598-192863969-60841340 71181289  
166835566 299124280 431412994 563701708 695990422 828279136 960567850 10928565641225145278135743399214897227061622011420175430013418865888482018877562-2143801020-2011512306-1879223592-1746934878-1614646164-1482357450-1350068736-1217780022-1085491308-230030576-97741862 34546852  
129935044 262489843 395044642 527599441 660154240 792709039 925263838 105781863711903734361322928235145548303415880378331720592632185314743119857022302118257029-2044155468-1911600669-1779045870-1646491071-1513936272-1381381473-1248826674-1116271875-983717076-135174554-2619755  
92502352  225323236 358144120 490965004 623785888 756606772 889427656 102224854011550694241287890308142071119215535320761686352960181917384419519947282084815612-2077330800-1944509916-1811689032-1678868148-1546047264-1413226380-1280405496-1147584612-1014763728-881942844-40318532 
RESULT of PtG*G


177282    433890    690498    947106    1203714   1460322   1716930   1973538   2230146   2486754   2743362   2999970   3256578   3513186   3769794   4026402   4283010   4539618   4796226   5052834   5309442   5566050   5822658   6079266   6335874   6592482   6849090   
6868422   177660    434997    692334    949671    1207008   1464345   1721682   1979019   2236356   2493693   2751030   3008367   3265704   3523041   3780378   4037715   4295052   4552389   4809726   5067063   5324400   5581737   5839074   6096411   6353748   6611085   
6629688   6887754   178038    436104    694170    952236    1210302   1468368   1726434   1984500   2242566   2500632   2758698   3016764   3274830   3532896   3790962   4049028   4307094   4565160   4823226   5081292   5339358   5597424   5855490   6113556   6371622   
6389496   6648291   6907086   178416    437211    696006    954801    1213596   1472391   1731186   1989981   2248776   2507571   2766366   3025161   3283956   3542751   3801546   4060341   4319136   4577931   4836726   5095521   5354316   5613111   5871906   6130701   
6147846   6407370   6666894   6926418   178794    438318    697842    957366    1216890   1476414   1735938   1995462   2254986   2514510   2774034   3033558   3293082   3552606   3812130   4071654   4331178   4590702   4850226   5109750   5369274   5628798   5888322   
5904738   6164991   6425244   6685497   6945750   179172    439425    699678    959931    1220184   1480437   1740690   2000943   2261196   2521449   2781702   3041955   3302208   3562461   3822714   4082967   4343220   4603473   4863726   5123979   5384232   5644485   
5660172   5921154   6182136   6443118   6704100   6965082   179550    440532    701514    962496    1223478   1484460   1745442   2006424   2267406   2528388   2789370   3050352   3311334   3572316   3833298   4094280   4355262   4616244   4877226   5138208   5399190   
5414148   5675859   5937570   6199281   6460992   6722703   6984414   179928    441639    703350    965061    1226772   1488483   1750194   2011905   2273616   2535327   2797038   3058749   3320460   3582171   3843882   4105593   4367304   4629015   4890726   5152437   
5166666   5429106   5691546   5953986   6216426   6478866   6741306   7003746   180306    442746    705186    967626    1230066   1492506   1754946   2017386   2279826   2542266   2804706   3067146   3329586   3592026   3854466   4116906   4379346   4641786   4904226   
4917726   5180895   5444064   5707233   5970402   6233571   6496740   6759909   7023078   180684    443853    707022    970191    1233360   1496529   1759698   2022867   2286036   2549205   2812374   3075543   3338712   3601881   3865050   4128219   4391388   4654557   
4667328   4931226   5195124   5459022   5722920   5986818   6250716   6514614   6778512   7042410   181062    444960    708858    972756    1236654   1500552   1764450   2028348   2292246   2556144   2820042   3083940   3347838   3611736   3875634   4139532   4403430   
4415472   4680099   4944726   5209353   5473980   5738607   6003234   6267861   6532488   6797115   7061742   181440    446067    710694    975321    1239948   1504575   1769202   2033829   2298456   2563083   2827710   3092337   3356964   3621591   3886218   4150845   
4162158   4427514   4692870   4958226   5223582   5488938   5754294   6019650   6285006   6550362   6815718   7081074   181818    447174    712530    977886    1243242   1508598   1773954   2039310   2304666   2570022   2835378   3100734   3366090   3631446   3896802   
3907386   4173471   4439556   4705641   4971726   5237811   5503896   5769981   6036066   6302151   6568236   6834321   7100406   182196    448281    714366    980451    1246536   1512621   1778706   2044791   2310876   2576961   2843046   3109131   3375216   3641301   
3651156   3917970   4184784   4451598   4718412   4985226   5252040   5518854   5785668   6052482   6319296   6586110   6852924   7119738   182574    449388    716202    983016    1249830   1516644   1783458   2050272   2317086   2583900   2850714   3117528   3384342   
3393468   3661011   3928554   4196097   4463640   4731183   4998726   5266269   5533812   5801355   6068898   6336441   6603984   6871527   7139070   182952    450495    718038    985581    1253124   1520667   1788210   2055753   2323296   2590839   2858382   3125925   
3134322   3402594   3670866   3939138   4207410   4475682   4743954   5012226   5280498   5548770   5817042   6085314   6353586   6621858   6890130   7158402   183330    451602    719874    988146    1256418   1524690   1792962   2061234   2329506   2597778   2866050   
2873718   3142719   3411720   3680721   3949722   4218723   4487724   4756725   5025726   5294727   5563728   5832729   6101730   6370731   6639732   6908733   7177734   183708    452709    721710    990711    1259712   1528713   1797714   2066715   2335716   2604717   
2611656   2881386   3151116   3420846   3690576   3960306   4230036   4499766   4769496   5039226   5308956   5578686   5848416   6118146   6387876   6657606   6927336   7197066   184086    453816    723546    993276    1263006   1532736   1802466   2072196   2341926   
2348136   2618595   2889054   3159513   3429972   3700431   3970890   4241349   4511808   4782267   5052726   5323185   5593644   5864103   6134562   6405021   6675480   6945939   7216398   184464    454923    725382    995841    1266300   1536759   1807218   2077677   
2083158   2354346   2625534   2896722   3167910   3439098   3710286   3981474   4252662   4523850   4795038   5066226   5337414   5608602   5879790   6150978   6422166   6693354   6964542   7235730   184842    456030    727218    998406    1269594   1540782   1811970   
1816722   2088639   2360556   2632473   2904390   3176307   3448224   3720141   3992058   4263975   4535892   4807809   5079726   5351643   5623560   5895477   6167394   6439311   6711228   6983145   7255062   185220    457137    729054    1000971   1272888   1544805   
1548828   1821474   2094120   2366766   2639412   2912058   3184704   3457350   3729996   4002642   4275288   4547934   4820580   5093226   5365872   5638518   5911164   6183810   6456456   6729102   7001748   7274394   185598    458244    730890    1003536   1276182   
1279476   1552851   1826226   2099601   2372976   2646351   2919726   3193101   3466476   3739851   4013226   4286601   4559976   4833351   5106726   5380101   5653476   5926851   6200226   6473601   6746976   7020351   7293726   185976    459351    732726    1006101   
1008666   1282770   1556874   1830978   2105082   2379186   2653290   2927394   3201498   3475602   3749706   4023810   4297914   4572018   4846122   5120226   5394330   5668434   5942538   6216642   6490746   6764850   7038954   7313058   186354    460458    734562    
736398    1011231   1286064   1560897   1835730   2110563   2385396   2660229   2935062   3209895   3484728   3759561   4034394   4309227   4584060   4858893   5133726   5408559   5683392   5958225   6233058   6507891   6782724   7057557   7332390   186732    461565    
462672    738234    1013796   1289358   1564920   1840482   2116044   2391606   2667168   2942730   3218292   3493854   3769416   4044978   4320540   4596102   4871664   5147226   5422788   5698350   5973912   6249474   6525036   6800598   7076160   7351722   187110    
RESULT of Pt*Gt


69489252  202310136 335131020 467951904 600772788 733593672 866414556 999235440 11320563241264877208139769809215305189761663339860179616074419289816282061802512-2100343900-1967523016-1834702132-1701881248-1569060364-1436239480-1303418596-1170597712-1037776828-904955944-772135060
78046966  171263484 498060333 824857182 1151654031147845088018052477292132044578-1836125869-1509329020-1182532171-855735322-528938473-202141624124655225 451452074 778248923 1105045772143184262117586394702085436319-1882734128-1555937279-1229140430-902343581-575546732-248749883
407456178 928228992 273037716 793810530 13145833441835356158-1938838324-1418065510-897292696-376519882144252932 665025746 11857985601706571374-2067623108-1546850294-1026077480-50530466615468148  536240962 105701377615777865902098559404-1675635078-1154862264-634089450-113316636
348913460 10636622391778411018374811948 10895607271804309506-1775909011-1061160232-346411453368337326 10830861051797834884-1782383633-1067634854-352886075361862704 10766114831791360262-1788858255-1074109476-359360697355388082 10701368611784885640-1795332877-1080584098-365835319
-97581188 811143556 1719868300-1666374252476586180 1385310924-2000931628-1092206884-183482140725242604 1633967348-1752275204-84355046065174284  973899028 1882623772-1503618780-594894036313830708 12225554522131280196-1254962356-346237612562487132 1471211876-1915030676-1006305932
-932027766170672943 1273373652-1918892935-816192226578360412 1681061121-1511205466-408504757694195952 1796896661-1395369926-292669217810031492 1912732201-1279534386-176833677925867032 2028567741-1163698846-60998137 10417025722144403281-104786330654837403  1157538112-2034728475
2140541022-857749600438927074 1735603748-126268687433989800  680134644 1976811318-1021479304275197370 1571874044-1426416578-1297399041166936770-1831353852-534677178761999496 2058676170-939614452357062222 1653738896-1344551726-47875052 1248801622-1749489000-452812326843864348 
530190584 2020843223-783471434707181205 -2097133452-606480813884171826 781908876 -2022405781-531753142958899497 -1845415160-3547625211135890118-1668424539-1777719001312880739-1491433918-781279   1489871360-1314443297176209342 1666861981-1137452676353199963 1843852602-960462055
-1468111784216516820 1901145424-709193268975435336 -163490335649725248  1734353852883683108 -1726655584-42026980 1642601624-967737068716891536 -1893447156-2088185521475810052-1134528640550099964 -2060238728-3756101241309018480-1301320212383308392 2067936996-5424016961142226908
440601214 -1975761513-97156944 1781447625-6349151021243689467-1172673260705931309 -1710431418985457340 -1430905387447699182 -1968663545-90058976 1788545593-6278171341250787435-1165575292713029277 -1703333450175271119 2053875688-3624870391516117530-900245197978359372 -1438003355
1961362282-2610244801811556054-4108307081661749826-5606369361511943598-7104431641362137370-8602493921087231572-1135155190937425344 -1284961418787619116 -1434767646637812888 -1584573874488006660 -1734380102338200432 -1884186330188394204 -203399255838587976  2111168510-111218252
-12007958761065760623-9626501741303906325-7245044721542052027-4863587701780197729-2482130682018343431-10067366 1189005804-8394049931427151506-6012592911665297208-3631135891903442910-1249678872141588612113177815 -1915232982351323517 -1677087280589469219 -1438941578827614921 
-4559386682004593796170158964 -1664275868796256596 -10381782361422354228-4120806042048451860214017028 -1620417804840114660 1290780036-543654796191687766882442836  -1751991996708540468 -11258943641334638100-4997967321960735732126300900 -1708133932752398532 -10820363001378496164
-99033390 -1739492257915016172 -7254426951929065734288606867 -13518520001302656429-337802438-1978261305676247124 -96421174316902966861392554268-247904599-1888363466766144963 -8743139041780194525139735658 -15007232091153785220-486673647-2127132514527375915 -11130829521541425477
-130080042-15765629441271921450-174561452-16210443541227440040-219042862-16655257641182958630-263524272-17100071741138477220-308005682-1754488584149432850047845598  -139863730414498470903364188   -14431187141405365680-41117222 -14876001241360884270-85598632 -15320815341316402860
-549078624-18015855611240874798-11632139 -12641390761778321283525814346 -726692591-19791995281063260831-189246106-14417530431600707316348200379 -9043065581596102732343595795 -9089111422133549217881042280 -371464657-16239715941418488765165981828 -10865251091955935250703428313 
-13560291361880407188821876216 -236654756-12951857281941250596882719624 -175811348-12343423202002094004943563032 -114967940-117349891220629374121004406440-54124532 1697876964639345992 -419184980-14777159521758720372700189400 -358341572-14168725441819563780761032808 -297498164
1744035718879480711 14925704  -849629303-17141843101716227979851672972 -12882035 -877437042-17419920491688420240823865233 -40689774 -905244781-17697997881660612501796057494 1799651196935096189 70541182  -794013825-16585688321771843457907288450 42733443  -821821564-1686376571
161181346 -509397696-1179976738-185055578017738324741103253432432674390 -237904652-908483694-157906273620453255181374746476704167434 33588392  -636990650-1307569692-1978148734164623952019014254281230846386560267344 -110311698-780890740-1451469782-21220488241502339430831760388 
-1809624956200873926315321361861055533109578930032 102326955 -374276122-850879199-1327482276-1804085353201427886615376757891061072712584469635 107866558 -368736519-845339596-1321942673-1798545750200319966015265965831049993506573390429 96787352  -379815725-856418802-1333021879
126584108 -156043004-438670116-721297228-1003924340-1286551452-1569178564-1851805676-21344327881877907396159528028413126531721030026060747398948 464771836 182144724 -100482388-383109500-665736612-9483637242104973892182234678015397196681257092556974465444 691838332 409211220 
16748412421586190095149753894814088878011320236654123158550711429343601054283213965632066 876980919 788329772 699678625 611027478 522376331 433725184 345074037 256422890 167771743 79120596  -9530551  -98181698 -208821917221180969772029445830194079468318521435361763492389
-1459820850-1354496032-1249171214-1143846396-1038521578-933196760-827871942-722547124-617222306-511897488-406572670-301247852-195923034-90598216 14726602  120051420 225376238 330701056 436025874 541350692 646675510 752000328 -1986444940-1881120122-1775795304-1670470486-1565145668
-687467576-388166793-88866010 210434773 509735556 809036339 1108337122140763790517069386882006239471-1989427042-1690126259-1390825476-1091524693-792223910-492923127-193622344105678439 404979222 704280005 100358078813028815711602182354-1884670708-1585369925-1286069142-986768359
-303066232190210516 683487264 11767640121670040760-2131649788-1638373040-1145096292-651819544-158542796334733952 828010700 13212874481814564196-1987126352-1493849604-1000572856-507296108-14019360 479257388 972534136 14658108841959087632-1842602916-1782896476-1289619728-796342980
-306616818380635895 10678886081755141321-1852573262-1165320549-478067836209184877 896437590 1583690303-2024024280-1336771567-64951885437733859  724986572 14122392852099491998-1508222585-820969872-133717159553535554 12407882671928040980-1679673603-992420890-1681122244-993869531
-698119334183109344 10643380221945566700-1468171918-586943240294285438 11755141162056742794-1356995824-475767146405461532 1286690210-2127048408-1245819730-364591052516637626 1397866304-2015872314-1134643636-253414958627813720 1509042398-1904696220-1023467542-142238864-1579348012
RESULT of PtGt*Gt

