
1         2         3         4         5         6         7         8         9         10        11        12        13        14        15        16        17        18        19        20        21        22        23        24        25        26        27        28        
56        29        30        31        32        33        34        35        36        37        38        39        40        41        42        43        44        45        46        47        48        49        50        51        52        53        54        55        
83        84        57        58        59        60        61        62        63        64        65        66        67        68        69        70        71        72        73        74        75        76        77        78        79        80        81        82        
110       111       112       85        86        87        88        89        90        91        92        93        94        95        96        97        98        99        100       101       102       103       104       105       106       107       108       109       
137       138       139       140       113       114       115       116       117       118       119       120       121       122       123       124       125       126       127       128       129       130       131       132       133       134       135       136       
164       165       166       167       168       141       142       143       144       145       146       147       148       149       150       151       152       153       154       155       156       157       158       159       160       161       162       163       
191       192       193       194       195       196       169       170       171       172       173       174       175       176       177       178       179       180       181       182       183       184       185       186       187       188       189       190       
218       219       220       221       222       223       224       197       198       199       200       201       202       203       204       205       206       207       208       209       210       211       212       213       214       215       216       217       
245       246       247       248       249       250       251       252       225       226       227       228       229       230       231       232       233       234       235       236       237       238       239       240       241       242       243       244       
272       273       274       275       276       277       278       279       280       253       254       255       256       257       258       259       260       261       262       263       264       265       266       267       268       269       270       271       
299       300       301       302       303       304       305       306       307       308       281       282       283       284       285       286       287       288       289       290       291       292       293       294       295       296       297       298       
326       327       328       329       330       331       332       333       334       335       336       309       310       311       312       313       314       315       316       317       318       319       320       321       322       323       324       325       
353       354       355       356       357       358       359       360       361       362       363       364       337       338       339       340       341       342       343       344       345       346       347       348       349       350       351       352       
380       381       382       383       384       385       386       387       388       389       390       391       392       365       366       367       368       369       370       371       372       373       374       375       376       377       378       379       
407       408       409       410       411       412       413       414       415       416       417       418       419       420       393       394       395       396       397       398       399       400       401       402       403       404       405       406       
434       435       436       437       438       439       440       441       442       443       444       445       446       447       448       421       422       423       424       425       426       427       428       429       430       431       432       433       
461       462       463       464       465       466       467       468       469       470       471       472       473       474       475       476       449       450       451       452       453       454       455       456       457       458       459       460       
488       489       490       491       492       493       494       495       496       497       498       499       500       501       502       503       504       477       478       479       480       481       482       483       484       485       486       487       
515       516       517       518       519       520       521       522       523       524       525       526       527       528       529       530       531       532       505       506       507       508       509       510       511       512       513       514       
542       543       544       545       546       547       548       549       550       551       552       553       554       555       556       557       558       559       560       533       534       535       536       537       538       539       540       541       
569       570       571       572       573       574       575       576       577       578       579       580       581       582       583       584       585       586       587       588       561       562       563       564       565       566       567       568       
596       597       598       599       600       601       602       603       604       605       606       607       608       609       610       611       612       613       614       615       616       589       590       591       592       593       594       595       
623       624       625       626       627       628       629       630       631       632       633       634       635       636       637       638       639       640       641       642       643       644       617       618       619       620       621       622       
650       651       652       653       654       655       656       657       658       659       660       661       662       663       664       665       666       667       668       669       670       671       672       645       646       647       648       649       
677       678       679       680       681       682       683       684       685       686       687       688       689       690       691       692       693       694       695       696       697       698       699       700       673       674       675       676       
704       705       706       707       708       709       710       711       712       713       714       715       716       717       718       719       720       721       722       723       724       725       726       727       728       701       702       703       
731       732       733       734       735       736       737       738       739       740       741       742       743       744       745       746       747       748       749       750       751       752       753       754       755       756       729       730       
758       759       760       761       762       763       764       765       766       767       768       769       770       771       772       773       774       775       776       777       778       779       780       781       782       783       784       757       
RESULT of Initial Data


205030    205436    205842    206248    206654    207060    207466    207872    208278    208684    209090    209496    209902    210308    210714    211120    211526    211932    212338    212744    213150    213556    213962    214368    214774    215180    215586    215992    
534296    502166    503356    504546    505736    506926    508116    509306    510496    511686    512876    514066    515256    516446    517636    518826    520016    521206    522396    523586    524776    525966    527156    528346    529536    530726    531916    533106    
850626    852600    799302    801276    803250    805224    807198    809172    811146    813120    815094    817068    819042    821016    822990    824964    826938    828912    830886    832860    834834    836808    838782    840756    842730    844704    846678    848652    
1165388   1168146   1170904   1096438   1099196   1101954   1104712   1107470   1110228   1112986   1115744   1118502   1121260   1124018   1126776   1129534   1132292   1135050   1137808   1140566   1143324   1146082   1148840   1151598   1154356   1157114   1159872   1162630   
1478582   1482124   1485666   1489208   1393574   1397116   1400658   1404200   1407742   1411284   1414826   1418368   1421910   1425452   1428994   1432536   1436078   1439620   1443162   1446704   1450246   1453788   1457330   1460872   1464414   1467956   1471498   1475040   
1790208   1794534   1798860   1803186   1807512   1690710   1695036   1699362   1703688   1708014   1712340   1716666   1720992   1725318   1729644   1733970   1738296   1742622   1746948   1751274   1755600   1759926   1764252   1768578   1772904   1777230   1781556   1785882   
2100266   2105376   2110486   2115596   2120706   2125816   1987846   1992956   1998066   2003176   2008286   2013396   2018506   2023616   2028726   2033836   2038946   2044056   2049166   2054276   2059386   2064496   2069606   2074716   2079826   2084936   2090046   2095156   
2408756   2414650   2420544   2426438   2432332   2438226   2444120   2284982   2290876   2296770   2302664   2308558   2314452   2320346   2326240   2332134   2338028   2343922   2349816   2355710   2361604   2367498   2373392   2379286   2385180   2391074   2396968   2402862   
2715678   2722356   2729034   2735712   2742390   2749068   2755746   2762424   2582118   2588796   2595474   2602152   2608830   2615508   2622186   2628864   2635542   2642220   2648898   2655576   2662254   2668932   2675610   2682288   2688966   2695644   2702322   2709000   
3021032   3028494   3035956   3043418   3050880   3058342   3065804   3073266   3080728   2879254   2886716   2894178   2901640   2909102   2916564   2924026   2931488   2938950   2946412   2953874   2961336   2968798   2976260   2983722   2991184   2998646   3006108   3013570   
3324818   3333064   3341310   3349556   3357802   3366048   3374294   3382540   3390786   3399032   3176390   3184636   3192882   3201128   3209374   3217620   3225866   3234112   3242358   3250604   3258850   3267096   3275342   3283588   3291834   3300080   3308326   3316572   
3627036   3636066   3645096   3654126   3663156   3672186   3681216   3690246   3699276   3708306   3717336   3473526   3482556   3491586   3500616   3509646   3518676   3527706   3536736   3545766   3554796   3563826   3572856   3581886   3590916   3599946   3608976   3618006   
3927686   3937500   3947314   3957128   3966942   3976756   3986570   3996384   4006198   4016012   4025826   4035640   3770662   3780476   3790290   3800104   3809918   3819732   3829546   3839360   3849174   3858988   3868802   3878616   3888430   3898244   3908058   3917872   
4226768   4237366   4247964   4258562   4269160   4279758   4290356   4300954   4311552   4322150   4332748   4343346   4353944   4067798   4078396   4088994   4099592   4110190   4120788   4131386   4141984   4152582   4163180   4173778   4184376   4194974   4205572   4216170   
4524282   4535664   4547046   4558428   4569810   4581192   4592574   4603956   4615338   4626720   4638102   4649484   4660866   4672248   4364934   4376316   4387698   4399080   4410462   4421844   4433226   4444608   4455990   4467372   4478754   4490136   4501518   4512900   
4820228   4832394   4844560   4856726   4868892   4881058   4893224   4905390   4917556   4929722   4941888   4954054   4966220   4978386   4990552   4662070   4674236   4686402   4698568   4710734   4722900   4735066   4747232   4759398   4771564   4783730   4795896   4808062   
5114606   5127556   5140506   5153456   5166406   5179356   5192306   5205256   5218206   5231156   5244106   5257056   5270006   5282956   5295906   5308856   4959206   4972156   4985106   4998056   5011006   5023956   5036906   5049856   5062806   5075756   5088706   5101656   
5407416   5421150   5434884   5448618   5462352   5476086   5489820   5503554   5517288   5531022   5544756   5558490   5572224   5585958   5599692   5613426   5627160   5256342   5270076   5283810   5297544   5311278   5325012   5338746   5352480   5366214   5379948   5393682   
5698658   5713176   5727694   5742212   5756730   5771248   5785766   5800284   5814802   5829320   5843838   5858356   5872874   5887392   5901910   5916428   5930946   5945464   5553478   5567996   5582514   5597032   5611550   5626068   5640586   5655104   5669622   5684140   
5988332   6003634   6018936   6034238   6049540   6064842   6080144   6095446   6110748   6126050   6141352   6156654   6171956   6187258   6202560   6217862   6233164   6248466   6263768   5850614   5865916   5881218   5896520   5911822   5927124   5942426   5957728   5973030   
6276438   6292524   6308610   6324696   6340782   6356868   6372954   6389040   6405126   6421212   6437298   6453384   6469470   6485556   6501642   6517728   6533814   6549900   6565986   6582072   6147750   6163836   6179922   6196008   6212094   6228180   6244266   6260352   
6562976   6579846   6596716   6613586   6630456   6647326   6664196   6681066   6697936   6714806   6731676   6748546   6765416   6782286   6799156   6816026   6832896   6849766   6866636   6883506   6900376   6444886   6461756   6478626   6495496   6512366   6529236   6546106   
6847946   6865600   6883254   6900908   6918562   6936216   6953870   6971524   6989178   7006832   7024486   7042140   7059794   7077448   7095102   7112756   7130410   7148064   7165718   7183372   7201026   7218680   6742022   6759676   6777330   6794984   6812638   6830292   
7131348   7149786   7168224   7186662   7205100   7223538   7241976   7260414   7278852   7297290   7315728   7334166   7352604   7371042   7389480   7407918   7426356   7444794   7463232   7481670   7500108   7518546   7536984   7039158   7057596   7076034   7094472   7112910   
7413182   7432404   7451626   7470848   7490070   7509292   7528514   7547736   7566958   7586180   7605402   7624624   7643846   7663068   7682290   7701512   7720734   7739956   7759178   7778400   7797622   7816844   7836066   7855288   7336294   7355516   7374738   7393960   
7693448   7713454   7733460   7753466   7773472   7793478   7813484   7833490   7853496   7873502   7893508   7913514   7933520   7953526   7973532   7993538   8013544   8033550   8053556   8073562   8093568   8113574   8133580   8153586   8173592   7633430   7653436   7673442   
7972146   7992936   8013726   8034516   8055306   8076096   8096886   8117676   8138466   8159256   8180046   8200836   8221626   8242416   8263206   8283996   8304786   8325576   8346366   8367156   8387946   8408736   8429526   8450316   8471106   8491896   7930566   7951356   
8249276   8270850   8292424   8313998   8335572   8357146   8378720   8400294   8421868   8443442   8465016   8486590   8508164   8529738   8551312   8572886   8594460   8616034   8637608   8659182   8680756   8702330   8723904   8745478   8767052   8788626   8810200   8227702   
RESULT of P*G


-2040255228-2034360920-2028466612-2022572304-2016677996-2010783688-2004889380-1998995072-1993100764-1987206456-1981312148-1975417840-1969523532-1963629224-1957734916-1951840608-1945946300-1940051992-1934157684-1928263376-1922369068-1916474760-1910580452-1904686144-1898791836-1892897528-1887003220-1881108912
1657158352126537571612798861841294396652130890712013234175881337928056135243852413669489921381459460139596992814104803961424990864143950133214540118001468522268148303273614975432041512053672152656414015410746081555585076157009554415846060121599116480161362694816281374161642647884
877331692 900458320 276039364 299165992 322292620 345419248 368545876 391672504 414799132 437925760 461052388 484179016 507305644 530432272 553558900 576685528 599812156 622938784 646065412 669192040 692318668 715445296 738571924 761698552 784825180 807951808 831078436 854205064 
80272712  112015500 143758288 -713296988-681554200-649811412-618068624-586325836-554583048-522840260-491097472-459354684-427611896-395869108-364126320-332383532-300640744-268897956-237155168-205412380-173669592-141926804-110184016-78441228 -46698440 -14955652 16787136  48529924  
-734018588-693659640-653300692-612941744-1702633340-1662274392-1621915444-1581556496-1541197548-1500838600-1460479652-1420120704-1379761756-1339402808-1299043860-1258684912-1218325964-1177967016-1137608068-1097249120-1056890172-1016531224-976172276-935813328-895454380-855095432-814736484-774377536
-1565542208-1516567100-1467591992-1418616884-1369641776160299760416519727121700947820174992292817988980361847873144189684825219458233601994798468204377357620927486842141723792-2104268396-2055293288-2006318180-1957343072-1908367964-1859392856-1810417748-1761442640-1712467532-1663492424-1614517316
18806691481938260416199585168420534429522111034220-2126341808613661252 671252520 728843788 786435056 844026324 901617592 959208860 101680012810743913961131982664118957393212471652001304756468136234773614199390041477530272153512154015927128081650304076170789534417654866121823077880
1014680888108088831611470957441213303172127951060013457180281411925456-375675100-309467672-243260244-177052816-110845388-44637960 21569468  87776896  153984324 220191752 286399180 352606608 418814036 485021464 551228892 617436320 683643748 749851176 816058604 882266032 948473460 
131460308 206283896 281107484 355931072 430754660 505578248 580401836 655225424 -1365011452-1290187864-1215364276-1140540688-1065717100-990893512-916069924-841246336-766422748-691599160-616775572-541951984-467128396-392304808-317481220-242657632-167834044-93010456 -18186868 56636720  
-768992592-685552844-602113096-518673348-435233600-351793852-268354104-184914356-101474608194061949220240592402107498988-2104028560-2020588812-1937149064-1853709316-1770269568-1686829820-1603390072-1519950324-1436510576-1353070828-1269631080-1186191332-1102751584-1019311836-935872088-852432340
-1686677812-1594621904-1502565996-1410510088-1318454180-1226398272-1134342364-1042286456-950230548-858174640951283140 104333904811353949561227450864131950677214115626801503618588159567449616877304041779786312187184222019638981282055954036-2146957352-2054901444-1962845536-1870789628-1778733720
16733719441774044012187471608019753881482076060216-2118235012-2017562944-1916890876-1816218808-1715546740-1614874672-38053212 62618856  163290924 263962992 364635060 465307128 565979196 666651264 767323332 867995400 968667468 106933953611700116041270683672137135574014720278081572699876
721222084 830510312 939798540 104908676811583749961267663224137695145214862396801595527908170481613618141043641923392592-1027389564-918101336-808813108-699524880-590236652-480948424-371660196-262371968-153083740-43795512 65492716  174780944 284069172 393357400 502645628 611933856 
-248160096-130255708-12351320 105553068 223457456 341361844 459266232 577170620 695075008 812979396 930883784 10487881721166692560-2016725916-1898821528-1780917140-1663012752-1545108364-1427203976-1309299588-1191395200-1073490812-955586424-837682036-719777648-601873260-483968872-366064484
-1234774596-1108254048-981733500-855212952-728692404-602171856-475651308-349130760-222610212-96089664 30430884  156951432 283471980 409992528 1288905028141542557615419461241668466672179498722019215077682048028316-2120418432-1993897884-1867377336-1740856788-1614336240-1487815692-1361295144
2056345880-2103484708-1968348000-1833211292-1698074584-1562937876-1427801168-1292664460-1157527752-1022391044-887254336-752117628-616980920-481844212-346707504299568676 434705384 569842092 704978800 840115508 975252216 1110388924124552563213806623401515799048165093575617860724641921209172
10352667401179019608132277247614665253441610278212175403108018977839482041536816-2109677612-1965924744-1822171876-1678419008-1534666140-1390913272-1247160404-1103407536-689767676-546014808-402261940-258509072-11475620428996664  172749532 316502400 460255268 604008136 747761004 891513872 
-3044720  149324308 301693336 454062364 606431392 758800420 911169448 10635384761215907504136827653215206455601673014588182538361619777526442130121672-2012476596-1860107568-1679104028-1526735000-1374365972-1221996944-1069627916-917258888-764889860-612520832-460151804-307782776-155413748
-1058588500-897603312-736618124-575632936-414647748-253662560-92677372 68307816  229293004 390278192 551263380 712248568 873233756 103421894411952041321356189320151717450816781596961626526916178751210419484972922109482480-2024499628-1863514440-1702529252-1541544064-1380558876-1219573688
-2131364600-1961763252-1792161904-1622560556-1452959208-1283357860-1113756512-944155164-774553816-604952468-435351120-265749772-96148424 73452924  243054272 412655620 582256968 751858316 921459664 637190564 806791912 976393260 114599460813155959561485197304165479865218244000001994001348
1073594276125181178414300292921608246800178646430819646818162142899324-1973850464-1795632956-1617415448-1439197940-1260980432-1082762924-904545416-726327908-548110400-369892892-191675384-13457876 164759632 -352145788-1739282804289228   182506736 360724244 538941752 717159260 895376768 
-33646464 153187204 340020872 526854540 713688208 900521876 108735554412741892121461022880164785654818346902162021523884-2086609744-1899776076-1712942408-1526108740-1339275072-1152441404-965607736-778774068-591940400-1341482140-1154648472-967814804-780981136-594147468-407313800-220480132
-1158119524-962669696-767219868-571770040-376320212-18087038414579444  210029272 405479100 600928928 796378756 991828584 11872784121382728240157817806817736278961969077724-2130439744-1934989916-1739540088-1544090260-13486404321964148804-2135368664-1939918836-1744469008-1549019180-1353569352
1995142392-2095758916-1891692928-1687626940-1483560952-1279494964-1075428976-871362988-667297000-463231012-259165024-55099036 148966952 353032940 557098928 761164916 965230904 11692968921373362880157742886817814948561985560844-2105340464974812452 1178878440138294442815870104161791076404
836204692 104888684012615689881474251136168693328418996154322112297580-1969987568-1757305420-1544623272-1331941124-1119258976-906576828-693894680-481212532-268530384-55848236 156833912 369516060 582198208 794880356 100756250412202446521432926800-14523900 198158248 410840396 623522544 
-339965328-118667020102631288 323929596 545227904 766526212 987824520 12091228281430421136165171944418730177522094316060-1979352928-1758054620-1536756312-1315458004-1094159696-872861388-651563080-430264772-20896646412331844  233630152 454928460 676226768 -1003860252-782561944-561263636
-1533367668-1303453200-1073538732-843624264-613709796-383795328-15388086076033608  305948076 535862544 765777012 995691480 12256059481455520416168543488419153493522145263820-1919789008-1689874540-1459960072-1230045604-1000131136-770216668-540302200-310387732-80473264 -1993196604-1763282136
155096496817894955962028026224-2028410444-1789879816-1551349188-1312818560-1074287932-835757304-597226676-358696048-120165420118365208 356895836 595426464 833957092 10724877201311018348154954897617880796042026610232-2029826436-1791295808-1552765180-1314234552-1075703924-8371732961312434340
RESULT of PG*G


7714      19082     30450     41818     53186     64554     75922     87290     98658     110026    121394    132762    144130    155498    166866    178234    189602    200970    212338    223706    235074    246442    257810    269178    280546    291914    303282    314650    
918722    19082     52402     85722     119042    152362    185682    219002    252322    285642    318962    352282    385602    418922    452242    485562    518882    552202    585522    618842    652162    685482    718802    752122    785442    818762    852082    885402    
1467522   1522794   30450     85722     140994    196266    251538    306810    362082    417354    472626    527898    583170    638442    693714    748986    804258    859530    914802    970074    1025346   1080618   1135890   1191162   1246434   1301706   1356978   1412250   
1972418   2049642   2126866   41818     119042    196266    273490    350714    427938    505162    582386    659610    736834    814058    891282    968506    1045730   1122954   1200178   1277402   1354626   1431850   1509074   1586298   1663522   1740746   1817970   1895194   
2433410   2532586   2631762   2730938   53186     152362    251538    350714    449890    549066    648242    747418    846594    945770    1044946   1144122   1243298   1342474   1441650   1540826   1640002   1739178   1838354   1937530   2036706   2135882   2235058   2334234   
2850498   2971626   3092754   3213882   3335010   64554     185682    306810    427938    549066    670194    791322    912450    1033578   1154706   1275834   1396962   1518090   1639218   1760346   1881474   2002602   2123730   2244858   2365986   2487114   2608242   2729370   
3223682   3366762   3509842   3652922   3796002   3939082   75922     219002    362082    505162    648242    791322    934402    1077482   1220562   1363642   1506722   1649802   1792882   1935962   2079042   2222122   2365202   2508282   2651362   2794442   2937522   3080602   
3552962   3717994   3883026   4048058   4213090   4378122   4543154   87290     252322    417354    582386    747418    912450    1077482   1242514   1407546   1572578   1737610   1902642   2067674   2232706   2397738   2562770   2727802   2892834   3057866   3222898   3387930   
3838338   4025322   4212306   4399290   4586274   4773258   4960242   5147226   98658     285642    472626    659610    846594    1033578   1220562   1407546   1594530   1781514   1968498   2155482   2342466   2529450   2716434   2903418   3090402   3277386   3464370   3651354   
4079810   4288746   4497682   4706618   4915554   5124490   5333426   5542362   5751298   110026    318962    527898    736834    945770    1154706   1363642   1572578   1781514   1990450   2199386   2408322   2617258   2826194   3035130   3244066   3453002   3661938   3870874   
4277378   4508266   4739154   4970042   5200930   5431818   5662706   5893594   6124482   6355370   121394    352282    583170    814058    1044946   1275834   1506722   1737610   1968498   2199386   2430274   2661162   2892050   3122938   3353826   3584714   3815602   4046490   
4431042   4683882   4936722   5189562   5442402   5695242   5948082   6200922   6453762   6706602   6959442   132762    385602    638442    891282    1144122   1396962   1649802   1902642   2155482   2408322   2661162   2914002   3166842   3419682   3672522   3925362   4178202   
4540802   4815594   5090386   5365178   5639970   5914762   6189554   6464346   6739138   7013930   7288722   7563514   144130    418922    693714    968506    1243298   1518090   1792882   2067674   2342466   2617258   2892050   3166842   3441634   3716426   3991218   4266010   
4606658   4903402   5200146   5496890   5793634   6090378   6387122   6683866   6980610   7277354   7574098   7870842   8167586   155498    452242    748986    1045730   1342474   1639218   1935962   2232706   2529450   2826194   3122938   3419682   3716426   4013170   4309914   
4628610   4947306   5266002   5584698   5903394   6222090   6540786   6859482   7178178   7496874   7815570   8134266   8452962   8771658   166866    485562    804258    1122954   1441650   1760346   2079042   2397738   2716434   3035130   3353826   3672522   3991218   4309914   
4606658   4947306   5287954   5628602   5969250   6309898   6650546   6991194   7331842   7672490   8013138   8353786   8694434   9035082   9375730   178234    518882    859530    1200178   1540826   1881474   2222122   2562770   2903418   3244066   3584714   3925362   4266010   
4540802   4903402   5266002   5628602   5991202   6353802   6716402   7079002   7441602   7804202   8166802   8529402   8892002   9254602   9617202   9979802   189602    552202    914802    1277402   1640002   2002602   2365202   2727802   3090402   3453002   3815602   4178202   
4431042   4815594   5200146   5584698   5969250   6353802   6738354   7122906   7507458   7892010   8276562   8661114   9045666   9430218   9814770   10199322  10583874  200970    585522    970074    1354626   1739178   2123730   2508282   2892834   3277386   3661938   4046490   
4277378   4683882   5090386   5496890   5903394   6309898   6716402   7122906   7529410   7935914   8342418   8748922   9155426   9561930   9968434   10374938  10781442  11187946  212338    618842    1025346   1431850   1838354   2244858   2651362   3057866   3464370   3870874   
4079810   4508266   4936722   5365178   5793634   6222090   6650546   7079002   7507458   7935914   8364370   8792826   9221282   9649738   10078194  10506650  10935106  11363562  11792018  223706    652162    1080618   1509074   1937530   2365986   2794442   3222898   3651354   
3838338   4288746   4739154   5189562   5639970   6090378   6540786   6991194   7441602   7892010   8342418   8792826   9243234   9693642   10144050  10594458  11044866  11495274  11945682  12396090  235074    685482    1135890   1586298   2036706   2487114   2937522   3387930   
3552962   4025322   4497682   4970042   5442402   5914762   6387122   6859482   7331842   7804202   8276562   8748922   9221282   9693642   10166002  10638362  11110722  11583082  12055442  12527802  13000162  246442    718802    1191162   1663522   2135882   2608242   3080602   
3223682   3717994   4212306   4706618   5200930   5695242   6189554   6683866   7178178   7672490   8166802   8661114   9155426   9649738   10144050  10638362  11132674  11626986  12121298  12615610  13109922  13604234  257810    752122    1246434   1740746   2235058   2729370   
2850498   3366762   3883026   4399290   4915554   5431818   5948082   6464346   6980610   7496874   8013138   8529402   9045666   9561930   10078194  10594458  11110722  11626986  12143250  12659514  13175778  13692042  14208306  269178    785442    1301706   1817970   2334234   
2433410   2971626   3509842   4048058   4586274   5124490   5662706   6200922   6739138   7277354   7815570   8353786   8892002   9430218   9968434   10506650  11044866  11583082  12121298  12659514  13197730  13735946  14274162  14812378  280546    818762    1356978   1895194   
1972418   2532586   3092754   3652922   4213090   4773258   5333426   5893594   6453762   7013930   7574098   8134266   8694434   9254602   9814770   10374938  10935106  11495274  12055442  12615610  13175778  13735946  14296114  14856282  15416450  291914    852082    1412250   
1467522   2049642   2631762   3213882   3796002   4378122   4960242   5542362   6124482   6706602   7288722   7870842   8452962   9035082   9617202   10199322  10781442  11363562  11945682  12527802  13109922  13692042  14274162  14856282  15438402  16020522  303282    885402    
918722    1522794   2126866   2730938   3335010   3939082   4543154   5147226   5751298   6355370   6959442   7563514   8167586   8771658   9375730   9979802   10583874  11187946  11792018  12396090  13000162  13604234  14208306  14812378  15416450  16020522  16624594  314650    
RESULT of P*Gt


86209228  212575916 338942604 465309292 591675980 718042668 844409356 970776044 109714273212235094201349876108147624279616026094841728976172185534286019817095482108076236-2060524372-1934157684-1807790996-1681424308-1555057620-1428690932-1302324244-1175957556-1049590868-923224180-796857492
1587032796251249852 618869020 986488188 135410735617217265242089345692-1838002436-1470383268-1102764100-735144932-36752576493404     367712572 735331740 110295090814705700761838189244-2089158884-1721539716-1353920548-986301380-618682212-251063044116556124 484175292 851794460 1219413628
-932915860-324044212416290476 10251621241634033772-2052061876-1443190228-834318580-225446932383424716 992296364 1601168012-2084927636-1476055988-867184340-258312692350558956 959430604 1568302252-2117793396-1508921748-900050100-291178452317693196 926564844 15354364922144308140-1541787508
359597820 12097219482059846076581331100 1431455228-2013387940-1163263812-313139684536984444 1387108572-2057734596-1207610468-357486340492637788 1342761916-2102081252-1251957124-401832996448291132 1298415260-2146427908-1296303780-446179652403944476 12540686042104192732-1340650436-490526308
1169606540-2033984148-942607540148769068 746371724 1837748332-1365842356-274465748816910860 1908287468-1295303220-203926612887449996 1978826604-1224764084-133387476957989132 2049365740-1154224948-62848340 10285282682119904876-10836858127690796   1099067404-2104523284-101314667678229932  
1497110300-1465227908-1325988201200030268-1762307940911412348 -2050925860-718296772614332316 1946961404-1015376804317252284 1649881372-131245683620172252  1352801340-1609536868-2769077801055721308-1906616900-573987812758641276 2091270364-871067844461561244 1794190332-1168147876164481212 
1342109100-1378976628194904940 1768786508-952299220621582348 1076452972-1644632756-70751188 1503130380-1217955348355926220 1929807788-791277940782603628 -1938482100-3646005321209281036-151180469262076876  1635958444-1085127284488754284 2062635852-658449876915431692 -1805654036-231772468
704602940 -177523030839903740  1855037788-6247954601190338588-12894946601241493596-1238339652576794396 -1903038852-87904804 1727229244-7526040041062530044-1417303204397830844 -2082002404-2668683561548265692-931567556883566492 -1596266756218867292 2034001340-4458319081369302140-1110531108
-4154081801640978348-5976024201458784108-7797966601276589868-96199090010943956281406534220-8320465481224339980-10142407881042145740-1196435028859951500 -1378629268677757260 -1560823508495563020 -1743017748313368780 -1925211988131174540 -2107406228-51019700 2005366828-2332139401823172588
-2017924260279714748 -1717613540580025468 -1417302820880336188 -11169921001180646908-8166813801571574844-4257534441871885564-125442724-2122771012174867996 -1822460292475178716 -1522149572775489436 -12218388521075800156-9215281321376110876-6212174121676421596-3209066921976732316-20595972 
192021996 -1564053812974837676 -78123813217576533561577548   -1754498260784393228 -97168258015672089081736615468-19460340 -1775536148763355340 -9927204681546171020-209904788-1965980596572910892 -11831649161355726572-4003492362138542252382466444 -13736093641165282124-5907936841948097804
1919463292404639964 -11101833641669960604155137276 -13596860521420457916-94365412 -16091887401170955228-3438681001901656092386832764 -11279905641652153404137330076 -13774932521402650716-112172612-16269959401153148028-361675300-1876498628903645340 -611177988-2126001316654142652 -860680676
-11305676681890828780617257932 -656312916-19298837641091512684-182058164-14556290121565767436292196588 -98137426020400221882066696716793125868 -480444980-17540158281267380620-6190228  -12797610761741635372468064524 -805506324-2079077172942319276 -331251572-16048224201416574028143003180 
-368136292-14004546601862194268829875900 -202442468-12347608362027888092995569724 -36748644 -1069067012-21013853801161263548128945180 -20632299561199418972167100604 -865217764-18975361321365112796332794428 -699523940-17318423081530806620498488252 -533830116-15661484841696500444664182076 
-88209876 -879275764-167034165218335597561042493868251427980 -539637908-1330703796-21217696841382131724591065836 -200000052-991065940-1782131828-18981893321605712076814646188 23580300  -767485588-155855147619453499321154284044363218156 -427847732-1218913620-20099795081493921900702856012 
-290788420-840601828-1390415236-194022864418049252441255111836705298428 155485020 -394328388-944141796-1493955204-204376861217013852761151571868601758460 -173314870820120051801462191772912378364 362564956 -187248452-737061860-1286875268-183668867619084652121358651804808838396 259024988 
-975871924-1284432852-1592993780-19015547082084851660177629073214677298041159168876850607948 542047020 233486092 -75074836 -383635764-692196692-1000757620-1309318548-1568108084-18766690122109737356180117642814926155001184054572875493644 566932716 258371788 -50189140 -358750068-667310996
-21434603882084198460201689001219495815641882273116181496466817476562201680347772161303932415457308761478422428141111398013438055321276497084120918863611418801881074571740-1403067460-1470375908-1537684356-1604992804-1672301252-1739609700-1806918148-1874226596-1941535044-2008843492-2076151940
501413484 675357516 849301548 1023245580119718961213711336441545077676171902170818929657402066909772-2054113492-1880169460-1706225428-1532281396-1358337364-1184393332-1010449300-836505268-1238026836-1064082804-890138772-716194740-542250708-368306676-194362644-20418612 153525420 327469452 
-1631184900-1215988388-800791876-38559536429601148  444797660 859994172 127519068416903871962105583708-1774187076-1358990564-943794052-528597540-113401028301795484 716991996 11321885081547385020-1072986212-657789700-242593188172603324 587799836 100299634814181928601833389372-2046381412
48679052  705128044 13615770362018026028-1620492276-964043284-307594292348854700 10053036921661752684-1976765620-1320316628-663867636-7418644  649030348 13054793401961928332-1676589972-1020140980-363691988-907945588-251496596404952396 10614013881717850380-1920667924-1264218932-607769940
12460380442143739516-1253526308-355824836541876636 1439578108-1957687716-1059986244-162284772735416700 1633118172-1764147652-86644618031255292  928956764 1826658236-1570607588-672906116224795356 11224968282020198300-742904964154796508 10524979801950199452-1447066372-549364900348336572 
1960892076-1195121268-56167316 1082786636-2073226708-934272756204681196 1343635148-1812378196-673424244465529708 1604483660-1551529684-412575732726378220 1865332172-1290681172-151727220987226732 2126180684-1029832660109121292 -577864340561089612 1700043564-1455969780-317015828821938124 
-2101726148-721519716658686716 2038893148-875867716504338716 1884545148-1030215716349990716 1730197148-1184563716195642716 1575849148-133891171641294716  1421501148-1493259716-1130532841267153148-1647607716-2674012841112805148-1801955716-412823716967382716 -1947378148-567171716813034716 
1943085260-730423124891035788 -1782472596-1610136841460445228-1213063156408395756 2029854668-643653716977805196 -1695703188-74244276 1547214636-1126293748495165164 2116624076-5568843081064574604-160893378012525132  1633984044-1039524340581934572 -2477830921373675820-1299832564321626348 
1210424412-1221831492640879900 -179137600471335388  1934046780-4982091241364502268-1067753636794957756 -1637298148225413244 2088124636-3441312681518580124-913675780949035612 -1483220292379491100 -2052764804-1900534121672657980-7595979241103113468-1329142436-82742468 1779968924-652286980
-4741396  2099222476-91780948 2012182924-1788205001925143372-2658600521838103820-3528996041751064268-4399391561664024716-5269787081576985164-6140182601489945612-7010578121402906060-7880973641315866508-8751369161228826956-9621764681141787404-1049216020105474785282298156  -2108705268
-1702412164642804188 -13069467561038269596-9114813481433735004-5160159401829200412-120550532-2070301476274914876 -1674836068670380284 -12793706601065845692-8839052521461311100-4884398441856776508-92974436 -2042725380302490972 -1647259972697956380 -12517945641093421788-856329156247338780 
RESULT of PGt*Gt


5454316   5464928   5475540   5486152   5496764   5507376   5517988   5528600   5539212   5549824   5560436   5571048   5581660   5592272   5602884   5613496   5624108   5634720   5645332   5655944   5666556   5677168   5687780   5698392   5709004   5719616   5730228   5740840   
5752208   5464928   5475568   5486208   5496848   5507488   5518128   5528768   5539408   5550048   5560688   5571328   5581968   5592608   5603248   5613888   5624528   5635168   5645808   5656448   5667088   5677728   5688368   5699008   5709648   5720288   5730928   5741568   
5752908   5763576   5475540   5486208   5496876   5507544   5518212   5528880   5539548   5550216   5560884   5571552   5582220   5592888   5603556   5614224   5624892   5635560   5646228   5656896   5667564   5678232   5688900   5699568   5710236   5720904   5731572   5742240   
5753552   5764248   5774944   5486152   5496848   5507544   5518240   5528936   5539632   5550328   5561024   5571720   5582416   5593112   5603808   5614504   5625200   5635896   5646592   5657288   5667984   5678680   5689376   5700072   5710768   5721464   5732160   5742856   
5754140   5764864   5775588   5786312   5496764   5507488   5518212   5528936   5539660   5550384   5561108   5571832   5582556   5593280   5604004   5614728   5625452   5636176   5646900   5657624   5668348   5679072   5689796   5700520   5711244   5721968   5732692   5743416   
5754672   5765424   5776176   5786928   5797680   5507376   5518128   5528880   5539632   5550384   5561136   5571888   5582640   5593392   5604144   5614896   5625648   5636400   5647152   5657904   5668656   5679408   5690160   5700912   5711664   5722416   5733168   5743920   
5755148   5765928   5776708   5787488   5798268   5809048   5517988   5528768   5539548   5550328   5561108   5571888   5582668   5593448   5604228   5615008   5625788   5636568   5647348   5658128   5668908   5679688   5690468   5701248   5712028   5722808   5733588   5744368   
5755568   5766376   5777184   5787992   5798800   5809608   5820416   5528600   5539408   5550216   5561024   5571832   5582640   5593448   5604256   5615064   5625872   5636680   5647488   5658296   5669104   5679912   5690720   5701528   5712336   5723144   5733952   5744760   
5755932   5766768   5777604   5788440   5799276   5810112   5820948   5831784   5539212   5550048   5560884   5571720   5582556   5593392   5604228   5615064   5625900   5636736   5647572   5658408   5669244   5680080   5690916   5701752   5712588   5723424   5734260   5745096   
5756240   5767104   5777968   5788832   5799696   5810560   5821424   5832288   5843152   5549824   5560688   5571552   5582416   5593280   5604144   5615008   5625872   5636736   5647600   5658464   5669328   5680192   5691056   5701920   5712784   5723648   5734512   5745376   
5756492   5767384   5778276   5789168   5800060   5810952   5821844   5832736   5843628   5854520   5560436   5571328   5582220   5593112   5604004   5614896   5625788   5636680   5647572   5658464   5669356   5680248   5691140   5702032   5712924   5723816   5734708   5745600   
5756688   5767608   5778528   5789448   5800368   5811288   5822208   5833128   5844048   5854968   5865888   5571048   5581968   5592888   5603808   5614728   5625648   5636568   5647488   5658408   5669328   5680248   5691168   5702088   5713008   5723928   5734848   5745768   
5756828   5767776   5778724   5789672   5800620   5811568   5822516   5833464   5844412   5855360   5866308   5877256   5581660   5592608   5603556   5614504   5625452   5636400   5647348   5658296   5669244   5680192   5691140   5702088   5713036   5723984   5734932   5745880   
5756912   5767888   5778864   5789840   5800816   5811792   5822768   5833744   5844720   5855696   5866672   5877648   5888624   5592272   5603248   5614224   5625200   5636176   5647152   5658128   5669104   5680080   5691056   5702032   5713008   5723984   5734960   5745936   
5756940   5767944   5778948   5789952   5800956   5811960   5822964   5833968   5844972   5855976   5866980   5877984   5888988   5899992   5602884   5613888   5624892   5635896   5646900   5657904   5668908   5679912   5690916   5701920   5712924   5723928   5734932   5745936   
5756912   5767944   5778976   5790008   5801040   5812072   5823104   5834136   5845168   5856200   5867232   5878264   5889296   5900328   5911360   5613496   5624528   5635560   5646592   5657624   5668656   5679688   5690720   5701752   5712784   5723816   5734848   5745880   
5756828   5767888   5778948   5790008   5801068   5812128   5823188   5834248   5845308   5856368   5867428   5878488   5889548   5900608   5911668   5922728   5624108   5635168   5646228   5657288   5668348   5679408   5690468   5701528   5712588   5723648   5734708   5745768   
5756688   5767776   5778864   5789952   5801040   5812128   5823216   5834304   5845392   5856480   5867568   5878656   5889744   5900832   5911920   5923008   5934096   5634720   5645808   5656896   5667984   5679072   5690160   5701248   5712336   5723424   5734512   5745600   
5756492   5767608   5778724   5789840   5800956   5812072   5823188   5834304   5845420   5856536   5867652   5878768   5889884   5901000   5912116   5923232   5934348   5945464   5645332   5656448   5667564   5678680   5689796   5700912   5712028   5723144   5734260   5745376   
5756240   5767384   5778528   5789672   5800816   5811960   5823104   5834248   5845392   5856536   5867680   5878824   5889968   5901112   5912256   5923400   5934544   5945688   5956832   5655944   5667088   5678232   5689376   5700520   5711664   5722808   5733952   5745096   
5755932   5767104   5778276   5789448   5800620   5811792   5822964   5834136   5845308   5856480   5867652   5878824   5889996   5901168   5912340   5923512   5934684   5945856   5957028   5968200   5666556   5677728   5688900   5700072   5711244   5722416   5733588   5744760   
5755568   5766768   5777968   5789168   5800368   5811568   5822768   5833968   5845168   5856368   5867568   5878768   5889968   5901168   5912368   5923568   5934768   5945968   5957168   5968368   5979568   5677168   5688368   5699568   5710768   5721968   5733168   5744368   
5755148   5766376   5777604   5788832   5800060   5811288   5822516   5833744   5844972   5856200   5867428   5878656   5889884   5901112   5912340   5923568   5934796   5946024   5957252   5968480   5979708   5990936   5687780   5699008   5710236   5721464   5732692   5743920   
5754672   5765928   5777184   5788440   5799696   5810952   5822208   5833464   5844720   5855976   5867232   5878488   5889744   5901000   5912256   5923512   5934768   5946024   5957280   5968536   5979792   5991048   6002304   5698392   5709648   5720904   5732160   5743416   
5754140   5765424   5776708   5787992   5799276   5810560   5821844   5833128   5844412   5855696   5866980   5878264   5889548   5900832   5912116   5923400   5934684   5945968   5957252   5968536   5979820   5991104   6002388   6013672   5709004   5720288   5731572   5742856   
5753552   5764864   5776176   5787488   5798800   5810112   5821424   5832736   5844048   5855360   5866672   5877984   5889296   5900608   5911920   5923232   5934544   5945856   5957168   5968480   5979792   5991104   6002416   6013728   6025040   5719616   5730928   5742240   
5752908   5764248   5775588   5786928   5798268   5809608   5820948   5832288   5843628   5854968   5866308   5877648   5888988   5900328   5911668   5923008   5934348   5945688   5957028   5968368   5979708   5991048   6002388   6013728   6025068   6036408   5730228   5741568   
5752208   5763576   5774944   5786312   5797680   5809048   5820416   5831784   5843152   5854520   5865888   5877256   5888624   5899992   5911360   5922728   5934096   5945464   5956832   5968200   5979568   5990936   6002304   6013672   6025040   6036408   6047776   5740840   
RESULT of Pt*G


-185176936-28444752 128287432 285019616 441751800 598483984 755216168 911948352 1068680536122541272013821449041538877088169560927218523414562009073640-2129161472-1972429288-1815697104-1658964920-1502232736-1345500552-1188768368-1032036184-875304000-718571816-561839632-405107448-248375264
-122008576-67118688 89921216  246961120 404001024 561040928 718080832 875120736 10321606401189200544134624044815032803521660320256181736016019744000642131439968-2006487424-1849447520-1692407616-1535367712-1378327808-1221287904-1064248000-907208096-750168192-593128288-436088384-279048480
-1529895124358112   50939560  208287184 365634808 522982432 680330056 837677680 995025304 1152372928130972055214670681761624415800178176342419391110482096458672-2041161000-1883813376-1726465752-1569118128-1411770504-1254422880-1097075256-939727632-782380008-625032384-467684760-310337136
-184585888-26930544 130724800 168997808 326653152 484308496 641963840 799619184 957274528 1114929872127258521614302405601587895904174555124819032065922060861936-2076450016-1918794672-1761139328-1603483984-1445828640-1288173296-1130517952-972862608-815207264-657551920-499896576-342241232
-216797704-58834640 99128424  257091488 287056056 445019120 602982184 760945248 918908312 1076871376123483444013927975041550760568170872363218666866962024649760-2112354472-1954391408-1796428344-1638465280-1480502216-1322539152-1164576088-1006613024-848649960-690686896-532723832-374760768
-249624960-91354176 66916608  225187392 383458176 405114304 563385088 721655872 879926656 10381974401196468224135473900815130097921671280576182955136019878221442146092928-1990603584-1832332800-1674062016-1515791232-1357520448-1199249664-1040978880-882708096-724437312-566166528-407895744
-283067656-12448915234089352  192667856 351246360 509824864 523172552 681751056 840329560 998908064 1157486568131606507214746435761633222080179180058419503790882108957592-2027431200-1868852696-1710274192-1551695688-1393117184-1234538680-1075960176-917381672-758803168-600224664-441646160
-317125792-158239568646656    159532880 318419104 477305328 636191552 641230800 800117024 959003248 1117889472127677569614356619201594548144175343436819123205922071206816-2064874256-1905988032-1747101808-1588215584-1429329360-1270443136-1111556912-952670688-793784464-634898240-476012016
-351799368-192605424-33411480 125782464 284976408 444170352 603364296 762558240 759289048 918482992 1077676936123687088013960648241555258768171445271218736466562032840600-2102932752-1943738808-1784544864-1625350920-1466156976-1306963032-1147769088-988575144-829381200-670187256-510993312
-387088384-227586720-68085056 91416608  250918272 410419936 569921600 729423264 888924928 877347296 1036848960119635062413558522881515353952167485561618343572801993858944-2141606688-1982105024-1822603360-1663101696-1503600032-1344098368-1184596704-1025095040-865593376-706091712-546590048
-422992840-263183456-10337407256435312  216244696 376054080 535863464 695672848 855482232 1015291616995405544 1155214928131502431214748336961634643080179445246419542618482114071232-2021086680-1861277296-1701467912-1541658528-1381849144-1222039760-1062230376-902420992-742611608-582802224
-459512736-299395632-13927852820838576  180955680 341072784 501189888 661306992 821424096 981541200 11416583041113463792127358089614336980001593815104175393220819140493122074166416-2060683776-1900566672-1740449568-1580332464-1420215360-1260098256-1099981152-939864048-779746944-619629840
-496648072-336223248-175798424-15373600 145051224 305476048 465900872 626325696 786750520 947175344 11076001681268024992123152204013919468641552371688171279651218732213362033646160-2100896312-1940471488-1780046664-1619621840-1459197016-1298772192-1138347368-977922544-817497720-657072896
-534398848-373666304-212933760-52201216 108531328 269263872 429996416 590728960 751461504 912194048 10729265921233659136139439168013495802881510312832167104537618317779201992510464-2141724288-1980991744-1820259200-1659526656-1498794112-1338061568-1177329024-1016596480-855863936-695131392
-572765064-411724800-250684536-89644272 71395992  232436256 393476520 554516784 715557048 876597312 103763757611986778401359718104152075836814676385361628678800178971906419507593282111799592-2022127440-1861087176-1700046912-1539006648-1377966384-1216926120-1055885856-894845592-733805328
-611746720-450398736-289050752-12770276833645216  194993200 356341184 517689168 679037152 840385136 100173312011630811041324429088148577707216471250561585696784174704476819083927522069740736-2063878576-1902530592-1741182608-1579834624-1418486640-1257138656-1095790672-934442688-773094704
-651343816-489688112-328032408-166376704-4721000  156934704 318590408 480246112 641901816 803557520 965213224 11268689281288524632145018033616118360401773491744170375503218654107362027066440-2106245152-1944589448-1782933744-1621278040-1459622336-1297966632-1136310928-974655224-812999520
-691556352-529592928-367629504-205666080-43702656 118260768 280224192 442187616 604151040 766114464 928077888 109004131212520047361413968160157593158417378950081899858432182181328019837767042145740128-1987263744-1825300320-1663336896-1501373472-1339410048-1177446624-1015483200-853519776
-732384328-570113184-407842040-245570896-83299752 78971392  241242536 403513680 565784824 728055968 890327112 105259825612148694001377140544153941168817016828321863953976202622512019398715282102142672-2030553480-1868282336-1706011192-1543740048-1381468904-1219197760-1056926616-894655472
-773827744-611248880-448670016-286091152-12351228839066576  201645440 364224304 526803168 689382032 851960896 1014539760117711862413396974881502276352166485521618274340801990012944-21423754882057929776-2074458656-1911879792-1749300928-1586722064-1424143200-1261564336-1098985472-936406608
-815886600-653000016-490113432-327226848-164340264-1453680  161432904 324319488 487206072 650092656 812979240 975865824 1138752408130163899214645255761627412160179029874419531853282116071912-2016008800-2118979272-1956092688-1793206104-1630319520-1467432936-1304546352-1141659768-978773184
-858560896-695366592-532172288-368977984-205783680-42589376 120604928 283799232 446993536 610187840 773382144 936576448 1099770752126296505614261593601589353664175254796819157422722078936576-2052836416-1889642112-2000921024-1837726720-1674532416-1511338112-1348143808-1184949504-1021755200
-901850632-738348608-574846584-411344560-247842536-84340512 79161512  242663536 406165560 569667584 733169608 896671632 1060173656122367568013871777041550679728171418175218776837762041185800-2090279472-1926777448-1763275424-1882862776-1719360752-1555858728-1392356704-1228854680-1065352656
-945755808-781946064-618136320-454326576-290516832-12670708837102656  200912400 364722144 528531888 692341632 856151376 1019961120118377086413475806081511390352167520009618390098402002819584-2128337968-1964528224-1800718480-1636908736-1764804528-1600994784-1437185040-1273375296-1109565552
-990276424-826158960-662041496-497924032-333806568-169689104-5571640  158545824 322663288 486780752 650898216 815015680 979133144 1143250608130736807214714855361635603000179972046419638379282127955392-2002894440-1838776976-1674659512-1510542048-1646746280-1482628816-1318511352-1154393888
-1035412480-870987296-706562112-542136928-377711744-213286560-48861376 115563808 279988992 444414176 608839360 773264544 937689728 1102114912126654009614309652801595390464175981564819242408322088666016-2041876096-1877450912-1713025728-1548600544-1384175360-1528688032-1364262848-1199837664
-1081163976-916431072-751698168-586965264-422232360-257499456-92766552 71966352  236699256 401432160 566165064 730897968 895630872 1060363776122509668013898295841554562488171929539218840282962048761200-2081473192-1916740288-1752007384-1587274480-1422541576-1257808672-1410629784-1245896880
-1127530912-962490288-797449664-632409040-467368416-302327792-13728716827753456  192794080 357834704 522875328 687915952 852956576 1017997200118303782413480784481513119072167815969618432003202008240944-2121685728-1956645104-1791604480-1626563856-1461523232-1296482608-1131441984-1292571536
RESULT of PtG*G


205030    502166    799302    1096438   1393574   1690710   1987846   2284982   2582118   2879254   3176390   3473526   3770662   4067798   4364934   4662070   4959206   5256342   5553478   5850614   6147750   6444886   6742022   7039158   7336294   7633430   7930566   8227702   
8249276   205436    503356    801276    1099196   1397116   1695036   1992956   2290876   2588796   2886716   3184636   3482556   3780476   4078396   4376316   4674236   4972156   5270076   5567996   5865916   6163836   6461756   6759676   7057596   7355516   7653436   7951356   
7972146   8270850   205842    504546    803250    1101954   1400658   1699362   1998066   2296770   2595474   2894178   3192882   3491586   3790290   4088994   4387698   4686402   4985106   5283810   5582514   5881218   6179922   6478626   6777330   7076034   7374738   7673442   
7693448   7992936   8292424   206248    505736    805224    1104712   1404200   1703688   2003176   2302664   2602152   2901640   3201128   3500616   3800104   4099592   4399080   4698568   4998056   5297544   5597032   5896520   6196008   6495496   6794984   7094472   7393960   
7413182   7713454   8013726   8313998   206654    506926    807198    1107470   1407742   1708014   2008286   2308558   2608830   2909102   3209374   3509646   3809918   4110190   4410462   4710734   5011006   5311278   5611550   5911822   6212094   6512366   6812638   7112910   
7131348   7432404   7733460   8034516   8335572   207060    508116    809172    1110228   1411284   1712340   2013396   2314452   2615508   2916564   3217620   3518676   3819732   4120788   4421844   4722900   5023956   5325012   5626068   5927124   6228180   6529236   6830292   
6847946   7149786   7451626   7753466   8055306   8357146   207466    509306    811146    1112986   1414826   1716666   2018506   2320346   2622186   2924026   3225866   3527706   3829546   4131386   4433226   4735066   5036906   5338746   5640586   5942426   6244266   6546106   
6562976   6865600   7168224   7470848   7773472   8076096   8378720   207872    510496    813120    1115744   1418368   1720992   2023616   2326240   2628864   2931488   3234112   3536736   3839360   4141984   4444608   4747232   5049856   5352480   5655104   5957728   6260352   
6276438   6579846   6883254   7186662   7490070   7793478   8096886   8400294   208278    511686    815094    1118502   1421910   1725318   2028726   2332134   2635542   2938950   3242358   3545766   3849174   4152582   4455990   4759398   5062806   5366214   5669622   5973030   
5988332   6292524   6596716   6900908   7205100   7509292   7813484   8117676   8421868   208684    512876    817068    1121260   1425452   1729644   2033836   2338028   2642220   2946412   3250604   3554796   3858988   4163180   4467372   4771564   5075756   5379948   5684140   
5698658   6003634   6308610   6613586   6918562   7223538   7528514   7833490   8138466   8443442   209090    514066    819042    1124018   1428994   1733970   2038946   2343922   2648898   2953874   3258850   3563826   3868802   4173778   4478754   4783730   5088706   5393682   
5407416   5713176   6018936   6324696   6630456   6936216   7241976   7547736   7853496   8159256   8465016   209496    515256    821016    1126776   1432536   1738296   2044056   2349816   2655576   2961336   3267096   3572856   3878616   4184376   4490136   4795896   5101656   
5114606   5421150   5727694   6034238   6340782   6647326   6953870   7260414   7566958   7873502   8180046   8486590   209902    516446    822990    1129534   1436078   1742622   2049166   2355710   2662254   2968798   3275342   3581886   3888430   4194974   4501518   4808062   
4820228   5127556   5434884   5742212   6049540   6356868   6664196   6971524   7278852   7586180   7893508   8200836   8508164   210308    517636    824964    1132292   1439620   1746948   2054276   2361604   2668932   2976260   3283588   3590916   3898244   4205572   4512900   
4524282   4832394   5140506   5448618   5756730   6064842   6372954   6681066   6989178   7297290   7605402   7913514   8221626   8529738   210714    518826    826938    1135050   1443162   1751274   2059386   2367498   2675610   2983722   3291834   3599946   3908058   4216170   
4226768   4535664   4844560   5153456   5462352   5771248   6080144   6389040   6697936   7006832   7315728   7624624   7933520   8242416   8551312   211120    520016    828912    1137808   1446704   1755600   2064496   2373392   2682288   2991184   3300080   3608976   3917872   
3927686   4237366   4547046   4856726   5166406   5476086   5785766   6095446   6405126   6714806   7024486   7334166   7643846   7953526   8263206   8572886   211526    521206    830886    1140566   1450246   1759926   2069606   2379286   2688966   2998646   3308326   3618006   
3627036   3937500   4247964   4558428   4868892   5179356   5489820   5800284   6110748   6421212   6731676   7042140   7352604   7663068   7973532   8283996   8594460   211932    522396    832860    1143324   1453788   1764252   2074716   2385180   2695644   3006108   3316572   
3324818   3636066   3947314   4258562   4569810   4881058   5192306   5503554   5814802   6126050   6437298   6748546   7059794   7371042   7682290   7993538   8304786   8616034   212338    523586    834834    1146082   1457330   1768578   2079826   2391074   2702322   3013570   
3021032   3333064   3645096   3957128   4269160   4581192   4893224   5205256   5517288   5829320   6141352   6453384   6765416   7077448   7389480   7701512   8013544   8325576   8637608   212744    524776    836808    1148840   1460872   1772904   2084936   2396968   2709000   
2715678   3028494   3341310   3654126   3966942   4279758   4592574   4905390   5218206   5531022   5843838   6156654   6469470   6782286   7095102   7407918   7720734   8033550   8346366   8659182   213150    525966    838782    1151598   1464414   1777230   2090046   2402862   
2408756   2722356   3035956   3349556   3663156   3976756   4290356   4603956   4917556   5231156   5544756   5858356   6171956   6485556   6799156   7112756   7426356   7739956   8053556   8367156   8680756   213556    527156    840756    1154356   1467956   1781556   2095156   
2100266   2414650   2729034   3043418   3357802   3672186   3986570   4300954   4615338   4929722   5244106   5558490   5872874   6187258   6501642   6816026   7130410   7444794   7759178   8073562   8387946   8702330   213962    528346    842730    1157114   1471498   1785882   
1790208   2105376   2420544   2735712   3050880   3366048   3681216   3996384   4311552   4626720   4941888   5257056   5572224   5887392   6202560   6517728   6832896   7148064   7463232   7778400   8093568   8408736   8723904   214368    529536    844704    1159872   1475040   
1478582   1794534   2110486   2426438   2742390   3058342   3374294   3690246   4006198   4322150   4638102   4954054   5270006   5585958   5901910   6217862   6533814   6849766   7165718   7481670   7797622   8113574   8429526   8745478   214774    530726    846678    1162630   
1165388   1482124   1798860   2115596   2432332   2749068   3065804   3382540   3699276   4016012   4332748   4649484   4966220   5282956   5599692   5916428   6233164   6549900   6866636   7183372   7500108   7816844   8133580   8450316   8767052   215180    531916    848652    
850626    1168146   1485666   1803186   2120706   2438226   2755746   3073266   3390786   3708306   4025826   4343346   4660866   4978386   5295906   5613426   5930946   6248466   6565986   6883506   7201026   7518546   7836066   8153586   8471106   8788626   215586    533106    
534296    852600    1170904   1489208   1807512   2125816   2444120   2762424   3080728   3399032   3717336   4035640   4353944   4672248   4990552   5308856   5627160   5945464   6263768   6582072   6900376   7218680   7536984   7855288   8173592   8491896   8810200   215992    
RESULT of Pt*Gt


86209228  251249852 416290476 581331100 746371724 911412348 1076452972124149359614065342201571574844173661546819016560922066696716-2063229956-1898189332-1733148708-1568108084-1403067460-1238026836-1072986212-907945588-742904964-577864340-412823716-247783092-82742468 82298156  247338780 
-1702412164212575916 618869020 102516212414314552281837748332-2050925860-1644632756-1238339652-832046548-425753444-19460340 386832764 793125868 119941897216057120762012005180-1876669012-1470375908-1064082804-657789700-251496596154796508 561089612 967382716 13736758201779968924-2108705268
-4741396  642804188 338942604 986488188 1634033772-2013387940-1365842356-718296772-70751188 576794396 12243399801871885564-1775536148-1127990564-480444980167100604 814646188 14621917722109737356-1537684356-890138772-242593188404952396 10524979801700043564-1947378148-1299832564-652286980
12104244122099222476-1306946756465309292 1354107356-2052061876-1163263812-274465748614332316 1503130380-1903038852-1014240788-125442724763355340 1652153404-1754015828-86521776423580300  912378364 1801176428-1604992804-716194740172603324 10614013881950199452-1455969780-567171716321626348 
1943085260-1221831492-91780948 1038269596591675980 1721726524-1443190228-313139684816910860 1946961404-1217955348-87904804 1042145740-2122771012-992720468137330076 1267380620-1897536132-767485588362564956 1492615500-1672301252-542250708587799836 1717850380-1447066372-317015828813034716 
-2101726148-730423124640879900 2012182924-911481348718042668 2089345692-834318580536984444 1908287468-1015376804355926220 1727229244-1196435028174867996 1546171020-1377493252-6190228  1365112796-1558551476-1872484521184054572-1739609700-3683066761002996348-1920667924-549364900821938124 
1960892076-721519716891035788 -1791376004-1788205001433735004844409356 -1838002436-2254469321387108572-1295303220317252284 1929807788-752604004859951500 -1822460292-2099047881402650716-1279761076332794428 1945349932-737061860875493644 -1806918148-1943626441418192860-1264218932348336572 
1246038044-1195121268658686716 -178247259671335388  1925143372-516015940970776044 -1470383268383424716 -2057734596-2039266121649881372-7912779401062530044-1378629268475178716 -1965980596-1121726121741635372-6995239401154284044-1286875268566932716 -1874226596-20418612 1833389372-607769940
48679052  2143739516-56167316 2038893148-1610136841934046780-26586005218292004121097142732-1102764100992296364 -1207610468887449996 -1312456836782603628 -1417303204677757260 -1522149572572910892 -1626995940468064524 -1731842308363218156 -1836688676258371788 -1941535044153525420 -2046381412
-1631184900705128044 -12535263081082786636-8758677161460445228-4982091241838103820-1205505321223509420-7351449321601168012-357486340197882660420172252  -1938482100397830844 -1560823508775489436 -11831649161153148028-8055063241530806620-4278477321908465212-50189140 -2008843492327469452 
501413484 -12159883881361577036-355824836-2073226708504338716 -12130631561364502268-352899604-20703014761349876108-367525764-2084927636492637788 -12247640841352801340-364600532-2082002404495563020 -12218388521355726572-361675300-2079077172498488252 -12189136201358651804-358750068-2076151940
-2143460388675357516 -8007918762018026028541876636 -9342727561884545148408395756 -10677536361751064268274914876 147624279693404     -14760559881342761916-133387476-16095368681209281036-266868356-17430177481075800156-400349236-1876498628942319276 -533830116-2009979508808838396 -667310996
-9758719242084198460849301548 -385595364-16204922761439578108204681196 -10302157162029854668794957756 -439939156-16748360681602609484367712572 -867184340-2102081252957989132 -276907780-15118046921548265692313368780 -9215281322138542252903645340 -331251572-15661484841493921900259024988 
-290788420-12844328522016890012102324558029601148  -964043284-19576877161343635148349990716 -643653716-16372981481664024716670380284 1728976172735331740 -258312692-12519571242049365740105572130862076876  -931567556-19252119881376110876382466444 -611177988-16048224201696500444702856012 
-88209876 -840601828-159299378019495815641197189612444797660 -307594292-1059986244-18123781961730197148977805196 225413244 -526978708-127937066018553428601102950908350558956 -401832996-1154224948-19066169001635958444883566492 131174540 -621217412-1373609364-21260013161416574028664182076 
-368136292-879275764-1390415236-190155470818822731161371133644859994172 348854700 -162284772-673424244-1184563716-169570318820881246361576985164106584569219817095481470570076959430604 448291132 -62848340 -573987812-1085127284-1596266756-210740622816764215961165282124654142652 143003180 
-1130567668-1400454660-1670341652-194022864420848516601814964668154507767612751906841005303692735416700 465529708 195642716 -74244276 -344131268-614018260-88390525221080762361838189244156830225212984152601028528268758641276 488754284 218867292 -51019700 -320906692-590793684-860680676
19194632921890828780186219426818335597561804925244177629073217476562201719021708169038719616617526841633118172160448366015758491481547214636151858012414899456121461311100-2060524372-2089158884-2117793396-21464279082119904876209127036420626358522034001340200536682819767323161948097804
192021996 404639964 617257932 829875900 104249386812551118361467729804168034777218929657402105583708-1976765620-1764147652-1551529684-1338911716-1126293748-913675780-701057812-488439844-1934157684-1721539716-1508921748-1296303780-1083685812-871067844-658449876-445831908-233213940-20595972 
-2017924260-1564053812-1110183364-656312916-202442468251427980 705298428 115916887616130393242066909772-1774187076-1320316628-866446180-41257573241294716  495165164 949035612 14029060601856776508-1807790996-1353920548-900050100-4461796527690796   461561244 915431692 13693021401823172588
-415408180279714748 974837676 1669960604-1929883764-1234760836-539637908155485020 850607948 1545730876-2054113492-1358990564-66386763631255292  726378220 14215011482116624076-1483220292-788097364-92974436 -1681424308-986301380-291178452403944476 10990674041794190332-1805654036-1110531108
704602940 1640978348-1717613540-781238132155137276 10915126842027888092-1330703796-394328388542047020 1478422428-1880169460-943794052-7418644  928956764 1865332172-1493259716-556884308379491100 1315866508-2042725380-1555057620-618682212317693196 1254068604-2104523284-1168147876-231772468
1342109100-1775230308-597602420580025468 1757653356-1359686052-182058164995569724 -2121769684-944141796233486092 1411113980-1706225428-528597540649030348 1826658236-1290681172-1130532841064574604-2052764804-875136916302490972 -1428690932-251063044926564844 2104192732-1013146676164481212 
1497110300-137897662839903740  1458784108-14173028201577548   1420457916-1455629012-36748644 1382131724-1493955204-75074836 1343805532-1532281396-1134010281305479340-1570607588-1517272201267153148-1608933780-1900534121228826956-1647259972-1302324244116556124 1535436492-134065043678229932  
1169606540-1465227908194904940 1855037788-779796660880336188 -1754498260-94365412 1565767436-1069067012591065836 -2043768612-3836357641276497084-1358337364301795484 1961928332-672906116987226732 -164760771612525132  1672657980-962176468697956380 -1175957556484175292 2144308140-490526308
359597820 -2033984148-1325988201768786508-6247954601276589868-1116992100784393228 -1609188740292196588 -2101385380-2000000521701385276-6921966921209188636-1184393332716991996 -1676589972224795356 2126180684-2674012841633984044-7595979241141787404-1251794564-1049590868851794460 -1541787508
-9329158601209721948-9426075401200030268-9522992201190338588-9619909001180646908-9716825801170955228-9813742601161263548-9910659401151571868-10007576201141880188-10104493001132188508-10201409801122496828-10298326601112805148-10395243401103113468-10492160201093421788-9232241801219413628
1587032796-3240442122059846076148769068 -1762307940621582348 -12894946601094395628-8166813801567208908-3438681002040022188128945180 -1782131828601758460 -13093185481074571740-8365052681547385020-3636919882020198300109121292 -1801955716581934572 -13291424361054747852-856329156-796857492
RESULT of PtGt*Gt

