Initial Data         3         4         5         6         7         8         9         10        11        12        13        14        15        16        17        18        19        20        21        22        23        24        25        26        27        28        29        
58        30        31        32        33        34        35        36        37        38        39        40        41        42        43        44        45        46        47        48        49        50        51        52        53        54        55        56        57        
86        87        59        60        61        62        63        64        65        66        67        68        69        70        71        72        73        74        75        76        77        78        79        80        81        82        83        84        85        
114       115       116       88        89        90        91        92        93        94        95        96        97        98        99        100       101       102       103       104       105       106       107       108       109       110       111       112       113       
142       143       144       145       117       118       119       120       121       122       123       124       125       126       127       128       129       130       131       132       133       134       135       136       137       138       139       140       141       
170       171       172       173       174       146       147       148       149       150       151       152       153       154       155       156       157       158       159       160       161       162       163       164       165       166       167       168       169       
198       199       200       201       202       203       175       176       177       178       179       180       181       182       183       184       185       186       187       188       189       190       191       192       193       194       195       196       197       
226       227       228       229       230       231       232       204       205       206       207       208       209       210       211       212       213       214       215       216       217       218       219       220       221       222       223       224       225       
254       255       256       257       258       259       260       261       233       234       235       236       237       238       239       240       241       242       243       244       245       246       247       248       249       250       251       252       253       
282       283       284       285       286       287       288       289       290       262       263       264       265       266       267       268       269       270       271       272       273       274       275       276       277       278       279       280       281       
310       311       312       313       314       315       316       317       318       319       291       292       293       294       295       296       297       298       299       300       301       302       303       304       305       306       307       308       309       
338       339       340       341       342       343       344       345       346       347       348       320       321       322       323       324       325       326       327       328       329       330       331       332       333       334       335       336       337       
366       367       368       369       370       371       372       373       374       375       376       377       349       350       351       352       353       354       355       356       357       358       359       360       361       362       363       364       365       
394       395       396       397       398       399       400       401       402       403       404       405       406       378       379       380       381       382       383       384       385       386       387       388       389       390       391       392       393       
422       423       424       425       426       427       428       429       430       431       432       433       434       435       407       408       409       410       411       412       413       414       415       416       417       418       419       420       421       
450       451       452       453       454       455       456       457       458       459       460       461       462       463       464       436       437       438       439       440       441       442       443       444       445       446       447       448       449       
478       479       480       481       482       483       484       485       486       487       488       489       490       491       492       493       465       466       467       468       469       470       471       472       473       474       475       476       477       
506       507       508       509       510       511       512       513       514       515       516       517       518       519       520       521       522       494       495       496       497       498       499       500       501       502       503       504       505       
534       535       536       537       538       539       540       541       542       543       544       545       546       547       548       549       550       551       523       524       525       526       527       528       529       530       531       532       533       
562       563       564       565       566       567       568       569       570       571       572       573       574       575       576       577       578       579       580       552       553       554       555       556       557       558       559       560       561       
590       591       592       593       594       595       596       597       598       599       600       601       602       603       604       605       606       607       608       609       581       582       583       584       585       586       587       588       589       
618       619       620       621       622       623       624       625       626       627       628       629       630       631       632       633       634       635       636       637       638       610       611       612       613       614       615       616       617       
646       647       648       649       650       651       652       653       654       655       656       657       658       659       660       661       662       663       664       665       666       667       639       640       641       642       643       644       645       
674       675       676       677       678       679       680       681       682       683       684       685       686       687       688       689       690       691       692       693       694       695       696       668       669       670       671       672       673       
702       703       704       705       706       707       708       709       710       711       712       713       714       715       716       717       718       719       720       721       722       723       724       725       697       698       699       700       701       
730       731       732       733       734       735       736       737       738       739       740       741       742       743       744       745       746       747       748       749       750       751       752       753       754       726       727       728       729       
758       759       760       761       762       763       764       765       766       767       768       769       770       771       772       773       774       775       776       777       778       779       780       781       782       783       755       756       757       
786       787       788       789       790       791       792       793       794       795       796       797       798       799       800       801       802       803       804       805       806       807       808       809       810       811       812       784       785       
814       815       816       817       818       819       820       821       822       823       824       825       826       827       828       829       830       831       832       833       834       835       836       837       838       839       840       841       813       
  
P * G

235915    236350    236785    237220    237655    238090    238525    238960    239395    239830    240265    240700    241135    241570    242005    242440    242875    243310    243745    244180    244615    245050    245485    245920    246355    246790    247225    247660    248095    
613930    578202    579478    580754    582030    583306    584582    585858    587134    588410    589686    590962    592238    593514    594790    596066    597342    598618    599894    601170    602446    603722    604998    606274    607550    608826    610102    611378    612654    
977648    979765    920489    922606    924723    926840    928957    931074    933191    935308    937425    939542    941659    943776    945893    948010    950127    952244    954361    956478    958595    960712    962829    964946    967063    969180    971297    973414    975531    
1339684   1342642   1345600   1262776   1265734   1268692   1271650   1274608   1277566   1280524   1283482   1286440   1289398   1292356   1295314   1298272   1301230   1304188   1307146   1310104   1313062   1316020   1318978   1321936   1324894   1327852   1330810   1333768   1336726   
1700038   1703837   1707636   1711435   1605063   1608862   1612661   1616460   1620259   1624058   1627857   1631656   1635455   1639254   1643053   1646852   1650651   1654450   1658249   1662048   1665847   1669646   1673445   1677244   1681043   1684842   1688641   1692440   1696239   
2058710   2063350   2067990   2072630   2077270   1947350   1951990   1956630   1961270   1965910   1970550   1975190   1979830   1984470   1989110   1993750   1998390   2003030   2007670   2012310   2016950   2021590   2026230   2030870   2035510   2040150   2044790   2049430   2054070   
2415700   2421181   2426662   2432143   2437624   2443105   2289637   2295118   2300599   2306080   2311561   2317042   2322523   2328004   2333485   2338966   2344447   2349928   2355409   2360890   2366371   2371852   2377333   2382814   2388295   2393776   2399257   2404738   2410219   
2771008   2777330   2783652   2789974   2796296   2802618   2808940   2631924   2638246   2644568   2650890   2657212   2663534   2669856   2676178   2682500   2688822   2695144   2701466   2707788   2714110   2720432   2726754   2733076   2739398   2745720   2752042   2758364   2764686   
3124634   3131797   3138960   3146123   3153286   3160449   3167612   3174775   2974211   2981374   2988537   2995700   3002863   3010026   3017189   3024352   3031515   3038678   3045841   3053004   3060167   3067330   3074493   3081656   3088819   3095982   3103145   3110308   3117471   
3476578   3484582   3492586   3500590   3508594   3516598   3524602   3532606   3540610   3316498   3324502   3332506   3340510   3348514   3356518   3364522   3372526   3380530   3388534   3396538   3404542   3412546   3420550   3428554   3436558   3444562   3452566   3460570   3468574   
3826840   3835685   3844530   3853375   3862220   3871065   3879910   3888755   3897600   3906445   3658785   3667630   3676475   3685320   3694165   3703010   3711855   3720700   3729545   3738390   3747235   3756080   3764925   3773770   3782615   3791460   3800305   3809150   3817995   
4175420   4185106   4194792   4204478   4214164   4223850   4233536   4243222   4252908   4262594   4272280   4001072   4010758   4020444   4030130   4039816   4049502   4059188   4068874   4078560   4088246   4097932   4107618   4117304   4126990   4136676   4146362   4156048   4165734   
4522318   4532845   4543372   4553899   4564426   4574953   4585480   4596007   4606534   4617061   4627588   4638115   4343359   4353886   4364413   4374940   4385467   4395994   4406521   4417048   4427575   4438102   4448629   4459156   4469683   4480210   4490737   4501264   4511791   
4867534   4878902   4890270   4901638   4913006   4924374   4935742   4947110   4958478   4969846   4981214   4992582   5003950   4685646   4697014   4708382   4719750   4731118   4742486   4753854   4765222   4776590   4787958   4799326   4810694   4822062   4833430   4844798   4856166   
5211068   5223277   5235486   5247695   5259904   5272113   5284322   5296531   5308740   5320949   5333158   5345367   5357576   5369785   5027933   5040142   5052351   5064560   5076769   5088978   5101187   5113396   5125605   5137814   5150023   5162232   5174441   5186650   5198859   
5552920   5565970   5579020   5592070   5605120   5618170   5631220   5644270   5657320   5670370   5683420   5696470   5709520   5722570   5735620   5370220   5383270   5396320   5409370   5422420   5435470   5448520   5461570   5474620   5487670   5500720   5513770   5526820   5539870   
5893090   5906981   5920872   5934763   5948654   5962545   5976436   5990327   6004218   6018109   6032000   6045891   6059782   6073673   6087564   6101455   5712507   5726398   5740289   5754180   5768071   5781962   5795853   5809744   5823635   5837526   5851417   5865308   5879199   
6231578   6246310   6261042   6275774   6290506   6305238   6319970   6334702   6349434   6364166   6378898   6393630   6408362   6423094   6437826   6452558   6467290   6054794   6069526   6084258   6098990   6113722   6128454   6143186   6157918   6172650   6187382   6202114   6216846   
6568384   6583957   6599530   6615103   6630676   6646249   6661822   6677395   6692968   6708541   6724114   6739687   6755260   6770833   6786406   6801979   6817552   6833125   6397081   6412654   6428227   6443800   6459373   6474946   6490519   6506092   6521665   6537238   6552811   
6903508   6919922   6936336   6952750   6969164   6985578   7001992   7018406   7034820   7051234   7067648   7084062   7100476   7116890   7133304   7149718   7166132   7182546   7198960   6739368   6755782   6772196   6788610   6805024   6821438   6837852   6854266   6870680   6887094   
7236950   7254205   7271460   7288715   7305970   7323225   7340480   7357735   7374990   7392245   7409500   7426755   7444010   7461265   7478520   7495775   7513030   7530285   7547540   7564795   7081655   7098910   7116165   7133420   7150675   7167930   7185185   7202440   7219695   
7568710   7586806   7604902   7622998   7641094   7659190   7677286   7695382   7713478   7731574   7749670   7767766   7785862   7803958   7822054   7840150   7858246   7876342   7894438   7912534   7930630   7423942   7442038   7460134   7478230   7496326   7514422   7532518   7550614   
7898788   7917725   7936662   7955599   7974536   7993473   8012410   8031347   8050284   8069221   8088158   8107095   8126032   8144969   8163906   8182843   8201780   8220717   8239654   8258591   8277528   8296465   7766229   7785166   7804103   7823040   7841977   7860914   7879851   
8227184   8246962   8266740   8286518   8306296   8326074   8345852   8365630   8385408   8405186   8424964   8444742   8464520   8484298   8504076   8523854   8543632   8563410   8583188   8602966   8622744   8642522   8662300   8108516   8128294   8148072   8167850   8187628   8207406   
8553898   8574517   8595136   8615755   8636374   8656993   8677612   8698231   8718850   8739469   8760088   8780707   8801326   8821945   8842564   8863183   8883802   8904421   8925040   8945659   8966278   8986897   9007516   9028135   8450803   8471422   8492041   8512660   8533279   
8878930   8900390   8921850   8943310   8964770   8986230   9007690   9029150   9050610   9072070   9093530   9114990   9136450   9157910   9179370   9200830   9222290   9243750   9265210   9286670   9308130   9329590   9351050   9372510   9393970   8793090   8814550   8836010   8857470   
9202280   9224581   9246882   9269183   9291484   9313785   9336086   9358387   9380688   9402989   9425290   9447591   9469892   9492193   9514494   9536795   9559096   9581397   9603698   9625999   9648300   9670601   9692902   9715203   9737504   9759805   9135377   9157678   9179979   
9523948   9547090   9570232   9593374   9616516   9639658   9662800   9685942   9709084   9732226   9755368   9778510   9801652   9824794   9847936   9871078   9894220   9917362   9940504   9963646   9986788   10009930  10033072  10056214  10079356  10102498  10125640  9477664   9500806   
9843934   9867917   9891900   9915883   9939866   9963849   9987832   10011815  10035798  10059781  10083764  10107747  10131730  10155713  10179696  10203679  10227662  10251645  10275628  10299611  10323594  10347577  10371560  10395543  10419526  10443509  10467492  10491475  9819951   

-1412973831-1405955686-1398937541-1391919396-1384901251-1377883106-1370864961-1363846816-1356828671-1349810526-1342792381-1335774236-1328756091-1321737946-1314719801-1307701656-1300683511-1293665366-1286647221-1279629076-1272610931-1265592786-1258574641-1251556496-1244538351-1237520206-1230502061-1223483916-1216465771
-995443882-1479449474-1462163560-1444877646-1427591732-1410305818-1393019904-1375733990-1358448076-1341162162-1323876248-1306590334-1289304420-1272018506-1254732592-1237446678-1220160764-1202874850-1185588936-1168303022-1151017108-1133731194-1116445280-1099159366-1081873452-1064587538-1047301624-1030015710-1012729796
-801975676-774421993-1545925117-1518371434-1490817751-1463264068-1435710385-1408156702-1380603019-1353049336-1325495653-1297941970-1270388287-1242834604-1215280921-1187727238-1160173555-1132619872-1105066189-1077512506-1049958823-1022405140-994851457-967297774-939744091-912190408-884636725-857083042-829529359
-629043008-591221556-553400104-1612400760-1574579308-1536757856-1498936404-1461114952-1423293500-1385472048-1347650596-1309829144-1272007692-1234186240-1196364788-1158543336-1120721884-1082900432-1045078980-1007257528-969436076-931614624-893793172-855971720-818150268-780328816-742507364-704685912-666864460
-476645878-428556657-380467436-332378215-1678876403-1630787182-1582697961-1534608740-1486519519-1438430298-1390341077-1342251856-1294162635-1246073414-1197984193-1149894972-1101805751-1053716530-1005627309-957538088-909448867-861359646-813270425-765181204-717091983-669002762-620913541-572824320-524735099
-344784286-286427296-228070306-169713316-111356326-1745352046-1686995056-1628638066-1570281076-1511924086-1453567096-1395210106-1336853116-1278496126-1220139136-1161782146-1103425156-1045068166-986711176-928354186-869997196-811640206-753283216-694926226-636569236-578212246-519855256-461498266-403141276
-233458232-164833473-96208714 -27583955 41040804  109665563 -1811827689-1743202930-1674578171-1605953412-1537328653-1468703894-1400079135-1331454376-1262829617-1194204858-1125580099-1056955340-988330581-919705822-851081063-782456304-713831545-645206786-576582027-507957268-439332509-370707750-302082991
-142667716-63775188 15117340  94009868  172902396 251794924 330687452 -1878303332-1799410804-1720518276-1641625748-1562733220-1483840692-1404948164-1326055636-1247163108-1168270580-1089378052-1010485524-931592996-852700468-773807940-694915412-616022884-537130356-458237828-379345300-300452772-221560244
-72412738 16747559  105907856 195068153 284228450 373388747 462549044 551709341 -1944778975-1855618678-1766458381-1677298084-1588137787-1498977490-1409817193-1320656896-1231496599-1142336302-1053176005-964015708-874855411-785695114-696534817-607374520-518214223-429053926-339893629-250733332-161573035
-22693298 76734768  176162834 275590900 375018966 474447032 573875098 673303164 772731230 -2011254618-1911826552-1812398486-1712970420-1613542354-1514114288-1414686222-1315258156-1215830090-1116402024-1016973958-917545892-818117826-718689760-619261694-519833628-420405562-320977496-221549430-122121364
6490604   116186439 225882274 335578109 445273944 554969779 664665614 774361449 884057284 993753119 -2077730261-1968034426-1858338591-1748642756-1638946921-1529251086-1419555251-1309859416-1200163581-1090467746-980771911-871076076-761380241-651684406-541988571-432292736-322596901-212901066-103205231
15138968  135102572 255066176 375029780 494993384 614956988 734920592 854884196 974847800 10948114041214775008-2144205904-2024242300-1904278696-1784315092-1664351488-1544387884-1424424280-1304460676-1184497072-1064533468-944569864-824606260-704642656-584679052-464715448-344751844-224788240-104824636
3251794   133483167 263714540 393945913 524177286 654408659 784640032 914871405 10451027781175334151130556552414357968972084285749-2080450174-1950218801-1819987428-1689756055-1559524682-1429293309-1299061936-1168830563-1038599190-908367817-778136444-647905071-517673698-387442325-257210952-126979579
-29170918 111328224 251827366 392326508 532825650 673324792 813823934 954323076 109482221812353213601375820502151631964416568187862017810106-2136658048-1996158906-1855659764-1715160622-1574661480-1434162338-1293663196-1153164054-1012664912-872165770-731666628-591167486-450668344-310169202-169670060
-82129168 68637743  219404654 370171565 520938476 671705387 822472298 973239209 11240061201274773031142553994215763068531727073764187784067519513344632102101374-2042099011-1891332100-1740565189-1589798278-1439031367-1288264456-1137497545-986730634-835963723-685196812-534429901-383662990-232896079
-1556229565411724   166446404 327481084 488515764 649550444 810585124 971619804 113265448412936891641454723844161575852417767932041937827884209886256418848588202045893500-2088039116-1927004436-1765969756-1604935076-1443900396-1282865716-1121831036-960796356-799761676-638726996-477692316-316657636
-249652282-78349833 92952616  264255065 435557514 606859963 778162412 949464861 112076731012920697591463372208163467465718059771061977279555-2146385292-197508284318183831771989685626-2133979221-1962676772-1791374323-1620071874-1448769425-1277466976-1106164527-934862078-763559629-592257180-420954731
-364217146-182646928-1076710  180493508 362063726 543633944 725204162 906774380 108834459812699148161451485034163305525218146254701996195688-2117201390-1935631172-1754060954175190753419334777522115047970-1998349108-1816778890-1635208672-1453638454-1272068236-1090498018-908927800-727357582-545787364
-499317548-307479561-11564157476196413  268034400 459872387 651710374 843548361 103538634812272243351419062322161090030918027382961994576283-2108553026-1916715039-1724877052-1533039065168543189118772698782069107865-2034021444-1842183457-1650345470-1458507483-1266669496-1074831509-882993522-691155535
-654953488-452847732-250741976-48636220 153469536 355575292 557681048 759786804 961892560 11639983161366104072156820982817703155841972421340-2120440200-1918334444-1716228688-1514122932-1312017176161895624818210620042023167760-2069693780-1867588024-1665482268-1463376512-1261270756-1059165000-857059244
-831124966-618751441-406377916-19400439118369134  230742659 443116184 655489709 867863234 108023675912926102841504983809171735733419297308592142104384-1940489387-1728115862-1515742337-1303368812-1090995287155248060517648541301977227655-2105366116-1892992591-1680619066-1468245541-1255872016-1043498491
-1027831982-805190688-582549394-359908100-13726680685374488  308015782 530657076 753298370 975939664 11985809581421222252164386354618665048402089146134-1983179868-1760538574-1537897280-1315255986-1092614692-869973398148600496217086462561931287550-2141038452-1918397158-1695755864-1473114570-1250473276
-1245074536-1012165473-779256410-546347347-313438284-80529221 152379842 385288905 618197968 851107031 10840160941316925157154983422017827432832015652346-2046405887-1813496824-1580587761-1347678698-1114769635-881860572-6489515091419529319165243838218853474452118256508-1943801725-1710892662-1477983599
-1482852628-1239675796-996498964-753322132-510145300-266968468-23791636 219385196 462562028 705738860 948915692 1192092524143526935616784461881921623020-2130167444-1886990612-1643813780-1400636948-1157460116-914283284-671106452-4279296201353053676159623050818394073402082584172-1969206292-1726029460
-1741166258-1487721657-1234277056-980832455-727387854-473943253-22049865232945949  286390550 539835151 793279752 10467243531300168954155361355518070581562060502757-1981019938-1727575337-1474130736-1220686135-967241534-713796933-460352332-2069077311286578033154002263417934672352046911836-1994610859
-2020015426-1756303056-1492590686-1228878316-965165946-701453576-437741206-17402883689683534  353395904 617108274 880820644 1144533014140824538416719577541935670124-2095584802-1831872432-1568160062-1304447692-1040735322-777022952-513310582-24959821214114158  1220102390148381476017475271302011239500
1975567164-2045419993-1771439854-1497459715-1223479576-949499437-675519298-401539159-127559020146421119 420401258 694381397 968361536 1242341675151632181417903019532064282092-1956705065-1682724926-1408744787-1134764648-860784509-586804370-312824231-38844092 235136047 115362674714276068861701587025
16556469201939894828-2070824560-1786576652-1502328744-1218080836-933832928-649585020-365337112-81089204 203158704 487406612 771654520 1055902428134015033616243982441908646152-2102073236-1817825328-1533577420-1249329512-965081604-680833696-396585788-112337880171910028 456157936 10871511041371399012
131519113816097068151904222492-2096229127-1801713450-1507197773-1212682096-918166419-623650742-329135065-34619388 259896289 554411966 848927643 1143443320143795899717324746742026990351-1973461268-1678945591-1384429914-1089914237-795398560-500882883-20636720688148471  382664148 677179825 1020675461
   
P * G t

8555      21170     33785     46400     59015     71630     84245     96860     109475    122090    134705    147320    159935    172550    185165    197780    210395    223010    235625    248240    260855    273470    286085    298700    311315    323930    336545    349160    361775    
1057282   21170     58174     95178     132182    169186    206190    243194    280198    317202    354206    391210    428214    465218    502222    539226    576230    613234    650238    687242    724246    761250    798254    835258    872262    909266    946270    983274    1020278   
1691396   1752789   33785     95178     156571    217964    279357    340750    402143    463536    524929    586322    647715    709108    770501    831894    893287    954680    1016073   1077466   1138859   1200252   1261645   1323038   1384431   1445824   1507217   1568610   1630003   
2276732   2362514   2448296   46400     132182    217964    303746    389528    475310    561092    646874    732656    818438    904220    990002    1075784   1161566   1247348   1333130   1418912   1504694   1590476   1676258   1762040   1847822   1933604   2019386   2105168   2190950   
2813290   2923461   3033632   3143803   59015     169186    279357    389528    499699    609870    720041    830212    940383    1050554   1160725   1270896   1381067   1491238   1601409   1711580   1821751   1931922   2042093   2152264   2262435   2372606   2482777   2592948   2703119   
3301070   3435630   3570190   3704750   3839310   71630     206190    340750    475310    609870    744430    878990    1013550   1148110   1282670   1417230   1551790   1686350   1820910   1955470   2090030   2224590   2359150   2493710   2628270   2762830   2897390   3031950   3166510   
3740072   3899021   4057970   4216919   4375868   4534817   84245     243194    402143    561092    720041    878990    1037939   1196888   1355837   1514786   1673735   1832684   1991633   2150582   2309531   2468480   2627429   2786378   2945327   3104276   3263225   3422174   3581123   
4130296   4313634   4496972   4680310   4863648   5046986   5230324   96860     280198    463536    646874    830212    1013550   1196888   1380226   1563564   1746902   1930240   2113578   2296916   2480254   2663592   2846930   3030268   3213606   3396944   3580282   3763620   3946958   
4471742   4679469   4887196   5094923   5302650   5510377   5718104   5925831   109475    317202    524929    732656    940383    1148110   1355837   1563564   1771291   1979018   2186745   2394472   2602199   2809926   3017653   3225380   3433107   3640834   3848561   4056288   4264015   
4764410   4996526   5228642   5460758   5692874   5924990   6157106   6389222   6621338   122090    354206    586322    818438    1050554   1282670   1514786   1746902   1979018   2211134   2443250   2675366   2907482   3139598   3371714   3603830   3835946   4068062   4300178   4532294   
5008300   5264805   5521310   5777815   6034320   6290825   6547330   6803835   7060340   7316845   134705    391210    647715    904220    1160725   1417230   1673735   1930240   2186745   2443250   2699755   2956260   3212765   3469270   3725775   3982280   4238785   4495290   4751795   
5203412   5484306   5765200   6046094   6326988   6607882   6888776   7169670   7450564   7731458   8012352   147320    428214    709108    990002    1270896   1551790   1832684   2113578   2394472   2675366   2956260   3237154   3518048   3798942   4079836   4360730   4641624   4922518   
5349746   5655029   5960312   6265595   6570878   6876161   7181444   7486727   7792010   8097293   8402576   8707859   159935    465218    770501    1075784   1381067   1686350   1991633   2296916   2602199   2907482   3212765   3518048   3823331   4128614   4433897   4739180   5044463   
5447302   5776974   6106646   6436318   6765990   7095662   7425334   7755006   8084678   8414350   8744022   9073694   9403366   172550    502222    831894    1161566   1491238   1820910   2150582   2480254   2809926   3139598   3469270   3798942   4128614   4458286   4787958   5117630   
5496080   5850141   6204202   6558263   6912324   7266385   7620446   7974507   8328568   8682629   9036690   9390751   9744812   10098873  185165    539226    893287    1247348   1601409   1955470   2309531   2663592   3017653   3371714   3725775   4079836   4433897   4787958   5142019   
5496080   5874530   6252980   6631430   7009880   7388330   7766780   8145230   8523680   8902130   9280580   9659030   10037480  10415930  10794380  197780    576230    954680    1333130   1711580   2090030   2468480   2846930   3225380   3603830   3982280   4360730   4739180   5117630   
5447302   5850141   6252980   6655819   7058658   7461497   7864336   8267175   8670014   9072853   9475692   9878531   10281370  10684209  11087048  11489887  210395    613234    1016073   1418912   1821751   2224590   2627429   3030268   3433107   3835946   4238785   4641624   5044463   
5349746   5776974   6204202   6631430   7058658   7485886   7913114   8340342   8767570   9194798   9622026   10049254  10476482  10903710  11330938  11758166  12185394  223010    650238    1077466   1504694   1931922   2359150   2786378   3213606   3640834   4068062   4495290   4922518   
5203412   5655029   6106646   6558263   7009880   7461497   7913114   8364731   8816348   9267965   9719582   10171199  10622816  11074433  11526050  11977667  12429284  12880901  235625    687242    1138859   1590476   2042093   2493710   2945327   3396944   3848561   4300178   4751795   
5008300   5484306   5960312   6436318   6912324   7388330   7864336   8340342   8816348   9292354   9768360   10244366  10720372  11196378  11672384  12148390  12624396  13100402  13576408  248240    724246    1200252   1676258   2152264   2628270   3104276   3580282   4056288   4532294   
4764410   5264805   5765200   6265595   6765990   7266385   7766780   8267175   8767570   9267965   9768360   10268755  10769150  11269545  11769940  12270335  12770730  13271125  13771520  14271915  260855    761250    1261645   1762040   2262435   2762830   3263225   3763620   4264015   
4471742   4996526   5521310   6046094   6570878   7095662   7620446   8145230   8670014   9194798   9719582   10244366  10769150  11293934  11818718  12343502  12868286  13393070  13917854  14442638  14967422  273470    798254    1323038   1847822   2372606   2897390   3422174   3946958   
4130296   4679469   5228642   5777815   6326988   6876161   7425334   7974507   8523680   9072853   9622026   10171199  10720372  11269545  11818718  12367891  12917064  13466237  14015410  14564583  15113756  15662929  286085    835258    1384431   1933604   2482777   3031950   3581123   
3740072   4313634   4887196   5460758   6034320   6607882   7181444   7755006   8328568   8902130   9475692   10049254  10622816  11196378  11769940  12343502  12917064  13490626  14064188  14637750  15211312  15784874  16358436  298700    872262    1445824   2019386   2592948   3166510   
3301070   3899021   4496972   5094923   5692874   6290825   6888776   7486727   8084678   8682629   9280580   9878531   10476482  11074433  11672384  12270335  12868286  13466237  14064188  14662139  15260090  15858041  16455992  17053943  311315    909266    1507217   2105168   2703119   
2813290   3435630   4057970   4680310   5302650   5924990   6547330   7169670   7792010   8414350   9036690   9659030   10281370  10903710  11526050  12148390  12770730  13393070  14015410  14637750  15260090  15882430  16504770  17127110  17749450  323930    946270    1568610   2190950   
2276732   2923461   3570190   4216919   4863648   5510377   6157106   6803835   7450564   8097293   8744022   9390751   10037480  10684209  11330938  11977667  12624396  13271125  13917854  14564583  15211312  15858041  16504770  17151499  17798228  18444957  336545    983274    1630003   
1691396   2362514   3033632   3704750   4375868   5046986   5718104   6389222   7060340   7731458   8402576   9073694   9744812   10415930  11087048  11758166  12429284  13100402  13771520  14442638  15113756  15784874  16455992  17127110  17798228  18469346  19140464  349160    1020278   
1057282   1752789   2448296   3143803   3839310   4534817   5230324   5925831   6621338   7316845   8012352   8707859   9403366   10098873  10794380  11489887  12185394  12880901  13576408  14271915  14967422  15662929  16358436  17053943  17749450  18444957  19140464  19835971  361775    

106155225 261878990 417602755 573326520 729050285 884774050 10404978151196221580135194534515076691101663392875181911664019748404052130564170-2008679361-1852955596-1697231831-1541508066-1385784301-1230060536-1074336771-918613006-762889241-607165476-451441711-295717946-13999418115729584  171453349 
122473390 309681430 763170496 121665956216701486282123637694-1717840536-1264351470-810862404-35737333896115728  549604794 100309386014565829261910071992-1931406238-1477917172-1024428106-570939040-117449974336039092 789528158 12430172241696506290-2144971940-1691482874-1237993808-784504742-331015676
-67776093673493431  513207635 12644620022015716369-1527996560-776742193-25487826 725766541 1477020908-2066692021-1315437654-564183287187071080 938325447 1689579814-1854133115-1102878748-351624381399629986 11508843531902138720-1641574209-890319842-139065475612188892 13634432592114697626-1429015303
-2073525864-102450619624513472  716733840 1765753508-1480194120-431174452617845216 1666864884-1579082744-530063076518956592 1567976260-1677971368-628951700420067968 1469087636-1776859992-727840324321179344 1370199012-1875748616-826728948222290720 1271310388-1974637240-925617572123402096 1172421764
230145902 1576930871-1371251456-24466487 920260045 -2027922282-681137313665647656 2012432625-935749702411035267 1757820236-1190362091156422878 1503207847-1444974480-98189511 1248595458-1699586869-352801900993983069 -1954199258-607414289739370680 2086155649-862026678484758291 1831543260-1116639067
1938287066-712129960932420310 -1717996716-73446446 1123786250-1526630776117919494 1762469764-887947262756603008 -1893814018-2492637481395286522-1255130504389419766 2033970036-6164469901028103280-162231374622236524  1666786794-983630232660920038 -1989496988-3449467181299603552-1350813474293736796 
-1244069668698245903 -1654405822287909749 -2064741976-1224264051327312455-1025339270916976301 -1435675424506640147 -184601157896303993  2038619564-3140321611628283410-7243683151217947256-1134704469807611102 -1545040623397274948 -1955376777-13061206 1929254365-4233973601518918211-8337335141108582057
-7269897081513091164-5417952601698285612-3566008121883480060-1714063641530838660-5240477641716033108-3388533161901227556-153658868208642200431535580  -2023350844216730028 -1838156396401924476 -1652961948587118924 -1467767500772313372 -1282573052957507820 -10973786041142702268-9121841561327896716
-8054403501732405823-24715300 -1781836423756009750 -10011113731536734800-2203863231734364865-22756258 -1779877381757968792 -9991523311538693842-218427281-1975548404562297769 -11948233541343022819-4140983042123747869366626746 -13904943771147351796-6097693271928076846170955723 -1586165400951680773 
-14794215941356189880-103165942-15625217641273089710-186266112-16456219341189989540-2693662821937891070478535248 -9808205741854790900395435078 -10639207441771690730312334908 -11470209141688590560229234738 -12301210841605490390146134568 -1313221254152239022063034398  -13963214241439290050-20065772 
1546033856384443335 -777147186-1938737707119463906833048547  -11285419742004834801843244280 -3183462412141417275979826754 -181763767-13433542881790022487628431966 -533158555-16947490761438627699277037178 -884553343-20461438641087232911-74357610 -12359481311897428644735838123 -425752398-1587342919
-319008592-1182833812-20466590321384483044520657824 -343167396-1206992616-20708178361360324240496499020 -367326200-19500238161481118260617293040 -246532180-1110357400-19741826201456959456593134236 -270690984-1134516204-19983414241432800652568975432 -294849788-1158675008-20225002281408641848544816628 
1515385654949325735 383265816 -182794103-748854022-1314913941-188097386018479335171281873598715813679 149753760 -416306159-174649761119824097661416349847850289928 284230009 -281829910-847889829-1413949748-198000966717488977101182837791616777872 50717953  -515341966-1081401885-16474618042081445573
-1540717998-1809012616-20773072341949365444168107082614127762081144481590876186972 607892354 339597736 71303118  -196991500-465286118-1542971406-1811266024-20795606421947112036167881741814105228001142228182873933564 605638946 337344328 69049710  -199244908-467539526-735834144-1004128762-1272423380
-897384956-867914273-838443590-808972907-779502224-750031541-720560858-691090175-661619492-632148809-602678126-573207443-543736760-514266077-1339445201-1309974518-1280503835-1251033152-1221562469-1192091786-1162621103-1133150420-1103679737-1074209054-1044738371-1015267688-985797005-956326322-926855639
-849582516-522346532-195110548132125436 459361420 786597404 1113833388144106937217683053562095541340-1872189972-1544953988-1217718004-890482020-563246036-1135918996-808683012-481447028-154211044173024940 500260924 827496908 1154732892148196887618092048602136440844-1831290468-1504054484-1176818500
-1397310678-772309393-147308108477693177 11026944621727695747-1942270264-1317268979-692267694-67266409 557734876 11827361611807737446-1862228565-1237227280-612225995-932392791-307391506317609779 942611064 1567612349-2102353662-1477352377-852351092-227349807397651478 10226527631647654048-2022311963
1754397854-1617802856-695036270227730316 11504969022073263488-1298937222-376170636546595950 1469362536-1902838174-980071588-57305002 865461584 1788228170-1583972540-661205954-728866586193900000 11166665862039433172-1332767538-410000952512765634 1435532220-1936668490-1013901904-91135318 831631268 
15608488  1236140375-1838295034-617763147602768740 1823300627-1251134782-30602895 1189928992-1884506417-663974530556557357 1777089244-1297346165-76814278 1143717609-1930717800-710185913-525340381695191506 1915723393-115871201661819871  1282351758-1792083651-571551764648980123 1869512010-1204923399
1976255816-800414292717882896 -2058787212-540490024977807164 -1798862944-2805657561237731432-1538938676-20641488 1497655700-1279014408239282780 1757579968-1019090140499207048 2017504236-759165872-3218141761196483012-1580187096-61889908 1456407280-1320262828198034360 1716331548-1060338560457958628 
-953594754862467735 -1616437072199625417 2015687906-4632169011352845588-1126059219690003270 -178890153727160952  1843223441-6356813661180381123-1298523684517538805 -1961366002-1453035131670758976-808145831-1182879711697774518-7811302891034932200-1443972607372089882 -2106814925-2907524361525310053
-1840086301929819160-2513203461862507444-3186320621795195728-3859437781727884012-4532554941660572296-5205672101593260580-5878789261525948864-6551906421458637148-7225023581391325432-7898140741324013716-85712579085238234  -209590127217926518  2131754308-49385198 2064442592-1166969141997130876
-9953108  -1893327313518265778 -13651084271046484664-8368895411574703550-3086706552102922436219548231 -1663825974747767117 -11356070881275986003-6073882021804204889-79169316 -1962543521449049570 -1434324635977268456 -906105749288764439 -1594609766816983325 -10663908801345202211-5381719941873421097
-431428188-2017037092692321300 -8932876041816070788230461884 -13551470201354211372-231397532-1817006436892351956 -6932569482016101444430492540 -11551163641554242028-31366876 -16169757801092382612-493226292-2078835196630523196 -955085708492290644 -1093318260161604013230431228  -15551776761154180716
-14484338701558689823270846220 -10169973831990126310702282707 -585560896-18734044991133719194-154124409-14419680121565155681277312078 -10105315251996592168708748565 -579095038-18669386411140185052-147658551-14355021541571621539283777936 -1004065667695816849 -592026754-18798703571127253336-160590267
1233997142243918840 -746159462-17362377641568651230578572928 -411505374-14015836761903305318913227016 -76851286 -1066929588-20570078901247881104257802802 -732275500-17223538021582535192592456890 -397621412-13876997141917189280927110978 -62967324 -1053045626899343054 -90735248 -1080813550-2070891852
-974069744-166638274519362715501243958549551645548 -140667453-832980454-152529345520773608401385047839692734838 421837    -691891164-1384204165-20765171661526137129833824128 141511127 -550801874-1243114875-19354278761667226419974913418 282600417 -409712584-11020255851102869259410556258 -281756743
517300064 122752364 -271795336-666343036-1060890736-1455438436-1849986136205043346016558857601261338060866790360 472242660 77694960  -316852740-711400440-1105948140-1500495840-1895043540200537605616108283561216280656821732956 427185256 32637556  -361910144-756457844-11510055441306395464911847764 
14131392701316356871121957447211227920731026009674929227275 832444876 735662477 638880078 542097679 445315280 348532881 251750482 154968083 58185684  -38596715 -135379114-232161513-328943912-425726311-522508710-619291109-716073508-812855907-909638306-1006420705-1103203104-11999855031509921669
   
P t * G

6511051   6522854   6534657   6546460   6558263   6570066   6581869   6593672   6605475   6617278   6629081   6640884   6652687   6664490   6676293   6688096   6699899   6711702   6723505   6735308   6747111   6758914   6770717   6782520   6794323   6806126   6817929   6829732   6841535   
6854150   6522854   6534686   6546518   6558350   6570182   6582014   6593846   6605678   6617510   6629342   6641174   6653006   6664838   6676670   6688502   6700334   6712166   6723998   6735830   6747662   6759494   6771326   6783158   6794990   6806822   6818654   6830486   6842318   
6854904   6866765   6534657   6546518   6558379   6570240   6582101   6593962   6605823   6617684   6629545   6641406   6653267   6665128   6676989   6688850   6700711   6712572   6724433   6736294   6748155   6760016   6771877   6783738   6795599   6807460   6819321   6831182   6843043   
6855600   6867490   6879380   6546460   6558350   6570240   6582130   6594020   6605910   6617800   6629690   6641580   6653470   6665360   6677250   6689140   6701030   6712920   6724810   6736700   6748590   6760480   6772370   6784260   6796150   6808040   6819930   6831820   6843710   
6856238   6868157   6880076   6891995   6558263   6570182   6582101   6594020   6605939   6617858   6629777   6641696   6653615   6665534   6677453   6689372   6701291   6713210   6725129   6737048   6748967   6760886   6772805   6784724   6796643   6808562   6820481   6832400   6844319   
6856818   6868766   6880714   6892662   6904610   6570066   6582014   6593962   6605910   6617858   6629806   6641754   6653702   6665650   6677598   6689546   6701494   6713442   6725390   6737338   6749286   6761234   6773182   6785130   6797078   6809026   6820974   6832922   6844870   
6857340   6869317   6881294   6893271   6905248   6917225   6581869   6593846   6605823   6617800   6629777   6641754   6653731   6665708   6677685   6689662   6701639   6713616   6725593   6737570   6749547   6761524   6773501   6785478   6797455   6809432   6821409   6833386   6845363   
6857804   6869810   6881816   6893822   6905828   6917834   6929840   6593672   6605678   6617684   6629690   6641696   6653702   6665708   6677714   6689720   6701726   6713732   6725738   6737744   6749750   6761756   6773762   6785768   6797774   6809780   6821786   6833792   6845798   
6858210   6870245   6882280   6894315   6906350   6918385   6930420   6942455   6605475   6617510   6629545   6641580   6653615   6665650   6677685   6689720   6701755   6713790   6725825   6737860   6749895   6761930   6773965   6786000   6798035   6810070   6822105   6834140   6846175   
6858558   6870622   6882686   6894750   6906814   6918878   6930942   6943006   6955070   6617278   6629342   6641406   6653470   6665534   6677598   6689662   6701726   6713790   6725854   6737918   6749982   6762046   6774110   6786174   6798238   6810302   6822366   6834430   6846494   
6858848   6870941   6883034   6895127   6907220   6919313   6931406   6943499   6955592   6967685   6629081   6641174   6653267   6665360   6677453   6689546   6701639   6713732   6725825   6737918   6750011   6762104   6774197   6786290   6798383   6810476   6822569   6834662   6846755   
6859080   6871202   6883324   6895446   6907568   6919690   6931812   6943934   6956056   6968178   6980300   6640884   6653006   6665128   6677250   6689372   6701494   6713616   6725738   6737860   6749982   6762104   6774226   6786348   6798470   6810592   6822714   6834836   6846958   
6859254   6871405   6883556   6895707   6907858   6920009   6932160   6944311   6956462   6968613   6980764   6992915   6652687   6664838   6676989   6689140   6701291   6713442   6725593   6737744   6749895   6762046   6774197   6786348   6798499   6810650   6822801   6834952   6847103   
6859370   6871550   6883730   6895910   6908090   6920270   6932450   6944630   6956810   6968990   6981170   6993350   7005530   6664490   6676670   6688850   6701030   6713210   6725390   6737570   6749750   6761930   6774110   6786290   6798470   6810650   6822830   6835010   6847190   
6859428   6871637   6883846   6896055   6908264   6920473   6932682   6944891   6957100   6969309   6981518   6993727   7005936   7018145   6676293   6688502   6700711   6712920   6725129   6737338   6749547   6761756   6773965   6786174   6798383   6810592   6822801   6835010   6847219   
6859428   6871666   6883904   6896142   6908380   6920618   6932856   6945094   6957332   6969570   6981808   6994046   7006284   7018522   7030760   6688096   6700334   6712572   6724810   6737048   6749286   6761524   6773762   6786000   6798238   6810476   6822714   6834952   6847190   
6859370   6871637   6883904   6896171   6908438   6920705   6932972   6945239   6957506   6969773   6982040   6994307   7006574   7018841   7031108   7043375   6699899   6712166   6724433   6736700   6748967   6761234   6773501   6785768   6798035   6810302   6822569   6834836   6847103   
6859254   6871550   6883846   6896142   6908438   6920734   6933030   6945326   6957622   6969918   6982214   6994510   7006806   7019102   7031398   7043694   7055990   6711702   6723998   6736294   6748590   6760886   6773182   6785478   6797774   6810070   6822366   6834662   6846958   
6859080   6871405   6883730   6896055   6908380   6920705   6933030   6945355   6957680   6970005   6982330   6994655   7006980   7019305   7031630   7043955   7056280   7068605   6723505   6735830   6748155   6760480   6772805   6785130   6797455   6809780   6822105   6834430   6846755   
6858848   6871202   6883556   6895910   6908264   6920618   6932972   6945326   6957680   6970034   6982388   6994742   7007096   7019450   7031804   7044158   7056512   7068866   7081220   6735308   6747662   6760016   6772370   6784724   6797078   6809432   6821786   6834140   6846494   
6858558   6870941   6883324   6895707   6908090   6920473   6932856   6945239   6957622   6970005   6982388   6994771   7007154   7019537   7031920   7044303   7056686   7069069   7081452   7093835   6747111   6759494   6771877   6784260   6796643   6809026   6821409   6833792   6846175   
6858210   6870622   6883034   6895446   6907858   6920270   6932682   6945094   6957506   6969918   6982330   6994742   7007154   7019566   7031978   7044390   7056802   7069214   7081626   7094038   7106450   6758914   6771326   6783738   6796150   6808562   6820974   6833386   6845798   
6857804   6870245   6882686   6895127   6907568   6920009   6932450   6944891   6957332   6969773   6982214   6994655   7007096   7019537   7031978   7044419   7056860   7069301   7081742   7094183   7106624   7119065   6770717   6783158   6795599   6808040   6820481   6832922   6845363   
6857340   6869810   6882280   6894750   6907220   6919690   6932160   6944630   6957100   6969570   6982040   6994510   7006980   7019450   7031920   7044390   7056860   7069330   7081800   7094270   7106740   7119210   7131680   6782520   6794990   6807460   6819930   6832400   6844870   
6856818   6869317   6881816   6894315   6906814   6919313   6931812   6944311   6956810   6969309   6981808   6994307   7006806   7019305   7031804   7044303   7056802   7069301   7081800   7094299   7106798   7119297   7131796   7144295   6794323   6806822   6819321   6831820   6844319   
6856238   6868766   6881294   6893822   6906350   6918878   6931406   6943934   6956462   6968990   6981518   6994046   7006574   7019102   7031630   7044158   7056686   7069214   7081742   7094270   7106798   7119326   7131854   7144382   7156910   6806126   6818654   6831182   6843710   
6855600   6868157   6880714   6893271   6905828   6918385   6930942   6943499   6956056   6968613   6981170   6993727   7006284   7018841   7031398   7043955   7056512   7069069   7081626   7094183   7106740   7119297   7131854   7144411   7156968   7169525   6817929   6830486   6843043   
6854904   6867490   6880076   6892662   6905248   6917834   6930420   6943006   6955592   6968178   6980764   6993350   7005936   7018522   7031108   7043694   7056280   7068866   7081452   7094038   7106624   7119210   7131796   7144382   7156968   7169554   7182140   6829732   6842318   
6854150   6866765   6879380   6891995   6904610   6917225   6929840   6942455   6955070   6967685   6980300   6992915   7005530   7018145   7030760   7043375   7055990   7068605   7081220   7093835   7106450   7119065   7131680   7144295   7156910   7169525   7182140   7194755   6841535   

-2109249735-1915637238-1722024741-1528412244-1334799747-1141187250-947574753-753962256-560349759-366737262-17312476520487732  214100229 407712726 601325223 794937720 988550217 11821627141375775211156938770817630002051956612702-2144742097-1951129600-1757517103-1563904606-1370292109-1176679612-983067115
-827343350-1963439678-1769473120-1575506562-1381540004-1187573446-993606888-799640330-605673772-411707214-217740656-23774098 170192460 364159018 558125576 752092134 946058692 114002525013339918081527958366172192492419158914822109858040-1991142698-1797176140-1603209582-1409243024-1215276466-1021309908
-865940204-671619585-1817629621-1623309002-1428988383-1234667764-1040347145-846026526-651705907-457385288-263064669-68744050 125576569 319897188 514217807 708538426 902859045 109717966412915002831485820902168014152118744621402068782759-2031863918-1837543299-1643222680-1448902061-1254581442-1060260823
-905245180-710570500-515895820-1671819564-1477144884-1282470204-1087795524-893120844-698446164-503771484-309096804-11442212480252556  274927236 469601916 664276596 858951276 105362595612483006361442975316163764999618323246762026999356-2073293260-1878618580-1683943900-1489269220-1294594540-1099919860
-945258278-750229537-555200796-360172055-1526009507-1330980766-1135952025-940923284-745894543-550865802-355837061-16080832034220421  229249162 424277903 619306644 814335385 100936412612043928671399421608159445034917894790901984507831-2115430724-1920401983-1725373242-1530344501-1335315760-1140287019
-985979498-790596696-595213894-399831092-204448290-1380199450-1184816648-989433846-794051044-598668242-403285440-207902638-12519836 182862966 378245768 573628570 769011372 964394174 115977697613551597781550542580174592538219413081842136690986-1962893508-1767510706-1572127904-1376745102-1181362300
-1027408840-831671977-635935114-440198251-244461388-48724525 -1234389393-1038652530-842915667-647178804-451441941-255705078-59968215 135768648 331505511 527242374 722979237 918716100 111445296313101898261505926689170166355218974004152093137278-2006093155-1810356292-1614619429-1418882566-1223145703
-1069546304-873455380-677364456-481273532-285182608-89091684 106999240 -1088579336-892488412-696397488-500306564-304215640-10812471687966208  284057132 480148056 676238980 872329904 106842082812645117521460602676165669360018527845242048875448-2050000924-1853910000-1657819076-1461728152-1265637228
-1112391890-915946905-719501920-523056935-326611950-13016696566278020  262723005 -942769279-746324294-549879309-353434324-15698933939455646  235900631 432345616 628790601 825235586 102168057112181255561414570541161101552618074605112003905496-2094616815-1898171830-1701726845-1505281860-1308836875
-1155945598-959146552-762347506-565548460-368749414-17195036824848678  221647724 418446770 -796959222-600160176-403361130-206562084-9763038  187036008 383835054 580634100 777433146 974232192 11710312381367830284156462933017614283761958227422-2139940828-1943141782-1746342736-1549543690-1352744644
-1200207428-1003054321-805901214-608748107-411595000-214441893-17288786 179864321 377017428 574170535 -651149165-453996058-256842951-59689844 137463263 334616370 531769477 728922584 926075691 112322879813203819051517535012171468811919118412262108994333-1988819856-1791666749-1594513642-1397360535
-1245177380-1047670212-850163044-652655876-455148708-257641540-60134372 137372796 334879964 532387132 729894300 -505339108-307831940-11032477287182396  284689564 482196732 679703900 877211068 107471823612722254041469732572166723974018647469082062254076-2035206052-1837698884-1640191716-1442684548
-1290855454-1092994225-895132996-697271767-499410538-301549309-10368808094173149  292034378 489895607 687756836 885618065 -359529051-16166782236193407  234054636 431915865 629777094 827638323 102549955212233607811421222010161908323918169444682014805697-2082300370-1884439141-1686577912-1488716683
-1337241650-1139026360-940811070-742595780-544380490-346165200-14794991050265380  248480670 446695960 644911250 843126540 1041341830-213718994-15503704 182711586 380926876 579142166 777357456 975572746 11737880361372003326157021861617684339061966649196-2130102810-1931887520-1733672230-1535456940
-1384335968-1185766617-987197266-788627915-590058564-391489213-1929198625649489   204218840 402788191 601357542 799926893 998496244 1197065595-67908937 130660414 329229765 527799116 726368467 924937818 112350716913220765201520645871171921522219177845732116353924-1980044021-1781474670-1582905319
-1432138408-1233214996-1034291584-835368172-636444760-437521348-238597936-39674524 159248888 358172300 557095712 756019124 954942536 1153865948135278936077901120  276824532 475747944 674671356 873594768 107251818012714415921470365004166928841618682118282067135240-2028908644-1829985232-1631061820
-1480648970-1281371497-1082094024-882816551-683539078-484261605-284984132-85706659 113570814 312848287 512125760 711403233 910680706 110995817913092356521508513125223711177 422988650 622266123 821543596 102082106912200985421419376015161865348818179309612017208434-2078481389-1879203916-1679926443
-1529867654-1330236120-1130604586-930973052-731341518-531709984-332078450-13244691667184618  266816152 466447686 666079220 865710754 1065342288126497382214646053561664236890369521234 569152768 768784302 968415836 11680473701367678904156731043817669419721966573506-2128762256-1929130722-1729499188
-1579794460-1379808865-1179823270-979837675-779852080-579866485-379880890-17989529520090300  220075895 420061490 620047085 820032680 10200182751220003870141998946516199750601819960655515331291 715316886 915302481 111528807613152736711515259266171524486119152304562115216051-1979765650-1779780055
-1630429388-1430089732-1229750076-1029410420-829070764-628731108-428391452-228051796-27712140 172627516 372967172 573306828 773646484 973986140 11743257961374665452157500510817753447641975684420661141348 861481004 106182066012621603161462499972166283962818631792842063518940-2031108700-1830769044
-1681772438-1481078721-1280385004-1079691287-878997570-678303853-477610136-276916419-76222702 124471015 325164732 525858449 726552166 927245883 112793960013286333171529327034173002075119307144682131408185806951405 100764512212083388391409032556160972627318104199902011113707-2083159872-1882466155
-1733823610-1532775832-1331728054-1130680276-929632498-728584720-527536942-326489164-12544138675606392  276654170 477701948 678749726 879797504 108084528212818930601482940838168398861618850363942086084172-2007835346952761462 11538092401354857018155590479617569525741958000352-2135919166-1934871388
-1786582904-1585181065-1383779226-1182377387-980975548-779573709-578171870-376770031-17536819226033647  227435486 428837325 630239164 831641003 103304284212344446811435846520163724835918386501982040052037-2053513420-1852111581109857151912999733581501375197170277703619041788752105580714-1987984743
-1840050320-1638294420-1436538520-1234782620-1033026720-831270820-629514920-427759020-226003120-24247220 177508680 379264580 581020480 782776380 984532280 11862881801388044080158979998017915558801993311780-2099899616-1898143716-169638781612443815761446137476164789337618496492762051405176-2041806220
-1894225858-1692115897-1490005936-1287895975-1085786014-883676053-681566092-479456131-277346170-75236209 126873752 328983713 531093674 733203635 935313596 11374235571339533518154164347917437534401945863401-2146993934-1944883973-1742774012-15406640511390191633159230159417944115551996521516-2096335819
-1949109518-1746645496-1544181474-1341717452-1139253430-936789408-734325386-531861364-329397342-12693332075530702  277994724 480458746 682922768 885386790 108785081212903148341492778856169524287818977069002100170922-1992332352-1789868330-1587404308-13849402861536001690173846571219409297342143393756
-2004701300-1801883217-1599065134-1396247051-1193428968-990610885-787792802-584974719-382156636-17933855323479530  226297613 429115696 631933779 834751862 103756994512403880281443206111164602419418488422772051660360-2040488853-1837670770-1634852687-1432034604-1229216521168181174718846298302087447913
-2061001204-1857829060-1654656916-1451484772-1248312628-1045140484-841968340-638796196-435624052-232451908-29279764 173892380 377064524 580236668 783408812 986580956 11897531001392925244159609738817992695322002441676-2089353476-1886181332-1683009188-1479837044-1276664900-107349275618276218042030793948
-2118009230-1914483025-1710956820-1507430615-1303904410-1100378205-896852000-693325795-489799590-286273385-82747180 120779025 324305230 527831435 731357640 934883845 11384100501341936255154546246017489886651952514870-2138926221-1935400016-1731873811-1528347606-1324821401-1121295196-9177689911973431861
    
P t * G t

235915    578202    920489    1262776   1605063   1947350   2289637   2631924   2974211   3316498   3658785   4001072   4343359   4685646   5027933   5370220   5712507   6054794   6397081   6739368   7081655   7423942   7766229   8108516   8450803   8793090   9135377   9477664   9819951   
9843934   236350    579478    922606    1265734   1608862   1951990   2295118   2638246   2981374   3324502   3667630   4010758   4353886   4697014   5040142   5383270   5726398   6069526   6412654   6755782   7098910   7442038   7785166   8128294   8471422   8814550   9157678   9500806   
9523948   9867917   236785    580754    924723    1268692   1612661   1956630   2300599   2644568   2988537   3332506   3676475   4020444   4364413   4708382   5052351   5396320   5740289   6084258   6428227   6772196   7116165   7460134   7804103   8148072   8492041   8836010   9179979   
9202280   9547090   9891900   237220    582030    926840    1271650   1616460   1961270   2306080   2650890   2995700   3340510   3685320   4030130   4374940   4719750   5064560   5409370   5754180   6098990   6443800   6788610   7133420   7478230   7823040   8167850   8512660   8857470   
8878930   9224581   9570232   9915883   237655    583306    928957    1274608   1620259   1965910   2311561   2657212   3002863   3348514   3694165   4039816   4385467   4731118   5076769   5422420   5768071   6113722   6459373   6805024   7150675   7496326   7841977   8187628   8533279   
8553898   8900390   9246882   9593374   9939866   238090    584582    931074    1277566   1624058   1970550   2317042   2663534   3010026   3356518   3703010   4049502   4395994   4742486   5088978   5435470   5781962   6128454   6474946   6821438   7167930   7514422   7860914   8207406   
8227184   8574517   8921850   9269183   9616516   9963849   238525    585858    933191    1280524   1627857   1975190   2322523   2669856   3017189   3364522   3711855   4059188   4406521   4753854   5101187   5448520   5795853   6143186   6490519   6837852   7185185   7532518   7879851   
7898788   8246962   8595136   8943310   9291484   9639658   9987832   238960    587134    935308    1283482   1631656   1979830   2328004   2676178   3024352   3372526   3720700   4068874   4417048   4765222   5113396   5461570   5809744   6157918   6506092   6854266   7202440   7550614   
7568710   7917725   8266740   8615755   8964770   9313785   9662800   10011815  239395    588410    937425    1286440   1635455   1984470   2333485   2682500   3031515   3380530   3729545   4078560   4427575   4776590   5125605   5474620   5823635   6172650   6521665   6870680   7219695   
7236950   7586806   7936662   8286518   8636374   8986230   9336086   9685942   10035798  239830    589686    939542    1289398   1639254   1989110   2338966   2688822   3038678   3388534   3738390   4088246   4438102   4787958   5137814   5487670   5837526   6187382   6537238   6887094   
6903508   7254205   7604902   7955599   8306296   8656993   9007690   9358387   9709084   10059781  240265    590962    941659    1292356   1643053   1993750   2344447   2695144   3045841   3396538   3747235   4097932   4448629   4799326   5150023   5500720   5851417   6202114   6552811   
6568384   6919922   7271460   7622998   7974536   8326074   8677612   9029150   9380688   9732226   10083764  240700    592238    943776    1295314   1646852   1998390   2349928   2701466   3053004   3404542   3756080   4107618   4459156   4810694   5162232   5513770   5865308   6216846   
6231578   6583957   6936336   7288715   7641094   7993473   8345852   8698231   9050610   9402989   9755368   10107747  241135    593514    945893    1298272   1650651   2003030   2355409   2707788   3060167   3412546   3764925   4117304   4469683   4822062   5174441   5526820   5879199   
5893090   6246310   6599530   6952750   7305970   7659190   8012410   8365630   8718850   9072070   9425290   9778510   10131730  241570    594790    948010    1301230   1654450   2007670   2360890   2714110   3067330   3420550   3773770   4126990   4480210   4833430   5186650   5539870   
5552920   5906981   6261042   6615103   6969164   7323225   7677286   8031347   8385408   8739469   9093530   9447591   9801652   10155713  242005    596066    950127    1304188   1658249   2012310   2366371   2720432   3074493   3428554   3782615   4136676   4490737   4844798   5198859   
5211068   5565970   5920872   6275774   6630676   6985578   7340480   7695382   8050284   8405186   8760088   9114990   9469892   9824794   10179696  242440    597342    952244    1307146   1662048   2016950   2371852   2726754   3081656   3436558   3791460   4146362   4501264   4856166   
4867534   5223277   5579020   5934763   6290506   6646249   7001992   7357735   7713478   8069221   8424964   8780707   9136450   9492193   9847936   10203679  242875    598618    954361    1310104   1665847   2021590   2377333   2733076   3088819   3444562   3800305   4156048   4511791   
4522318   4878902   5235486   5592070   5948654   6305238   6661822   7018406   7374990   7731574   8088158   8444742   8801326   9157910   9514494   9871078   10227662  243310    599894    956478    1313062   1669646   2026230   2382814   2739398   3095982   3452566   3809150   4165734   
4175420   4532845   4890270   5247695   5605120   5962545   6319970   6677395   7034820   7392245   7749670   8107095   8464520   8821945   9179370   9536795   9894220   10251645  243745    601170    958595    1316020   1673445   2030870   2388295   2745720   3103145   3460570   3817995   
3826840   4185106   4543372   4901638   5259904   5618170   5976436   6334702   6692968   7051234   7409500   7767766   8126032   8484298   8842564   9200830   9559096   9917362   10275628  244180    602446    960712    1318978   1677244   2035510   2393776   2752042   3110308   3468574   
3476578   3835685   4194792   4553899   4913006   5272113   5631220   5990327   6349434   6708541   7067648   7426755   7785862   8144969   8504076   8863183   9222290   9581397   9940504   10299611  244615    603722    962829    1321936   1681043   2040150   2399257   2758364   3117471   
3124634   3484582   3844530   4204478   4564426   4924374   5284322   5644270   6004218   6364166   6724114   7084062   7444010   7803958   8163906   8523854   8883802   9243750   9603698   9963646   10323594  245050    604998    964946    1324894   1684842   2044790   2404738   2764686   
2771008   3131797   3492586   3853375   4214164   4574953   4935742   5296531   5657320   6018109   6378898   6739687   7100476   7461265   7822054   8182843   8543632   8904421   9265210   9625999   9986788   10347577  245485    606274    967063    1327852   1688641   2049430   2410219   
2415700   2777330   3138960   3500590   3862220   4223850   4585480   4947110   5308740   5670370   6032000   6393630   6755260   7116890   7478520   7840150   8201780   8563410   8925040   9286670   9648300   10009930  10371560  245920    607550    969180    1330810   1692440   2054070   
2058710   2421181   2783652   3146123   3508594   3871065   4233536   4596007   4958478   5320949   5683420   6045891   6408362   6770833   7133304   7495775   7858246   8220717   8583188   8945659   9308130   9670601   10033072  10395543  246355    608826    971297    1333768   1696239   
1700038   2063350   2426662   2789974   3153286   3516598   3879910   4243222   4606534   4969846   5333158   5696470   6059782   6423094   6786406   7149718   7513030   7876342   8239654   8602966   8966278   9329590   9692902   10056214  10419526  246790    610102    973414    1336726   
1339684   1703837   2067990   2432143   2796296   3160449   3524602   3888755   4252908   4617061   4981214   5345367   5709520   6073673   6437826   6801979   7166132   7530285   7894438   8258591   8622744   8986897   9351050   9715203   10079356  10443509  247225    611378    975531    
977648    1342642   1707636   2072630   2437624   2802618   3167612   3532606   3897600   4262594   4627588   4992582   5357576   5722570   6087564   6452558   6817552   7182546   7547540   7912534   8277528   8642522   9007516   9372510   9737504   10102498  10467492  247660    612654    
613930    979765    1345600   1711435   2077270   2443105   2808940   3174775   3540610   3906445   4272280   4638115   5003950   5369785   5735620   6101455   6467290   6833125   7198960   7564795   7930630   8296465   8662300   9028135   9393970   9759805   10125640  10491475  248095    

106155225 309681430 513207635 716733840 920260045 112378625013273124551530838660173436486519378910702141417275-1950023816-1746497611-1542971406-1339445201-1135918996-932392791-728866586-525340381-321814176-11828797185238234  288764439 492290644 695816849 899343054 110286925913063954641509921669
1413139270261878990 763170496 12644620021765753508-2027922282-1526630776-1025339270-524047764-22756258 478535248 979826754 14811182601982409766-1811266024-1309974518-808683012-307391506193900000 695191506 11964830121697774518-2095901272-1594609766-1093318260-592026754-90735248 410556258 911847764 
517300064 1316356871417602755 12166595622015716369-1480194120-681137313117919494 916976301 1716033108-1779877381-980820574-181763767617293040 1416349847-2079560642-1280503835-481447028317609779 11166665861915723393-1580187096-78113028917926518  816983325 1616040132-1879870357-1080813550-281756743
-974069744122752364 1219574472573326520 1670148628-1527996560-431174452665647656 1762469764-1435675424-338853316757968792 1854790900-1343354288-246532180850289928 1947112036-1251033152-154211044942611064 2039433172-1158712016-61889908 10349322002131754308-106639088030431228  1127253336-2070891852
1233997142-1666382745-2717953361122792073729050285 2123637694-776742193617845216 2012432625-887947262506640147 1901227556-999152331395435078 1790022487-1110357400284230009 1678817418-1221562469173024940 1567612349-133276753861819871  1456407280-1443972607-49385198 1345202211-1555177676-160590267
-1448433870243918840 1936271550-6663430361026009674884774050 -1717840536-25487826 1666864884-935749702756603008 -1846011578-1536588681538693842-1063920744628431966 -1974182620-2818299101410522800-1192091786500260924 -2102353662-4100009521282351758-1320262828372089882 2064442592-5381719941154180716
-4314281881558689823-7461594621243958549-1060890736929227275 1040497815-1264351470725766541 -1579082744411035267 -189381401896303993  2086422004-2184272811771690730-5331585551456959456-8478898291142228182-1162621103827496908 -1477352377512765634 -1792083651198034360 -2106814925-1166969141873421097
-9953108  -2017037092270846220 -1736237764551645548 -1455438436832444876 1196221580-8108624041477020908-5300630761757820236-249263748203861956431535580  -1975548404312334908 -1694749076593134236 -1413949748873933564 -11331504201154732892-8523510921435532220-5715517641716331548-2907524361997130876
-184008630-1893327313692321300 -10169973831568651230-140667453-1849986136735662477 1351945345-357373338-2066692021518956592 -11903620911395286522-314032161-2023350844562297769 -11470209141438627699-270690984-1980009667605638946 -11036797371481968876-227349807-1936668490648980123 -10603385601525310053
-9535947541929819160518265778 -8932876041990126310578572928 -8329804542050433460638880078 150766911096115728  -13154376541567976260156422878 -12551305041628283410216730028 -11948233541688590560277037178 -11345162041748897710337344328 -10742090541809204860397651478 -10139019041869512010457958628 
1976255816862467735 -251320346-13651084271816070788702282707 -411505374-15252934551655885760542097679 1663392875549604794 -564183287-16779713681503207847389419766 -724368315-18381563961343022819229234738 -884553343-1998341424118283779169049710  -104473837121364408441022652763-91135318 -1204923399
15608488  -800414292-161643707218625074441046484664230461884 -585560896-140158367620773608401261338060445315280 18191166401003093860187071080 -628951700-144497448020339700361217947256401924476 -414098304-1230121084-20461438641432800652616777872 -199244908-1015267688-18312904681647654048831631268 
17543978541236140375717882896 199625417 -318632062-836889541-1355147020-187340449919033053181385047839866790360 348532881 19748404051456582926938325447 420067968 -98189511 -616446990-1134704469-1652961948212374786916054903901087232911568975432 50717953  -467539526-985797005-1504054484-2022311963
-1397310678-1617802856-1838295034-205878721220156879061795195728157470355013542113721133719194913227016 692734838 472242660 251750482 213056417019100719921689579814146908763612485954581028103280807611102 587118924 366626746 146134568 -74357610 -294849788-515341966-735834144-956326322-1176818500
-849582516-772309393-695036270-617763147-540490024-463216901-385943778-308670655-231397532-154124409-76851286 421837    77694960  154968083 -2008679361-1931406238-1854133115-1776859992-1699586869-1622313746-1545040623-1467767500-1390494377-1313221254-1235948131-1158675008-1081401885-1004128762-926855639
-897384956-522346532-147308108227730316 602768740 977807164 135284558817278840122102922436-1817006436-1441968012-1066929588-691891164-31685274058185684  -1852955596-1477917172-1102878748-727840324-35280190022236524  397274948 772313372 114735179615223902201897428644-2022500228-1647461804-1272423380
-1540717998-867914273-195110548477693177 11504969021823300627-1798862944-1126059219-453255494219548231 892351956 1565155681-2057007890-1384204165-711400440-38596715 -1697231831-1024428106-351624381321179344 993983069 1666786794-1955376777-1282573052-60976932763034398  735838123 14086418482081445573
1515385654-1809012616-838443590132125436 11026944622073263488-1251134782-280565756690003270 1660572296-1663825974-693256948277312078 1247881104-2076517166-1105948140-135379114-1541508066-570939040399629986 1370199012-1954199258-983630232-13061206 957507820 1928076846-1396321424-425752398544816628 
-319008592949325735 -2077307234-808972907459361420 1727695747-1298937222-30602895 1237731432-1788901537-520567210747767117 2016101444-1010531525257802802 1526137129-1500495840-232161513-1385784301-1174499741150884353-1875748616-607414289660920038 1929254365-1097378604170955723 1439290050-1587342919
1546033856-1182833812383265816 1949365444-779502224786597404 -1942270264-3761706361189928992-153893867627160952  1593260580-1135607088430492540 1996592168-732275500833824128 -1895043540-328943912-1230060536336039092 1902138720-826728948739370680 -1989496988-4233973601142702268-1586165400-20065772 
-1479421594384443335 -2046659032-1827941031681070826-7500315411113833388-1317268979546595950 -1884506417-20641488 1843223441-5878789261275986003-1155116364708748565 -1722353802141511127 2005376056-425726311-1074336771789528158 -1641574209222290720 2086155649-3449467181518918211-912184156951680773 
-8054403501356189880-7771471861384483044-7488540221412776208-7205608581441069372-6922676941469362536-6639745301497655700-6356813661525948864-6073882021554242028-5790950381582535192-5508018741610828356-522508710-9186130061243017224-8903198421271310388-8620266781299603552-8337335141327896716
-7269897081732405823-103165942-1938737707520657824 -13149139411144481590-6910901751768305356-67266409 -1902838174556557357 -12790144081180381123-6551906421804204889-31366876 -1866938641592456890 -12431148751216280656-619291109-7628892411696506290-139065475-1974637240484758291 -13508134741108582057
-12440696681513091164-24715300 -15625217641194639068-343167396-1880973860876186972 -6616194922095541340557734876 -9800715881777089244239282780 -12985236841458637148-79169316 -16169757801140185052-397621412-1935427876821732956 -716073508-607165476-2144971940612188892 -9256175721831543260293736796 
1938287066698245903 -541795260-1781836423127308971033048547  -12069926161847933517607892354 -632148809-18721899721182736161-57305002 -12973461651757579968517538805 -722502358-19625435211092382612-147658551-13876997141667226419427185256 -812855907-451441711-16914828741363443259123402096 -1116639067
230145902 -712129960-16544058221698285612756009750 -186266112-1128541974-20708178361281873598339597736 -602678126-15449539881807737446865461584 -76814278 -1019090140-19613660021391325432449049570 -493226292-14355021541917189280974913418 32637556  -909638306-295717946-123799380821146976261172421764
-20735258641576930871932420310 287909749 -356600812-1001111373-164562193420048348011360324240715813679 71303118  -573207443-1217718004-186222856517882281701143717609499207048 -145303513-789814074-1434324635-20788351961571621539927110978 282600417 -361910144-1006420705-139994181-784504742-1429015303
-677760936-1024506196-1371251456-1717996716-2064741976188348006015367348001189989540843244280 496499020 149753760 -196991500-543736760-890482020-1237227280-1583972540-1930717800201750423616707589761324013716977268456 630523196 283777936 -62967324 -409712584-756457844-110320310415729584  -331015676
122473390 73493431  24513472  -24466487 -73446446 -122426405-171406364-220386323-269366282-318346241-367326200-416306159-465286118-514266077-563246036-612225995-661205954-710185913-759165872-808145831-857125790-906105749-955085708-1004065667-1053045626-1102025585-1151005544-1199985503171453349 
