Initial Data         3         4         5         6         7         8         9         10        11        12        13        14        15        16        17        18        19        20        21        22        23        24        25        26        27        28        29        30        31        32        
64        33        34        35        36        37        38        39        40        41        42        43        44        45        46        47        48        49        50        51        52        53        54        55        56        57        58        59        60        61        62        63        
95        96        65        66        67        68        69        70        71        72        73        74        75        76        77        78        79        80        81        82        83        84        85        86        87        88        89        90        91        92        93        94        
126       127       128       97        98        99        100       101       102       103       104       105       106       107       108       109       110       111       112       113       114       115       116       117       118       119       120       121       122       123       124       125       
157       158       159       160       129       130       131       132       133       134       135       136       137       138       139       140       141       142       143       144       145       146       147       148       149       150       151       152       153       154       155       156       
188       189       190       191       192       161       162       163       164       165       166       167       168       169       170       171       172       173       174       175       176       177       178       179       180       181       182       183       184       185       186       187       
219       220       221       222       223       224       193       194       195       196       197       198       199       200       201       202       203       204       205       206       207       208       209       210       211       212       213       214       215       216       217       218       
250       251       252       253       254       255       256       225       226       227       228       229       230       231       232       233       234       235       236       237       238       239       240       241       242       243       244       245       246       247       248       249       
281       282       283       284       285       286       287       288       257       258       259       260       261       262       263       264       265       266       267       268       269       270       271       272       273       274       275       276       277       278       279       280       
312       313       314       315       316       317       318       319       320       289       290       291       292       293       294       295       296       297       298       299       300       301       302       303       304       305       306       307       308       309       310       311       
343       344       345       346       347       348       349       350       351       352       321       322       323       324       325       326       327       328       329       330       331       332       333       334       335       336       337       338       339       340       341       342       
374       375       376       377       378       379       380       381       382       383       384       353       354       355       356       357       358       359       360       361       362       363       364       365       366       367       368       369       370       371       372       373       
405       406       407       408       409       410       411       412       413       414       415       416       385       386       387       388       389       390       391       392       393       394       395       396       397       398       399       400       401       402       403       404       
436       437       438       439       440       441       442       443       444       445       446       447       448       417       418       419       420       421       422       423       424       425       426       427       428       429       430       431       432       433       434       435       
467       468       469       470       471       472       473       474       475       476       477       478       479       480       449       450       451       452       453       454       455       456       457       458       459       460       461       462       463       464       465       466       
498       499       500       501       502       503       504       505       506       507       508       509       510       511       512       481       482       483       484       485       486       487       488       489       490       491       492       493       494       495       496       497       
529       530       531       532       533       534       535       536       537       538       539       540       541       542       543       544       513       514       515       516       517       518       519       520       521       522       523       524       525       526       527       528       
560       561       562       563       564       565       566       567       568       569       570       571       572       573       574       575       576       545       546       547       548       549       550       551       552       553       554       555       556       557       558       559       
591       592       593       594       595       596       597       598       599       600       601       602       603       604       605       606       607       608       577       578       579       580       581       582       583       584       585       586       587       588       589       590       
622       623       624       625       626       627       628       629       630       631       632       633       634       635       636       637       638       639       640       609       610       611       612       613       614       615       616       617       618       619       620       621       
653       654       655       656       657       658       659       660       661       662       663       664       665       666       667       668       669       670       671       672       641       642       643       644       645       646       647       648       649       650       651       652       
684       685       686       687       688       689       690       691       692       693       694       695       696       697       698       699       700       701       702       703       704       673       674       675       676       677       678       679       680       681       682       683       
715       716       717       718       719       720       721       722       723       724       725       726       727       728       729       730       731       732       733       734       735       736       705       706       707       708       709       710       711       712       713       714       
746       747       748       749       750       751       752       753       754       755       756       757       758       759       760       761       762       763       764       765       766       767       768       737       738       739       740       741       742       743       744       745       
777       778       779       780       781       782       783       784       785       786       787       788       789       790       791       792       793       794       795       796       797       798       799       800       769       770       771       772       773       774       775       776       
808       809       810       811       812       813       814       815       816       817       818       819       820       821       822       823       824       825       826       827       828       829       830       831       832       801       802       803       804       805       806       807       
839       840       841       842       843       844       845       846       847       848       849       850       851       852       853       854       855       856       857       858       859       860       861       862       863       864       833       834       835       836       837       838       
870       871       872       873       874       875       876       877       878       879       880       881       882       883       884       885       886       887       888       889       890       891       892       893       894       895       896       865       866       867       868       869       
901       902       903       904       905       906       907       908       909       910       911       912       913       914       915       916       917       918       919       920       921       922       923       924       925       926       927       928       897       898       899       900       
932       933       934       935       936       937       938       939       940       941       942       943       944       945       946       947       948       949       950       951       952       953       954       955       956       957       958       959       960       929       930       931       
963       964       965       966       967       968       969       970       971       972       973       974       975       976       977       978       979       980       981       982       983       984       985       986       987       988       989       990       991       992       961       962       
994       995       996       997       998       999       1000      1001      1002      1003      1004      1005      1006      1007      1008      1009      1010      1011      1012      1013      1014      1015      1016      1017      1018      1019      1020      1021      1022      1023      1024      993       
  
P * G

349712    350240    350768    351296    351824    352352    352880    353408    353936    354464    354992    355520    356048    356576    357104    357632    358160    358688    359216    359744    360272    360800    361328    361856    362384    362912    363440    363968    364496    365024    365552    366080    
906752    858640    860192    861744    863296    864848    866400    867952    869504    871056    872608    874160    875712    877264    878816    880368    881920    883472    885024    886576    888128    889680    891232    892784    894336    895888    897440    898992    900544    902096    903648    905200    
1444848   1447424   1367568   1370144   1372720   1375296   1377872   1380448   1383024   1385600   1388176   1390752   1393328   1395904   1398480   1401056   1403632   1406208   1408784   1411360   1413936   1416512   1419088   1421664   1424240   1426816   1429392   1431968   1434544   1437120   1439696   1442272   
1980896   1984496   1988096   1876496   1880096   1883696   1887296   1890896   1894496   1898096   1901696   1905296   1908896   1912496   1916096   1919696   1923296   1926896   1930496   1934096   1937696   1941296   1944896   1948496   1952096   1955696   1959296   1962896   1966496   1970096   1973696   1977296   
2514896   2519520   2524144   2528768   2385424   2390048   2394672   2399296   2403920   2408544   2413168   2417792   2422416   2427040   2431664   2436288   2440912   2445536   2450160   2454784   2459408   2464032   2468656   2473280   2477904   2482528   2487152   2491776   2496400   2501024   2505648   2510272   
3046848   3052496   3058144   3063792   3069440   2894352   2900000   2905648   2911296   2916944   2922592   2928240   2933888   2939536   2945184   2950832   2956480   2962128   2967776   2973424   2979072   2984720   2990368   2996016   3001664   3007312   3012960   3018608   3024256   3029904   3035552   3041200   
3576752   3583424   3590096   3596768   3603440   3610112   3403280   3409952   3416624   3423296   3429968   3436640   3443312   3449984   3456656   3463328   3470000   3476672   3483344   3490016   3496688   3503360   3510032   3516704   3523376   3530048   3536720   3543392   3550064   3556736   3563408   3570080   
4104608   4112304   4120000   4127696   4135392   4143088   4150784   3912208   3919904   3927600   3935296   3942992   3950688   3958384   3966080   3973776   3981472   3989168   3996864   4004560   4012256   4019952   4027648   4035344   4043040   4050736   4058432   4066128   4073824   4081520   4089216   4096912   
4630416   4639136   4647856   4656576   4665296   4674016   4682736   4691456   4421136   4429856   4438576   4447296   4456016   4464736   4473456   4482176   4490896   4499616   4508336   4517056   4525776   4534496   4543216   4551936   4560656   4569376   4578096   4586816   4595536   4604256   4612976   4621696   
5154176   5163920   5173664   5183408   5193152   5202896   5212640   5222384   5232128   4930064   4939808   4949552   4959296   4969040   4978784   4988528   4998272   5008016   5017760   5027504   5037248   5046992   5056736   5066480   5076224   5085968   5095712   5105456   5115200   5124944   5134688   5144432   
5675888   5686656   5697424   5708192   5718960   5729728   5740496   5751264   5762032   5772800   5438992   5449760   5460528   5471296   5482064   5492832   5503600   5514368   5525136   5535904   5546672   5557440   5568208   5578976   5589744   5600512   5611280   5622048   5632816   5643584   5654352   5665120   
6195552   6207344   6219136   6230928   6242720   6254512   6266304   6278096   6289888   6301680   6313472   5947920   5959712   5971504   5983296   5995088   6006880   6018672   6030464   6042256   6054048   6065840   6077632   6089424   6101216   6113008   6124800   6136592   6148384   6160176   6171968   6183760   
6713168   6725984   6738800   6751616   6764432   6777248   6790064   6802880   6815696   6828512   6841328   6854144   6456848   6469664   6482480   6495296   6508112   6520928   6533744   6546560   6559376   6572192   6585008   6597824   6610640   6623456   6636272   6649088   6661904   6674720   6687536   6700352   
7228736   7242576   7256416   7270256   7284096   7297936   7311776   7325616   7339456   7353296   7367136   7380976   7394816   6965776   6979616   6993456   7007296   7021136   7034976   7048816   7062656   7076496   7090336   7104176   7118016   7131856   7145696   7159536   7173376   7187216   7201056   7214896   
7742256   7757120   7771984   7786848   7801712   7816576   7831440   7846304   7861168   7876032   7890896   7905760   7920624   7935488   7474704   7489568   7504432   7519296   7534160   7549024   7563888   7578752   7593616   7608480   7623344   7638208   7653072   7667936   7682800   7697664   7712528   7727392   
8253728   8269616   8285504   8301392   8317280   8333168   8349056   8364944   8380832   8396720   8412608   8428496   8444384   8460272   8476160   7983632   7999520   8015408   8031296   8047184   8063072   8078960   8094848   8110736   8126624   8142512   8158400   8174288   8190176   8206064   8221952   8237840   
8763152   8780064   8796976   8813888   8830800   8847712   8864624   8881536   8898448   8915360   8932272   8949184   8966096   8983008   8999920   9016832   8492560   8509472   8526384   8543296   8560208   8577120   8594032   8610944   8627856   8644768   8661680   8678592   8695504   8712416   8729328   8746240   
9270528   9288464   9306400   9324336   9342272   9360208   9378144   9396080   9414016   9431952   9449888   9467824   9485760   9503696   9521632   9539568   9557504   9001488   9019424   9037360   9055296   9073232   9091168   9109104   9127040   9144976   9162912   9180848   9198784   9216720   9234656   9252592   
9775856   9794816   9813776   9832736   9851696   9870656   9889616   9908576   9927536   9946496   9965456   9984416   10003376  10022336  10041296  10060256  10079216  10098176  9510416   9529376   9548336   9567296   9586256   9605216   9624176   9643136   9662096   9681056   9700016   9718976   9737936   9756896   
10279136  10299120  10319104  10339088  10359072  10379056  10399040  10419024  10439008  10458992  10478976  10498960  10518944  10538928  10558912  10578896  10598880  10618864  10638848  10019344  10039328  10059312  10079296  10099280  10119264  10139248  10159232  10179216  10199200  10219184  10239168  10259152  
10780368  10801376  10822384  10843392  10864400  10885408  10906416  10927424  10948432  10969440  10990448  11011456  11032464  11053472  11074480  11095488  11116496  11137504  11158512  11179520  10528272  10549280  10570288  10591296  10612304  10633312  10654320  10675328  10696336  10717344  10738352  10759360  
11279552  11301584  11323616  11345648  11367680  11389712  11411744  11433776  11455808  11477840  11499872  11521904  11543936  11565968  11588000  11610032  11632064  11654096  11676128  11698160  11720192  11037200  11059232  11081264  11103296  11125328  11147360  11169392  11191424  11213456  11235488  11257520  
11776688  11799744  11822800  11845856  11868912  11891968  11915024  11938080  11961136  11984192  12007248  12030304  12053360  12076416  12099472  12122528  12145584  12168640  12191696  12214752  12237808  12260864  11546128  11569184  11592240  11615296  11638352  11661408  11684464  11707520  11730576  11753632  
12271776  12295856  12319936  12344016  12368096  12392176  12416256  12440336  12464416  12488496  12512576  12536656  12560736  12584816  12608896  12632976  12657056  12681136  12705216  12729296  12753376  12777456  12801536  12055056  12079136  12103216  12127296  12151376  12175456  12199536  12223616  12247696  
12764816  12789920  12815024  12840128  12865232  12890336  12915440  12940544  12965648  12990752  13015856  13040960  13066064  13091168  13116272  13141376  13166480  13191584  13216688  13241792  13266896  13292000  13317104  13342208  12563984  12589088  12614192  12639296  12664400  12689504  12714608  12739712  
13255808  13281936  13308064  13334192  13360320  13386448  13412576  13438704  13464832  13490960  13517088  13543216  13569344  13595472  13621600  13647728  13673856  13699984  13726112  13752240  13778368  13804496  13830624  13856752  13882880  13072912  13099040  13125168  13151296  13177424  13203552  13229680  
13744752  13771904  13799056  13826208  13853360  13880512  13907664  13934816  13961968  13989120  14016272  14043424  14070576  14097728  14124880  14152032  14179184  14206336  14233488  14260640  14287792  14314944  14342096  14369248  14396400  14423552  13581840  13608992  13636144  13663296  13690448  13717600  
14231648  14259824  14288000  14316176  14344352  14372528  14400704  14428880  14457056  14485232  14513408  14541584  14569760  14597936  14626112  14654288  14682464  14710640  14738816  14766992  14795168  14823344  14851520  14879696  14907872  14936048  14964224  14090768  14118944  14147120  14175296  14203472  
14716496  14745696  14774896  14804096  14833296  14862496  14891696  14920896  14950096  14979296  15008496  15037696  15066896  15096096  15125296  15154496  15183696  15212896  15242096  15271296  15300496  15329696  15358896  15388096  15417296  15446496  15475696  15504896  14599696  14628896  14658096  14687296  
15199296  15229520  15259744  15289968  15320192  15350416  15380640  15410864  15441088  15471312  15501536  15531760  15561984  15592208  15622432  15652656  15682880  15713104  15743328  15773552  15803776  15834000  15864224  15894448  15924672  15954896  15985120  16015344  16045568  15108624  15138848  15169072  
15680048  15711296  15742544  15773792  15805040  15836288  15867536  15898784  15930032  15961280  15992528  16023776  16055024  16086272  16117520  16148768  16180016  16211264  16242512  16273760  16305008  16336256  16367504  16398752  16430000  16461248  16492496  16523744  16554992  16586240  15617552  15648800  
16158752  16191024  16223296  16255568  16287840  16320112  16352384  16384656  16416928  16449200  16481472  16513744  16546016  16578288  16610560  16642832  16675104  16707376  16739648  16771920  16804192  16836464  16868736  16901008  16933280  16965552  16997824  17030096  17062368  17094640  17126912  16126480  

14431029761454555648146600832014774609921488913664150036633615118190081523271680153472435215461770241557629696156908236815805350401591987712160344038416148930561626345728163779840016492510721660703744167215641616836090881695061760170651443217179671041729419776174087244817523251201763777792177523046417866831361798135808
-21303541761288978688131722496013454712321373717504140196377614302100481458456320148670259215149488641543195136157144140815996876801627933952165618022416844264961712672768174091904017691653121797411584182565785618539041281882150400191039667219386429441966889216199513548820233817602051628032207987430421081205762136366848
-1808916736-176387686411348544001179894272122493414412699740161315013888136005376014050936321450133504149517337615402132481585253120163029299216753328641720372736176541260818104524801855492352190053222419455720961990611968203565184020806917122125731584-2124195840-2079155968-2034116096-1989076224-1944036352-1898996480-1853956608
-1521066496-1459233024-1397399552980730112 104256358411043970561166230528122806400012898974721351730944141356441614753978881537231360159906483216608983041722731776178456524818463987201908232192197006566420318991362093732608-2139401216-2077567744-2015734272-1953900800-1892067328-1830233856-1768400384-1706566912-1644733440-1582899968
-1266803456-1188176384-1109549312-1030922240826605824 905232896 983859968 10624870401141114112121974118412983682561376995328145562240015342494721612876544169150361617701306881848757760192738483220060119042084638976-2131701248-2053074176-1974447104-1895820032-1817192960-1738565888-1659938816-1581311744-1502684672-1424057600-1345430528
-1046127616-950706944-855286272-759865600-664444928672481536 767902208 863322880 958743552 105416422411495848961245005568134042624014358469121531267584162668825617221089281817529600191295027220083709442103791616-2095755008-2000334336-1904913664-1809492992-1714072320-1618651648-1523230976-1427810304-1332389632-1236968960-1141548288
-859038976-746824704-634610432-522396160-410181888-297967616518357248 630571520 742785792 855000064 967214336 1079428608119164288013038571521416071424152828569616404999681752714240186492851219771427842089357056-2093395968-1981181696-1868967424-1756753152-1644538880-1532324608-1420110336-1307896064-1195681792-1083467520-971253248
-705537536-576529664-447521792-318513920-189506048-60498176 68509696  364232960 493240832 622248704 751256576 880264448 100927232011382801921267288064139629593615253038081654311680178331955219123274242041335296-2124624128-1995616256-1866608384-1737600512-1608592640-1479584768-1350576896-1221569024-1092561152-963553280-834545408
-585623296-439821824-294020352-148218880-2417408  143384064 289185536 434987008 210108672 355910144 501711616 647513088 793314560 939116032 10849175041230718976137652044815223219201668123392181392486419597263362105527808-2043638016-1897836544-1752035072-1606233600-1460432128-1314630656-1168829184-1023027712-877226240-731424768
-499296256-336701184-174106112-11511040 151084032 313679104 476274176 638869248 801464320 55984384  218579456 381174528 543769600 706364672 868959744 1031554816119414988813567449601519340032168193510418445301762007125248-2125246976-1962651904-1800056832-1637461760-1474866688-1312271616-1149676544-987081472-824486400-661891328
-446556416-267167744-87779072 91609600  270998272 450386944 629775616 809164288 988552960 1167941632-98139904 81248768  260637440 440026112 619414784 798803456 978192128 115758080013369694721516358144169574681618751354882054524160-2061054464-1881665792-1702277120-1522888448-1343499776-1164111104-984722432-805333760-625945088
-427403776-231221504-35039232 161143040 357325312 553507584 749689856 945872128 114205440013382366721534418944-252264192-56081920 140100352 336282624 532464896 728647168 924829440 112101171213171939841513376256170955852819057408002101923072-1996861952-1800679680-1604497408-1408315136-1212132864-1015950592-819768320-623586048
-441838336-228862464-15886592 197089280 410065152 623041024 836016896 10489927681261968640147494451216879203841900896256-406388480-19341260819563264  232539136 445515008 658490880 871466752 10844426241297418496151039436817233702401936346112-2145645312-1932669440-1719693568-1506717696-1293741824-1080765952-867790080-654814208
-489860096-260090624-30321152 199448320 429217792 658987264 888756736 11185262081348295680157806515218078346242037604096-2027593728-560512768-330743296-100973824128795648 358565120 588334592 818104064 10478735361277643008150741248017371819521966951424-2098246400-1868476928-1638707456-1408937984-1179168512-949399040-719629568
-571469056-324905984-78342912 168220160 414783232 661346304 907909376 11544724481401035520164759859218941616642140724736-1907679488-1661116416-714637056-468073984-22151091225052160  271615232 518178304 764741376 10113044481257867520150443059217509936641997556736-2050847488-1804284416-1557721344-1311158272-1064595200-818032128
-686665216-423308544-159951872103404800 366761472 630118144 893474816 1156831488142018816016835448321946901504-2084709120-1821352448-1557995776-1294639104-868761344-605404672-342048000-78691328 184665344 448022016 711378688 974735360 1238092032150144870417648053762028162048-2003448576-1740091904-1476735232-1213378560-950021888
-835448576-555298304-2751480325002240   285152512 565302784 845453056 1125603328140575360016859038721966054144-2048762880-1768612608-1488462336-1208312064-928161792-1022885632-742735360-462585088-18243481697715456  377865728 658016000 938166272 1218316544149846681617786170882058767360-1956049664-1675899392-1395749120-1115598848
-1017819136-720875264-423931392-126987520169956352 466900224 763844096 1060787968135773184016546757121951619584-2046403840-1749459968-1452516096-1155572224-858628352-561684480-1177009920-880066048-583122176-28617830410765568  307709440 604653312 901597184 1198541056149548492817924288002089372672-1908650752-1611706880-1314763008
-1233776896-920039424-606301952-29256448021172992  334910464 648647936 962385408 127612288015898603521903597824-2077632000-1763894528-1450157056-1136419584-822682112-508944640-195207168-1331134208-1017396736-703659264-389921792-76184320 237553152 551290624 865028096 1178765568149250304018062405122119977984-1861251840-1547514368
-1483321856-1152790784-822259712-491728640-161197568169333504 499864576 830395648 116092672014914577921821988864-2142447360-1811916288-1481385216-1150854144-820323072-489792000-159260928171270144 -1485258496-1154727424-824196352-493665280-163134208167396864 497927936 828459008 115899008014895211521820052224-2144384000-1813852928
-1766454016-1419129344-1071804672-724480000-377155328-29830656 317494016 664818688 1012143360135946803217067927042054117376-1893525248-1546200576-1198875904-851551232-504226560-156901888190422784 537747456 -1639382784-1292058112-944733440-597408768-25008409697240576  444565248 791889920 113921459214865392641833863936-2113778688
-2083173376-1719055104-1354936832-990818560-626700288-262582016101536256 465654528 829772800 119389107215580093441922127616-2008721408-1644603136-1280484864-916366592-552248320-188130048175988224 540106496 904224768 -1793507072-1429388800-1065270528-701152256-33703398427084288  391202560 755320832 111943910414835573761847675648
1861487360-2052568064-1671656192-1290744320-909832448-528920576-148008704232903168 613815040 994726912 137563878417565506562137462528-1776592896-1395681024-1014769152-633857280-252945408127966464 508878336 889790208 1270702080-1947631360-1566719488-1185807616-804895744-423983872-43072000 337839872 718751744 10996636161480575488
14775936001875299072-2021962752-1624257280-1226551808-828846336-431140864-33435392 364270080 761975552 115968102415573864961955091968-1942169856-1544464384-1146758912-749053440-35134796846357504  444062976 841768448 12394739201637179392-2101755648-1704050176-1306344704-908639232-510933760-113228288284477184 682182656 1079888128
106011264014746117121889110784-1991357440-1576858368-1162359296-747860224-33336115281137920  495636992 910136064 13246351361739134208-2141334016-1726834944-1312335872-897836800-483337728-68838656 345660416 760159488 1174658560158915763220036567042039087360-1841380864-1426881792-1012382720-597883648-183384576231114496 645613568 
609044480 104033715214716298241902922496-1960752128-1529459456-1098166784-666874112-235581440195711232 627003904 105829657614895892481920881920-1942792704-1511500032-1080207360-648914688-217622016213670656 644963328 107625600015075486721938841344-19248332801884963072-1978711552-1547418880-1116126208-684833536-253540864177751808 
124389120 572475392 102056166414686479361916734208-1930146816-1482060544-1033974272-585888000-137801728310284544 758370816 120645708816545433602102629632-1744251392-1296165120-848078848-39999257648093696  496179968 944266240 13923525121840438784-2006442240-15583559681730838784-2116042240-1667955968-1219869696-771783424-323697152
-39385344071026432  535906304 100078617614656660481930545920-1899541504-1434661632-969781760-504901888-40022016 424857856 889737728 13546176001819497472-2010589952-1545710080-1080830208-615950336-151070464313809408 778689280 12435691521708449024-2121638400-1656758528-119187865615767144962041594368-1788493056-1323613184-858733312
-945683200-46400972817663744  499337216 981010688 14626841601944357632-1868936192-1387262720-905589248-42391577657757696  539431168 102110464015027781121984451584-1828842240-1347168768-865495296-38382182497851648  579525120 106119859215428720642024545536-1788748288-1307074816-82540134414225902081904263680-1909030144-1427356672
-1531100160-1032633088-534166016-35698944 462768128 961235200 14597022721958169344-1838330880-1339863808-841396736-342929664155537408 654004480 11524715521650938624-2145561600-1647094528-1148627456-650160384-151693312346773760 845240832 13437079041842174976-1954325248-1455858176-957391104-45892403212684659201766932992-2029567232
2144862976-1634843648-1119582976-604322304-89061632 426199040 941459712 14567203841971981056-1807725568-1292464896-777204224-261943552253317120 768577792 12838384641799099136-1980607488-1465346816-950086144-43482547280435200  595695872 111095654416262172162141477888-1638228736-1122968064-607707392-92446720 11143416321629602304
14922716162024325888-1738587136-1206532864-674478592-142424320389629952 921684224 14537384961985792768-1777120256-1245065984-713011712-180957440351096832 883151104 14152053761947259648-1815653376-1283599104-751544832-219490560312563712 844617984 13766722561908726528-1854186496-1322132224-790077952-258023680274030592 960217344 
   
P * G t

11440     28336     45232     62128     79024     95920     112816    129712    146608    163504    180400    197296    214192    231088    247984    264880    281776    298672    315568    332464    349360    366256    383152    400048    416944    433840    450736    467632    484528    501424    518320    535216    
1567920   28336     78000     127664    177328    226992    276656    326320    375984    425648    475312    524976    574640    624304    673968    723632    773296    822960    872624    922288    971952    1021616   1071280   1120944   1170608   1220272   1269936   1319600   1369264   1418928   1468592   1518256   
2518192   2600624   45232     127664    210096    292528    374960    457392    539824    622256    704688    787120    869552    951984    1034416   1116848   1199280   1281712   1364144   1446576   1529008   1611440   1693872   1776304   1858736   1941168   2023600   2106032   2188464   2270896   2353328   2435760   
3402928   3518128   3633328   62128     177328    292528    407728    522928    638128    753328    868528    983728    1098928   1214128   1329328   1444528   1559728   1674928   1790128   1905328   2020528   2135728   2250928   2366128   2481328   2596528   2711728   2826928   2942128   3057328   3172528   3287728   
4222128   4370096   4518064   4666032   79024     226992    374960    522928    670896    818864    966832    1114800   1262768   1410736   1558704   1706672   1854640   2002608   2150576   2298544   2446512   2594480   2742448   2890416   3038384   3186352   3334320   3482288   3630256   3778224   3926192   4074160   
4975792   5156528   5337264   5518000   5698736   95920     276656    457392    638128    818864    999600    1180336   1361072   1541808   1722544   1903280   2084016   2264752   2445488   2626224   2806960   2987696   3168432   3349168   3529904   3710640   3891376   4072112   4252848   4433584   4614320   4795056   
5663920   5877424   6090928   6304432   6517936   6731440   112816    326320    539824    753328    966832    1180336   1393840   1607344   1820848   2034352   2247856   2461360   2674864   2888368   3101872   3315376   3528880   3742384   3955888   4169392   4382896   4596400   4809904   5023408   5236912   5450416   
6286512   6532784   6779056   7025328   7271600   7517872   7764144   129712    375984    622256    868528    1114800   1361072   1607344   1853616   2099888   2346160   2592432   2838704   3084976   3331248   3577520   3823792   4070064   4316336   4562608   4808880   5055152   5301424   5547696   5793968   6040240   
6843568   7122608   7401648   7680688   7959728   8238768   8517808   8796848   146608    425648    704688    983728    1262768   1541808   1820848   2099888   2378928   2657968   2937008   3216048   3495088   3774128   4053168   4332208   4611248   4890288   5169328   5448368   5727408   6006448   6285488   6564528   
7335088   7646896   7958704   8270512   8582320   8894128   9205936   9517744   9829552   163504    475312    787120    1098928   1410736   1722544   2034352   2346160   2657968   2969776   3281584   3593392   3905200   4217008   4528816   4840624   5152432   5464240   5776048   6087856   6399664   6711472   7023280   
7761072   8105648   8450224   8794800   9139376   9483952   9828528   10173104  10517680  10862256  180400    524976    869552    1214128   1558704   1903280   2247856   2592432   2937008   3281584   3626160   3970736   4315312   4659888   5004464   5349040   5693616   6038192   6382768   6727344   7071920   7416496   
8121520   8498864   8876208   9253552   9630896   10008240  10385584  10762928  11140272  11517616  11894960  197296    574640    951984    1329328   1706672   2084016   2461360   2838704   3216048   3593392   3970736   4348080   4725424   5102768   5480112   5857456   6234800   6612144   6989488   7366832   7744176   
8416432   8826544   9236656   9646768   10056880  10466992  10877104  11287216  11697328  12107440  12517552  12927664  214192    624304    1034416   1444528   1854640   2264752   2674864   3084976   3495088   3905200   4315312   4725424   5135536   5545648   5955760   6365872   6775984   7186096   7596208   8006320   
8645808   9088688   9531568   9974448   10417328  10860208  11303088  11745968  12188848  12631728  13074608  13517488  13960368  231088    673968    1116848   1559728   2002608   2445488   2888368   3331248   3774128   4217008   4659888   5102768   5545648   5988528   6431408   6874288   7317168   7760048   8202928   
8809648   9285296   9760944   10236592  10712240  11187888  11663536  12139184  12614832  13090480  13566128  14041776  14517424  14993072  247984    723632    1199280   1674928   2150576   2626224   3101872   3577520   4053168   4528816   5004464   5480112   5955760   6431408   6907056   7382704   7858352   8334000   
8907952   9416368   9924784   10433200  10941616  11450032  11958448  12466864  12975280  13483696  13992112  14500528  15008944  15517360  16025776  264880    773296    1281712   1790128   2298544   2806960   3315376   3823792   4332208   4840624   5349040   5857456   6365872   6874288   7382704   7891120   8399536   
8940720   9481904   10023088  10564272  11105456  11646640  12187824  12729008  13270192  13811376  14352560  14893744  15434928  15976112  16517296  17058480  281776    822960    1364144   1905328   2446512   2987696   3528880   4070064   4611248   5152432   5693616   6234800   6775984   7317168   7858352   8399536   
8907952   9481904   10055856  10629808  11203760  11777712  12351664  12925616  13499568  14073520  14647472  15221424  15795376  16369328  16943280  17517232  18091184  298672    872624    1446576   2020528   2594480   3168432   3742384   4316336   4890288   5464240   6038192   6612144   7186096   7760048   8334000   
8809648   9416368   10023088  10629808  11236528  11843248  12449968  13056688  13663408  14270128  14876848  15483568  16090288  16697008  17303728  17910448  18517168  19123888  315568    922288    1529008   2135728   2742448   3349168   3955888   4562608   5169328   5776048   6382768   6989488   7596208   8202928   
8645808   9285296   9924784   10564272  11203760  11843248  12482736  13122224  13761712  14401200  15040688  15680176  16319664  16959152  17598640  18238128  18877616  19517104  20156592  332464    971952    1611440   2250928   2890416   3529904   4169392   4808880   5448368   6087856   6727344   7366832   8006320   
8416432   9088688   9760944   10433200  11105456  11777712  12449968  13122224  13794480  14466736  15138992  15811248  16483504  17155760  17828016  18500272  19172528  19844784  20517040  21189296  349360    1021616   1693872   2366128   3038384   3710640   4382896   5055152   5727408   6399664   7071920   7744176   
8121520   8826544   9531568   10236592  10941616  11646640  12351664  13056688  13761712  14466736  15171760  15876784  16581808  17286832  17991856  18696880  19401904  20106928  20811952  21516976  22222000  366256    1071280   1776304   2481328   3186352   3891376   4596400   5301424   6006448   6711472   7416496   
7761072   8498864   9236656   9974448   10712240  11450032  12187824  12925616  13663408  14401200  15138992  15876784  16614576  17352368  18090160  18827952  19565744  20303536  21041328  21779120  22516912  23254704  383152    1120944   1858736   2596528   3334320   4072112   4809904   5547696   6285488   7023280   
7335088   8105648   8876208   9646768   10417328  11187888  11958448  12729008  13499568  14270128  15040688  15811248  16581808  17352368  18122928  18893488  19664048  20434608  21205168  21975728  22746288  23516848  24287408  400048    1170608   1941168   2711728   3482288   4252848   5023408   5793968   6564528   
6843568   7646896   8450224   9253552   10056880  10860208  11663536  12466864  13270192  14073520  14876848  15680176  16483504  17286832  18090160  18893488  19696816  20500144  21303472  22106800  22910128  23713456  24516784  25320112  416944    1220272   2023600   2826928   3630256   4433584   5236912   6040240   
6286512   7122608   7958704   8794800   9630896   10466992  11303088  12139184  12975280  13811376  14647472  15483568  16319664  17155760  17991856  18827952  19664048  20500144  21336240  22172336  23008432  23844528  24680624  25516720  26352816  433840    1269936   2106032   2942128   3778224   4614320   5450416   
5663920   6532784   7401648   8270512   9139376   10008240  10877104  11745968  12614832  13483696  14352560  15221424  16090288  16959152  17828016  18696880  19565744  20434608  21303472  22172336  23041200  23910064  24778928  25647792  26516656  27385520  450736    1319600   2188464   3057328   3926192   4795056   
4975792   5877424   6779056   7680688   8582320   9483952   10385584  11287216  12188848  13090480  13992112  14893744  15795376  16697008  17598640  18500272  19401904  20303536  21205168  22106800  23008432  23910064  24811696  25713328  26614960  27516592  28418224  467632    1369264   2270896   3172528   4074160   
4222128   5156528   6090928   7025328   7959728   8894128   9828528   10762928  11697328  12631728  13566128  14500528  15434928  16369328  17303728  18238128  19172528  20106928  21041328  21975728  22910128  23844528  24778928  25713328  26647728  27582128  28516528  29450928  484528    1418928   2353328   3287728   
3402928   4370096   5337264   6304432   7271600   8238768   9205936   10173104  11140272  12107440  13074608  14041776  15008944  15976112  16943280  17910448  18877616  19844784  20811952  21779120  22746288  23713456  24680624  25647792  26614960  27582128  28549296  29516464  30483632  501424    1468592   2435760   
2518192   3518128   4518064   5518000   6517936   7517872   8517808   9517744   10517680  11517616  12517552  13517488  14517424  15517360  16517296  17517232  18517168  19517104  20517040  21516976  22516912  23516848  24516784  25516720  26516656  27516592  28516528  29516464  30516400  31516336  518320    1518256   
1567920   2600624   3633328   4666032   5698736   6731440   7764144   8796848   9829552   10862256  11894960  12927664  13960368  14993072  16025776  17058480  18091184  19123888  20156592  21189296  22222000  23254704  24287408  25320112  26352816  27385520  28418224  29450928  30483632  31516336  32549040  535216    

190409472 470297344 750185216 1030073088130996096015898488321869736704-2145342720-1865454848-1585566976-1305679104-1025791232-745903360-466015488-18612761693760256  373648128 653536000 933423872 1213311744149319961617730874882052975360-1962104064-1682216192-1402328320-1122440448-842552576-562664704-282776832-2888960  276998912 
122866432 556894976 1374178048-2103506176-1286223104-468940032348343040 11656261121982909184-1494775040-677491968139791104 957074176 1774357248-1703326976-886043904-68760832 748522240 1565805312-1911878912-1094595840-277312768539970304 1357253376-2120430848-1303147776-485864704331418368 11487014401965984512-1511699712-694416640
-1385944320-31266048 923380480 -2016908544-662230272692448000 2047126272-893162752461515520 1816193792-1124095232230583040 1585261312-1355027712-349440   1354328832-1585960192-2312819201123396352-1816892672-462214400892463872 -2047825152-693146880661531392 2016209664-924079360430598912 1785277184-1155011840199666432 1554344704
325421824 -2077472000-1853985281289865984-1113027840779045632 -1623848192268225280 -2134668544-2425950721649478400-7534154241138658048-1264235776627837696 -1775056128117017344 2009090816-3938030081498270464-904623360987450112 -1415443712476629760 -1926264064-34190592 1857882880-5450109441347062528-1055831296836242176 -1566651648
961997568 -9035010561525967616-3395310081656351488-209147136-2074645760354822912 -1510675712918792960 -9467056641482763008-3827356162046733056181234432 -1684264192745204480 -11202941441309174528-55632409618731445767645952   -1857852672571616000 -12938826241135586048-7299125761699556096-165942528-2031441152398027520 -1467471104
523782912 -804320512-2132423936834439936 -4936634882022836992694733568 -633369856-19614732801005390592-322712832-16508162561316047616-12055808 -13401592321626704640298601216 -10295022081937361664609258240 -718845184-2046948608919915264 -408188160-17362915841230572288-97531136 -14256345601541229312213125888 -11149775361851886336
-989222144-17799303681724328704933620480 142912256 -647795968-19056448001598614272807906048 17197824  -773510400-156421862419400404481149332224358624000 -432084224-1222792448-20135006721490758400700050176 -90658048 -881366272-167207449618321845761041476352250768128 -539940096-1330648320-21213565441382902528592194304 -198513920
717949696 464636672 211323648 -41989376 -295302400-548615424-801928448-1539159296-1792472320-20457853441995868928174255590414892428801235929856982616832 729303808 475990784 222677760 -30635264 -283948288-537261312-790574336-1043887360-1297200384-1550513408-1803826432-20571394561984514816173120179214778887681224575744971262720 
135033113616344133121918495488-2092389632-1808307456-1524225280-1240143104-956060928-1172673792-888591616-604509440-320427264-36345088 247737088 531819264 815901440 1099983616138406579216681479681952230144-2058654976-1774572800-1490490624-1206408448-922326272-638244096-354161920-70079744 214002432 498084608 782166784 1066248960
907922176 1729399552-1744090368-922612992-101135616720341760 1541819136-1931670784-1110193408-80618828815289088  836766464 1658243840-1815246080-993768704-172291328649186048 1470663424-2002826496-1181349120-359871744461605632 12830830082104560384-1368929536-547452160274025216 10955025921916979968-1556509952-73503257686444800  
-609277184749595392 2108467968-827626752531245824 1890118400-1045976320312896256 1671768832-1264325888-439702784919169792 -2016924928-658052352700820224 2059692800-876401920482470656 1841343232-1094751488264121088 1622993664-131310105645771520  1404644096-1531450624-1725780481186294528-1749800192-390927616967944960 -1968149760
1093700352-1304999168591268608 -180743091288836864  1985104640-4135948801482672896-916026624980241152 -1418458368-73217280 1823050496-5756490241320618752-1078080768818187008 -1580512512315755264 -2082944256-1866764801709591296-6891082241207159552-1191539968704727808 -1693971712202296064 2098563840-3001356801596132096-802567424
1721887488-139416832-2000721152432941824 -14283624961005300480-8560038401577659136-283645184-2144949504288713472 -1572590848293268224 -1568036096865626880 -9956774401437985536-4233187842010344192149039872 -1712264448721398528 -11399057921293757184-56754713618661158404811520   -1856492800577170176 -12841341441149528832-711775488
1275284224-48624896 -13725340161598524160274615040 -10492940801921764096597854976 -726054144-2049963264921094912 -402814208-1726723328659753728 -664155392-1988064512982993664 -340915456-16648245761306233600-17675520 -13415846401629473536305564416 -10183447041952713472628804352 -695104768-2019013888952044288 -371864832-1695773952
-246109440-1032623360-18191372801689316096902802176 116288256 -670225664-145673958420517137921265199872478685952 -307827968-1094341888-18808558081026239232239725312 -546788608-1333302528-21198164481388636928602123008 -184390912-970904832-17574187521751034624964520704 178006784 -608507136-139502105621134323201326918400540404480 
14526737921203555072954436352 705317632 456198912 207080192 -42038528 -291157248-540275968-789394688-1038513408-1287632128-1536750848-1785869568-203498828813927247361143606016894487296 645368576 396249856 147131136 -101987584-351106304-600225024-849343744-1098462464-1347581184-1596699904-1845818624-209493734419509112321701792512
2076666624-1930024192-1641747712-1353471232-1065194752-776918272-488641792-20036531287911168  376187648 664464128 952740608 124101708815292935681817570048210584652817592102402047486720-1959204096-1670927616-1382651136-1094374656-806098176-517821696-22954521658731264  347007744 635284224 923560704 121183718415001136641788390144
1625869056-1843426560-1017754880-192083200633588480 1459260160-2010035456-1184363776-358692096466979584 12926512642118322944-1350972672-525300992300370688 112604236819517140482125695744-1343599872-517928192307743488 11334151681959086848-1510208768-684537088141134592 966806272 1792477952-1676817664-851145984-25474304 800197376 
100281088 1463347968-1468552448-1054855681257581312-1674319104-3112522241051814656-1880085760-517018880846048000 -2085852416-722785536640281344 2003348224-928552192434514688 1797581568-1802786048-439719168923347712 -2008552704-645485824717581056 2080647936-851252480511814400 1874881280-1057019136306047744 1669114624-1262785792
1794870016-5996352001300826880-1093678336806783744 -1587721472312740608 -2081764608-1813025281719159552-6753456641225116416-1169388800731073280 -1663431936237030144 2137492224-2570129921643449088-1436300544464161536 -1930343680-29881600 1870580480-5239247361376537344-1017967872882494208 -1512011008388451072 -2006054144-105592064
-1880298752557558528 -12995514881138305792-7188042241719053056-138056960-1995166976442690304 -14144197121023437568-8336724481604184832-252925184-2110035200327822080 -1529287936908569344 -9485406721489316608-10698150401368042240-489067776194878950491679488  -1765430528672426752 -11846832641253174016-6039360001833921280-23188736 
1959676672639961856 -679752960-1999467776975784704 -343930112-16636449281311607552-8107264  -13278220801647430400327715584 -9919992321983253248663538432 -656176384-1975891200999361280 -320353536-16400683521335184128-703329536-2023044352952208128 -367506688-16872215041288030976-31683840 -13513986561623853824304139008 -1015575808
429894400 -352425216-1134744832-19170644481595583232813263616 30944000  -751375616-153369523219789524481196632832414313216 -368006400-1150326016-19326456321580002048797682432 15362816  -766956800-154927641619633712641181051648-336844032-1119163648-19014832641611164416828844800 46525184  -735794432-151811404819945336321212214016
21202890241875364608163044019213855157761140591360895666944 650742528 405818112 160893696 -84030720 -328955136-573879552-818803968-1063728384-1308652800-1553577216-1798501632-20434260482006616832176169241615167680001271843584102691916829641472  -215282944-460207360-705131776-950056192-1194980608-1439905024-1684829440-1929753856
-1559074048-1266603264-974132480-681661696-389190912-96720128 195750656 488221440 780692224 1073163008136563379216581045761950575360-2051921152-1759450368-1466979584-1174508800-882038016-589567232-297096448-4625664  287845120 580315904 872786688 396126976 688597760 981068544 127353932815660101121858480896-2144015616-1851544832
-2018260224-1188394240-358528256471337728 13012037122131069696-1334031616-504165632325700352 11555663361985432320-1479668992-649803008180062976 10099289601839794944-1625306368-79544038434425600  864291584 1694157568-1770943744-941077760-111211776718654208 762612480 1592478464-1872622848-1042756864-212890880616975104 1446841088
742730496 2109991680-817714432549546752 1916807936-1010898176356363008 1723624192-1204081920163179264 1530440448-1397265664-30004480 1337256704-1590449408-2231882241144072960-1783633152-416371968950889216 -1976816896-609555712757705472 2124966656-802739456564521728 1129097984-1798608128-431346944935914240 -1991791872-624530688
-186603648038619904  1943276288-4470346241457621760-932689152971967232 -1418343680486312704 -1903998208658176    1905314560-4849963521419660032-970650880934005504 -1456305408448350976 -1941959936-37303552 1867352832-5229580801381698304-1008612608896043776 -1494267136410389248 1495583488-8947274241009928960-1380381952524274432 
-12546265601187425024-6654906881776560896-76354816 -1929270528512781056 -13401346561101916928-7509987841691052800-161862912-2014778624427272960 -14256427521016408832-8365068801605544704-247371008-2100286720341764864 -1511150848930900736 -9220149761520036608-3328791042109172480256256768 18620689929153280   -1843762432598289152 
-17180070401261439744-54080768 -13696012801609845504294324992 -10211955201958251264642730752 -672789760-1988310272991136512 -324384000-1639904512133954227224021760  -12914987521687948032372427520 -9430929922036353792720833280 -594687232-19102077441069239040-246281472-15618019841417644800102124288 -2066412800913033984 -402486528
1038789376260664064 -517461248-1295586560-20737118721443130112665004800 -113120512-891245824-166937113618474708481069345536291220224 -486905088-1265030400-20431557121473686272695560960 -82564352 -860689664-163881497618780270081099901696321776384 -456348928-1234474240-20125995521504242432726117120 -52008192 -16999272961816914688
-1574171904-1814902016-205563212819986050561757874944151714483212764147201035684608794954496 554224384 313494272 72764160  -167965952-408696064-649426176-890156288-1130886400-1371616512-1612346624-1853076736-20938068481960430336171970022414789701121238240000997509888 756779776 516049664 275319552 34589440  -206140672-1333441792
   
P t * G

10697760  10713664  10729568  10745472  10761376  10777280  10793184  10809088  10824992  10840896  10856800  10872704  10888608  10904512  10920416  10936320  10952224  10968128  10984032  10999936  11015840  11031744  11047648  11063552  11079456  11095360  11111264  11127168  11143072  11158976  11174880  11190784  
11207680  10713664  10729600  10745536  10761472  10777408  10793344  10809280  10825216  10841152  10857088  10873024  10888960  10904896  10920832  10936768  10952704  10968640  10984576  11000512  11016448  11032384  11048320  11064256  11080192  11096128  11112064  11128000  11143936  11159872  11175808  11191744  
11208608  11224576  10729568  10745536  10761504  10777472  10793440  10809408  10825376  10841344  10857312  10873280  10889248  10905216  10921184  10937152  10953120  10969088  10985056  11001024  11016992  11032960  11048928  11064896  11080864  11096832  11112800  11128768  11144736  11160704  11176672  11192640  
11209472  11225472  11241472  10745472  10761472  10777472  10793472  10809472  10825472  10841472  10857472  10873472  10889472  10905472  10921472  10937472  10953472  10969472  10985472  11001472  11017472  11033472  11049472  11065472  11081472  11097472  11113472  11129472  11145472  11161472  11177472  11193472  
11210272  11226304  11242336  11258368  10761376  10777408  10793440  10809472  10825504  10841536  10857568  10873600  10889632  10905664  10921696  10937728  10953760  10969792  10985824  11001856  11017888  11033920  11049952  11065984  11082016  11098048  11114080  11130112  11146144  11162176  11178208  11194240  
11211008  11227072  11243136  11259200  11275264  10777280  10793344  10809408  10825472  10841536  10857600  10873664  10889728  10905792  10921856  10937920  10953984  10970048  10986112  11002176  11018240  11034304  11050368  11066432  11082496  11098560  11114624  11130688  11146752  11162816  11178880  11194944  
11211680  11227776  11243872  11259968  11276064  11292160  10793184  10809280  10825376  10841472  10857568  10873664  10889760  10905856  10921952  10938048  10954144  10970240  10986336  11002432  11018528  11034624  11050720  11066816  11082912  11099008  11115104  11131200  11147296  11163392  11179488  11195584  
11212288  11228416  11244544  11260672  11276800  11292928  11309056  10809088  10825216  10841344  10857472  10873600  10889728  10905856  10921984  10938112  10954240  10970368  10986496  11002624  11018752  11034880  11051008  11067136  11083264  11099392  11115520  11131648  11147776  11163904  11180032  11196160  
11212832  11228992  11245152  11261312  11277472  11293632  11309792  11325952  10824992  10841152  10857312  10873472  10889632  10905792  10921952  10938112  10954272  10970432  10986592  11002752  11018912  11035072  11051232  11067392  11083552  11099712  11115872  11132032  11148192  11164352  11180512  11196672  
11213312  11229504  11245696  11261888  11278080  11294272  11310464  11326656  11342848  10840896  10857088  10873280  10889472  10905664  10921856  10938048  10954240  10970432  10986624  11002816  11019008  11035200  11051392  11067584  11083776  11099968  11116160  11132352  11148544  11164736  11180928  11197120  
11213728  11229952  11246176  11262400  11278624  11294848  11311072  11327296  11343520  11359744  10856800  10873024  10889248  10905472  10921696  10937920  10954144  10970368  10986592  11002816  11019040  11035264  11051488  11067712  11083936  11100160  11116384  11132608  11148832  11165056  11181280  11197504  
11214080  11230336  11246592  11262848  11279104  11295360  11311616  11327872  11344128  11360384  11376640  10872704  10888960  10905216  10921472  10937728  10953984  10970240  10986496  11002752  11019008  11035264  11051520  11067776  11084032  11100288  11116544  11132800  11149056  11165312  11181568  11197824  
11214368  11230656  11246944  11263232  11279520  11295808  11312096  11328384  11344672  11360960  11377248  11393536  10888608  10904896  10921184  10937472  10953760  10970048  10986336  11002624  11018912  11035200  11051488  11067776  11084064  11100352  11116640  11132928  11149216  11165504  11181792  11198080  
11214592  11230912  11247232  11263552  11279872  11296192  11312512  11328832  11345152  11361472  11377792  11394112  11410432  10904512  10920832  10937152  10953472  10969792  10986112  11002432  11018752  11035072  11051392  11067712  11084032  11100352  11116672  11132992  11149312  11165632  11181952  11198272  
11214752  11231104  11247456  11263808  11280160  11296512  11312864  11329216  11345568  11361920  11378272  11394624  11410976  11427328  10920416  10936768  10953120  10969472  10985824  11002176  11018528  11034880  11051232  11067584  11083936  11100288  11116640  11132992  11149344  11165696  11182048  11198400  
11214848  11231232  11247616  11264000  11280384  11296768  11313152  11329536  11345920  11362304  11378688  11395072  11411456  11427840  11444224  10936320  10952704  10969088  10985472  11001856  11018240  11034624  11051008  11067392  11083776  11100160  11116544  11132928  11149312  11165696  11182080  11198464  
11214880  11231296  11247712  11264128  11280544  11296960  11313376  11329792  11346208  11362624  11379040  11395456  11411872  11428288  11444704  11461120  10952224  10968640  10985056  11001472  11017888  11034304  11050720  11067136  11083552  11099968  11116384  11132800  11149216  11165632  11182048  11198464  
11214848  11231296  11247744  11264192  11280640  11297088  11313536  11329984  11346432  11362880  11379328  11395776  11412224  11428672  11445120  11461568  11478016  10968128  10984576  11001024  11017472  11033920  11050368  11066816  11083264  11099712  11116160  11132608  11149056  11165504  11181952  11198400  
11214752  11231232  11247712  11264192  11280672  11297152  11313632  11330112  11346592  11363072  11379552  11396032  11412512  11428992  11445472  11461952  11478432  11494912  10984032  11000512  11016992  11033472  11049952  11066432  11082912  11099392  11115872  11132352  11148832  11165312  11181792  11198272  
11214592  11231104  11247616  11264128  11280640  11297152  11313664  11330176  11346688  11363200  11379712  11396224  11412736  11429248  11445760  11462272  11478784  11495296  11511808  10999936  11016448  11032960  11049472  11065984  11082496  11099008  11115520  11132032  11148544  11165056  11181568  11198080  
11214368  11230912  11247456  11264000  11280544  11297088  11313632  11330176  11346720  11363264  11379808  11396352  11412896  11429440  11445984  11462528  11479072  11495616  11512160  11528704  11015840  11032384  11048928  11065472  11082016  11098560  11115104  11131648  11148192  11164736  11181280  11197824  
11214080  11230656  11247232  11263808  11280384  11296960  11313536  11330112  11346688  11363264  11379840  11396416  11412992  11429568  11446144  11462720  11479296  11495872  11512448  11529024  11545600  11031744  11048320  11064896  11081472  11098048  11114624  11131200  11147776  11164352  11180928  11197504  
11213728  11230336  11246944  11263552  11280160  11296768  11313376  11329984  11346592  11363200  11379808  11396416  11413024  11429632  11446240  11462848  11479456  11496064  11512672  11529280  11545888  11562496  11047648  11064256  11080864  11097472  11114080  11130688  11147296  11163904  11180512  11197120  
11213312  11229952  11246592  11263232  11279872  11296512  11313152  11329792  11346432  11363072  11379712  11396352  11412992  11429632  11446272  11462912  11479552  11496192  11512832  11529472  11546112  11562752  11579392  11063552  11080192  11096832  11113472  11130112  11146752  11163392  11180032  11196672  
11212832  11229504  11246176  11262848  11279520  11296192  11312864  11329536  11346208  11362880  11379552  11396224  11412896  11429568  11446240  11462912  11479584  11496256  11512928  11529600  11546272  11562944  11579616  11596288  11079456  11096128  11112800  11129472  11146144  11162816  11179488  11196160  
11212288  11228992  11245696  11262400  11279104  11295808  11312512  11329216  11345920  11362624  11379328  11396032  11412736  11429440  11446144  11462848  11479552  11496256  11512960  11529664  11546368  11563072  11579776  11596480  11613184  11095360  11112064  11128768  11145472  11162176  11178880  11195584  
11211680  11228416  11245152  11261888  11278624  11295360  11312096  11328832  11345568  11362304  11379040  11395776  11412512  11429248  11445984  11462720  11479456  11496192  11512928  11529664  11546400  11563136  11579872  11596608  11613344  11630080  11111264  11128000  11144736  11161472  11178208  11194944  
11211008  11227776  11244544  11261312  11278080  11294848  11311616  11328384  11345152  11361920  11378688  11395456  11412224  11428992  11445760  11462528  11479296  11496064  11512832  11529600  11546368  11563136  11579904  11596672  11613440  11630208  11646976  11127168  11143936  11160704  11177472  11194240  
11210272  11227072  11243872  11260672  11277472  11294272  11311072  11327872  11344672  11361472  11378272  11395072  11411872  11428672  11445472  11462272  11479072  11495872  11512672  11529472  11546272  11563072  11579872  11596672  11613472  11630272  11647072  11663872  11143072  11159872  11176672  11193472  
11209472  11226304  11243136  11259968  11276800  11293632  11310464  11327296  11344128  11360960  11377792  11394624  11411456  11428288  11445120  11461952  11478784  11495616  11512448  11529280  11546112  11562944  11579776  11596608  11613440  11630272  11647104  11663936  11680768  11158976  11175808  11192640  
11208608  11225472  11242336  11259200  11276064  11292928  11309792  11326656  11343520  11360384  11377248  11394112  11410976  11427840  11444704  11461568  11478432  11495296  11512160  11529024  11545888  11562752  11579616  11596480  11613344  11630208  11647072  11663936  11680800  11697664  11174880  11191744  
11207680  11224576  11241472  11258368  11275264  11292160  11309056  11325952  11342848  11359744  11376640  11393536  11410432  11427328  11444224  11461120  11478016  11494912  11511808  11528704  11545600  11562496  11579392  11596288  11613184  11630080  11646976  11663872  11680768  11697664  11714560  11190784  

-647601664-29738496052831744  403048448 753265152 110348185614536985601803915264-2140835328-1790618624-1440401920-1090185216-739968512-389751808-39535104 310681600 660898304 1011115008136133171217115484162061765120-1882985472-1532768768-1182552064-832335360-482118656-131901952218314752 568531456 918748160 12689648641619181568
1899069440-383982592-33241088 317500416 668241920 1018983424136972492817204664322071207936-1873017856-1522276352-1171534848-820793344-470051840-119310336231431168 582172672 932914176 128365568016343971841985138688-1959087104-1608345600-1257604096-906862592-556121088-205379584145361920 496103424 846844928 11975864321548327936
1827691008-2116009984-120363520230902784 582169088 933435392 128470169616359680001987234304-1956466688-1605200384-1253934080-902667776-551401472-200135168151131136 502397440 853663744 120493004815561963521907462656-2036238336-1684972032-1333705728-982439424-631173120-27990681671359488  422625792 773892096 11251584001476424704
17552629762107054080-1836122112143255552 495046656 846837760 119862886415504199681902211072-2040965120-1689174016-1337382912-985591808-633800704-28200960069781504  421572608 773363712 112515481614769459201828737024-2114439168-1762648064-1410856960-1059065856-707274752-355483648-3692544  348098560 699889664 10516807681403471872
16817853442034101248-1908550144-1556234240406874624 759190528 111150643214638223361816138240-2126513152-1774197248-1421881344-1069565440-717249536-364933632-12617728 339698176 692014080 1044329984139664588817489617922101277696-1841373696-1489057792-1136741888-784425984-432110080-79794176 272521728 624837632 977153536 1329469440
16072581121960098816-1982027776-1629187072-1276346368670493696 1023334400137617510417290158082081856512-1860270080-1507429376-1154588672-801747968-448907264-96066560 256774144 609614848 962455552 131529625616681369602020977664-1921148928-1568308224-1215467520-862626816-509786112-156945408195895296 548736000 901576704 1254417408
15316812801885046784-2056555008-1703189504-1349824000-996458496934112768 128747827216408437761994209280-1947392512-1594027008-1240661504-887296000-533930496-180564992172800512 526166016 879531520 123289702415862625281939628032-2001973760-1648608256-1295242752-941877248-588511744-235146240118219264 471584768 824950272 1178315776
14550548481808945152-2132131840-1778241536-1424351232-1070460928-716570624119773184015516221441905512448-2035564544-1681674240-1327783936-973893632-620003328-26611302487777280  441667584 795557888 114944819215033384961857228800-2083848192-1729957888-1376067584-1022177280-668286976-31439667239493632  393383936 747274240 1101164544
137737881617317939202086209024-1854343168-1499928064-1145512960-791097856-43668275214613509121815766016-2124786176-1770371072-1415955968-1061540864-707125760-3527106561704448   356119552 710534656 1064949760141936486417737799682128195072-1812357120-1457942016-1103526912-749111808-394696704-40281600 314133504 668548608 1022963712
129865318416535930882008532992-1931494400-1576554496-1221614592-866674688-511734784-15679488017249699842079909888-1860117504-1505177600-1150237696-795297792-440357888-85417984 269521920 624461824 979401728 133434163216892815362044221440-1895805952-1540866048-1185926144-830986240-476046336-121106432233833472 588773376 943713280 
121887795215743426561929807360-2009695232-1654230528-1298765824-943301120-587836416-232371712123092992 1988589056-1950913536-1595448832-1239984128-884519424-529054720-173590016181874688 537339392 892804096 124826880016037335041959198208-1980304384-1624839680-1269374976-913910272-558445568-202980864152483840 507948544 863413248 
113805312014940426241850032128-2088945664-1732956160-1376966656-1020977152-664987648-30899814446991360  402980864 -2042759168-1686769664-1330780160-974790656-618801152-26281164893177856  449167360 805156864 116114636815171358721873125376-2065852416-1709862912-1353873408-997883904-641894400-28590489670084608  426074112 782063616 
1056178688141269299217692072962125721600-1812731392-1456217088-1099702784-743188480-386674176-30159872 326354432 682868736 -1779140096-1422625792-1066111488-709597184-3530828803431424   359945728 716460032 1072974336142948864017860029442142517248-1795935744-1439421440-1082907136-726392832-369878528-13364224 343150080 699664384 
973254656 133029376016873328642044371968-1893556224-1536517120-1179478016-822438912-465399808-108360704248678400 605717504 962756608 -1515521024-1158481920-801442816-444403712-87364608 269674496 626713600 983752704 134079180816978309122054870016-1883058176-1526019072-1168979968-811940864-454901760-97862656 259176448 616215552 
889281024 124684492816044088321961972736-1975430656-1617866752-1260302848-902738944-545175040-187611136169952768 527516672 885080576 1242644480-1251901952-894338048-536774144-179210240178353664 535917568 893481472 125104537616086092801966173184-1971230208-1613666304-1256102400-898538496-540974592-183410688174153216 531717120 
804257792 116234649615204352001878523904-2058354688-1700265984-1342177280-984088576-625999872-26791116890177536  448266240 806354944 11644436481522532352-988282880-630194176-27210547285983232  444071936 802160640 116024934415183380481876426752-2060451840-1702363136-1344274432-986185728-628097024-27000832088080384  446169088 
718184960 107679846414354119681794025472-2142328320-1783714816-1425101312-1066487808-707874304-3492608009352704   367966208 726579712 108519321614438067201802420224-724663808-366050304-7436800  351176704 709790208 1068403712142701721617856307202144244224-1792109568-1433496064-1074882560-716269056-357655552957952    359571456 
631062528 990200832 134933913617084774402067615744-1868213248-1509074944-1149936640-790798336-431660032-72521728 286616576 645754880 1004893184136403148817231697922082308096-461044736-101906432257231872 616370176 975508480 133464678416937850882052923392-1882905600-1523767296-1164628992-805490688-446352384-87214080 271924224 
542890496 902553600 126221670416218798081981542912-1953761280-1594098176-1234435072-874771968-515108864-155445760204217344 563880448 923543552 128320665616428697602002532864-1932771328-197425664162237440 521900544 881563648 124122675216008898561960552960-1974751232-1615088128-1255425024-895761920-536098816-176435712183227392 
453668864 813856768 117404467215342325761894420480-2040358912-1680171008-1319983104-959795200-599607296-239419392120768512 480956416 841144320 120133222415615201281921708032-2013071360-165288345666193408  426381312 786569216 114675712015069450241867132928-2067646464-1707458560-1347270656-987082752-626894848-26670694493480960  
363397632 724110336 108482304014455357441806248448-2128006144-1767293440-1406580736-1045868032-685155328-32444262436270080  396982784 757695488 111840819214791208961839833600-2094420992-1733708288-1372995584329812480 690525184 1051237888141195059217726632962133376000-1800878592-1440165888-1079453184-718740480-3580277762684928   
272076800 633314304 994551808 135578931217170268162078264320-1855465472-1494227968-1132990464-771752960-410515456-49277952 311959552 673197056 1034434560139567206417569095682118147072-1815582720-1454345216-1093107712593431552 954669056 131590656016771440642038381568-1895348224-1534110720-1172873216-811635712-450398208-89160704 
179706368 541468672 903230976 126499328016267555841988517888-1944687104-1582924800-1221162496-859400192-497637888-135875584225886720 587649024 949411328 131117363216729359362034698240-1898506752-1536744448-1174982144-813219840857050624 121881292815805752321942337536-1990867456-1629105152-1267342848-905580544-543818240-182055936
86286336  448573440 810860544 117314764815354347521897721856-2034958336-1672671232-1310384128-948097024-585809920-223522816138764288 501051392 863338496 122562560015879127041950199808-1982480384-1620193280-1257906176-895619072-533331968112066969614829568001845243904-2087436288-1725149184-1362862080-1000574976-638287872-276000768
-8183296  354628608 717440512 108025241614430643201805876224-2126279168-1763467264-1400655360-1037843456-675031552-31221964850592256  413404160 776216064 113902796815018398721864651776-2067503616-1704691712-1341879808-979067904-616256000-253444096138428876817471006722109912576-1822242816-1459430912-1096619008-733807104-370995200
-103702528259634176 622970880 986307584 134964428817129809922076317696-1855312896-1491976192-1128639488-765302784-401966080-38629376 324707328 688044032 1051380736141471744017780541442141390848-1790239744-1426903040-1063566336-700229632-33689292826443776  16479078402011244544-1920386048-1557049344-1193712640-830375936-467039232
-200271360163590144 527451648 891313152 125517465616190361601982897664-1948208128-1584346624-1220485120-856623616-492762112-128900608234960896 598822400 962683904 132654540816904069122054268416-1876837376-1512975872-1149114368-785252864-421391360-57529856 306331648 1911526912-2019578880-1655717376-1291855872-927994368-564132864
-29788979266496512  430882816 795269120 115965542415240417281888428032-2042152960-1677766656-1313380352-948994048-584607744-220221440144164864 508551168 872937472 123732377616017100801966096384-1964484608-1600098304-1235712000-871325696-506939392-142553088221833216 586219520 -2119821312-1755435008-1391048704-1026662400-662276096
-396557824-31646720 333264384 698175488 106308659214279976961792908800-2137147392-1772236288-1407325184-1042414080-677502976-31259187252319232  417230336 782141440 114705254415119636481876874752-2053181440-1688270336-1323359232-958448128-593537024-228625920136285184 501196288 866107392 -1856202240-1491291136-1126380032-761468928
-496275456-130839552234596352 600032256 965468160 133090406416963399682061775872-1867755520-1502319616-1136883712-771447808-406011904-40576000 324859904 690295808 105573171214211676161786603520-2142927872-1777491968-1412056064-1046620160-681184256-31574835249687552  415123456 780559360 1145995264-1592583168-1227147264-861711360
-597042688-231081984134878720 500839424 866800128 123276083215987215361964682240-1964324352-1598363648-1232402944-866442240-500481536-134520832231439872 597400576 963361280 132932198416952826882061243392-1867763200-1501802496-1135841792-769881088-403920384-37959680 328001024 693961728 10599224321425883136-1328964096-963003392
-698859520-33237401634111488  400596992 767082496 113356800015000535041866539008-2061942784-1695457280-1328971776-962486272-596000768-229515264136970240 503455744 869941248 123642675216029122561969397760-1959084032-1592598528-1226113024-859627520-493142016-126656512239828992 606314496 972800000 13392855041705771008-1065345024
    
P t * G t

349712    858640    1367568   1876496   2385424   2894352   3403280   3912208   4421136   4930064   5438992   5947920   6456848   6965776   7474704   7983632   8492560   9001488   9510416   10019344  10528272  11037200  11546128  12055056  12563984  13072912  13581840  14090768  14599696  15108624  15617552  16126480  
16158752  350240    860192    1370144   1880096   2390048   2900000   3409952   3919904   4429856   4939808   5449760   5959712   6469664   6979616   7489568   7999520   8509472   9019424   9529376   10039328  10549280  11059232  11569184  12079136  12589088  13099040  13608992  14118944  14628896  15138848  15648800  
15680048  16191024  350768    861744    1372720   1883696   2394672   2905648   3416624   3927600   4438576   4949552   5460528   5971504   6482480   6993456   7504432   8015408   8526384   9037360   9548336   10059312  10570288  11081264  11592240  12103216  12614192  13125168  13636144  14147120  14658096  15169072  
15199296  15711296  16223296  351296    863296    1375296   1887296   2399296   2911296   3423296   3935296   4447296   4959296   5471296   5983296   6495296   7007296   7519296   8031296   8543296   9055296   9567296   10079296  10591296  11103296  11615296  12127296  12639296  13151296  13663296  14175296  14687296  
14716496  15229520  15742544  16255568  351824    864848    1377872   1890896   2403920   2916944   3429968   3942992   4456016   4969040   5482064   5995088   6508112   7021136   7534160   8047184   8560208   9073232   9586256   10099280  10612304  11125328  11638352  12151376  12664400  13177424  13690448  14203472  
14231648  14745696  15259744  15773792  16287840  352352    866400    1380448   1894496   2408544   2922592   3436640   3950688   4464736   4978784   5492832   6006880   6520928   7034976   7549024   8063072   8577120   9091168   9605216   10119264  10633312  11147360  11661408  12175456  12689504  13203552  13717600  
13744752  14259824  14774896  15289968  15805040  16320112  352880    867952    1383024   1898096   2413168   2928240   3443312   3958384   4473456   4988528   5503600   6018672   6533744   7048816   7563888   8078960   8594032   9109104   9624176   10139248  10654320  11169392  11684464  12199536  12714608  13229680  
13255808  13771904  14288000  14804096  15320192  15836288  16352384  353408    869504    1385600   1901696   2417792   2933888   3449984   3966080   4482176   4998272   5514368   6030464   6546560   7062656   7578752   8094848   8610944   9127040   9643136   10159232  10675328  11191424  11707520  12223616  12739712  
12764816  13281936  13799056  14316176  14833296  15350416  15867536  16384656  353936    871056    1388176   1905296   2422416   2939536   3456656   3973776   4490896   5008016   5525136   6042256   6559376   7076496   7593616   8110736   8627856   9144976   9662096   10179216  10696336  11213456  11730576  12247696  
12271776  12789920  13308064  13826208  14344352  14862496  15380640  15898784  16416928  354464    872608    1390752   1908896   2427040   2945184   3463328   3981472   4499616   5017760   5535904   6054048   6572192   7090336   7608480   8126624   8644768   9162912   9681056   10199200  10717344  11235488  11753632  
11776688  12295856  12815024  13334192  13853360  14372528  14891696  15410864  15930032  16449200  354992    874160    1393328   1912496   2431664   2950832   3470000   3989168   4508336   5027504   5546672   6065840   6585008   7104176   7623344   8142512   8661680   9180848   9700016   10219184  10738352  11257520  
11279552  11799744  12319936  12840128  13360320  13880512  14400704  14920896  15441088  15961280  16481472  355520    875712    1395904   1916096   2436288   2956480   3476672   3996864   4517056   5037248   5557440   6077632   6597824   7118016   7638208   8158400   8678592   9198784   9718976   10239168  10759360  
10780368  11301584  11822800  12344016  12865232  13386448  13907664  14428880  14950096  15471312  15992528  16513744  356048    877264    1398480   1919696   2440912   2962128   3483344   4004560   4525776   5046992   5568208   6089424   6610640   7131856   7653072   8174288   8695504   9216720   9737936   10259152  
10279136  10801376  11323616  11845856  12368096  12890336  13412576  13934816  14457056  14979296  15501536  16023776  16546016  356576    878816    1401056   1923296   2445536   2967776   3490016   4012256   4534496   5056736   5578976   6101216   6623456   7145696   7667936   8190176   8712416   9234656   9756896   
9775856   10299120  10822384  11345648  11868912  12392176  12915440  13438704  13961968  14485232  15008496  15531760  16055024  16578288  357104    880368    1403632   1926896   2450160   2973424   3496688   4019952   4543216   5066480   5589744   6113008   6636272   7159536   7682800   8206064   8729328   9252592   
9270528   9794816   10319104  10843392  11367680  11891968  12416256  12940544  13464832  13989120  14513408  15037696  15561984  16086272  16610560  357632    881920    1406208   1930496   2454784   2979072   3503360   4027648   4551936   5076224   5600512   6124800   6649088   7173376   7697664   8221952   8746240   
8763152   9288464   9813776   10339088  10864400  11389712  11915024  12440336  12965648  13490960  14016272  14541584  15066896  15592208  16117520  16642832  358160    883472    1408784   1934096   2459408   2984720   3510032   4035344   4560656   5085968   5611280   6136592   6661904   7187216   7712528   8237840   
8253728   8780064   9306400   9832736   10359072  10885408  11411744  11938080  12464416  12990752  13517088  14043424  14569760  15096096  15622432  16148768  16675104  358688    885024    1411360   1937696   2464032   2990368   3516704   4043040   4569376   5095712   5622048   6148384   6674720   7201056   7727392   
7742256   8269616   8796976   9324336   9851696   10379056  10906416  11433776  11961136  12488496  13015856  13543216  14070576  14597936  15125296  15652656  16180016  16707376  359216    886576    1413936   1941296   2468656   2996016   3523376   4050736   4578096   5105456   5632816   6160176   6687536   7214896   
7228736   7757120   8285504   8813888   9342272   9870656   10399040  10927424  11455808  11984192  12512576  13040960  13569344  14097728  14626112  15154496  15682880  16211264  16739648  359744    888128    1416512   1944896   2473280   3001664   3530048   4058432   4586816   5115200   5643584   6171968   6700352   
6713168   7242576   7771984   8301392   8830800   9360208   9889616   10419024  10948432  11477840  12007248  12536656  13066064  13595472  14124880  14654288  15183696  15713104  16242512  16771920  360272    889680    1419088   1948496   2477904   3007312   3536720   4066128   4595536   5124944   5654352   6183760   
6195552   6725984   7256416   7786848   8317280   8847712   9378144   9908576   10439008  10969440  11499872  12030304  12560736  13091168  13621600  14152032  14682464  15212896  15743328  16273760  16804192  360800    891232    1421664   1952096   2482528   3012960   3543392   4073824   4604256   5134688   5665120   
5675888   6207344   6738800   7270256   7801712   8333168   8864624   9396080   9927536   10458992  10990448  11521904  12053360  12584816  13116272  13647728  14179184  14710640  15242096  15773552  16305008  16836464  361328    892784    1424240   1955696   2487152   3018608   3550064   4081520   4612976   5144432   
5154176   5686656   6219136   6751616   7284096   7816576   8349056   8881536   9414016   9946496   10478976  11011456  11543936  12076416  12608896  13141376  13673856  14206336  14738816  15271296  15803776  16336256  16868736  361856    894336    1426816   1959296   2491776   3024256   3556736   4089216   4621696   
4630416   5163920   5697424   6230928   6764432   7297936   7831440   8364944   8898448   9431952   9965456   10498960  11032464  11565968  12099472  12632976  13166480  13699984  14233488  14766992  15300496  15834000  16367504  16901008  362384    895888    1429392   1962896   2496400   3029904   3563408   4096912   
4104608   4639136   5173664   5708192   6242720   6777248   7311776   7846304   8380832   8915360   9449888   9984416   10518944  11053472  11588000  12122528  12657056  13191584  13726112  14260640  14795168  15329696  15864224  16398752  16933280  362912    897440    1431968   1966496   2501024   3035552   3570080   
3576752   4112304   4647856   5183408   5718960   6254512   6790064   7325616   7861168   8396720   8932272   9467824   10003376  10538928  11074480  11610032  12145584  12681136  13216688  13752240  14287792  14823344  15358896  15894448  16430000  16965552  363440    898992    1434544   1970096   2505648   3041200   
3046848   3583424   4120000   4656576   5193152   5729728   6266304   6802880   7339456   7876032   8412608   8949184   9485760   10022336  10558912  11095488  11632064  12168640  12705216  13241792  13778368  14314944  14851520  15388096  15924672  16461248  16997824  363968    900544    1437120   1973696   2510272   
2514896   3052496   3590096   4127696   4665296   5202896   5740496   6278096   6815696   7353296   7890896   8428496   8966096   9503696   10041296  10578896  11116496  11654096  12191696  12729296  13266896  13804496  14342096  14879696  15417296  15954896  16492496  17030096  364496    902096    1439696   1977296   
1980896   2519520   3058144   3596768   4135392   4674016   5212640   5751264   6289888   6828512   7367136   7905760   8444384   8983008   9521632   10060256  10598880  11137504  11676128  12214752  12753376  13292000  13830624  14369248  14907872  15446496  15985120  16523744  17062368  365024    903648    1442272   
1444848   1984496   2524144   3063792   3603440   4143088   4682736   5222384   5762032   6301680   6841328   7380976   7920624   8460272   8999920   9539568   10079216  10618864  11158512  11698160  12237808  12777456  13317104  13856752  14396400  14936048  15475696  16015344  16554992  17094640  365552    905200    
906752    1447424   1988096   2528768   3069440   3610112   4150784   4691456   5232128   5772800   6313472   6854144   7394816   7935488   8476160   9016832   9557504   10098176  10638848  11179520  11720192  12260864  12801536  13342208  13882880  14423552  14964224  15504896  16045568  16586240  17126912  366080    

190409472 556894976 923380480 128986598416563514882022836992-1905644800-1539159296-1172673792-806188288-439702784-73217280 293268224 659753728 1026239232139272473617592102402125695744-1802786048-1436300544-1069815040-703329536-33684403229641472  396126976 762612480 112909798414955834881862068992-2066412800-1699927296-1333441792
-1574171904470297344 1374178048-2016908544-1113027840-209147136694733568 1598614272-1792472320-88859161615289088  919169792 1823050496-1568036096-664155392239725312 11436060162047486720-1343599872-439719168464161536 1368042240-2023044352-1119163648-215282944688597760 1592478464-1798608128-8947274249153280   913033984 1816914688
1038789376-1814902016750185216 -2103506176-662230272779045632 -2074645760-633369856807906048 -2045785344-604509440836766464 -2016924928-575649024865626880 -1988064512-546788608894487296 -1959204096-517928192923347712 -1930343680-489067776952208128 -1901483264-460207360981068544 -1872622848-4313469441009928960-1843762432-402486528
-1718007040260664064 -20556321281030073088-1286223104692448000 -1623848192354822912 -196147328017197824  1995868928-3204272641658243840-6580523521320618752-995677440982993664 -1333302528645368576 -1670927616307743488 -2008552704-29881600 1948789504-3675066881611164416-7051317761273539328-1042756864935914240 -1380381952598289152 
-12546265601261439744-51746124819986050561309960960-4689400322047126272268225280 -15106757121005390592-7735104001742555904-36345088 -1815246080700820224 -10780807681437985536-340915456-2119816448396249856 -13826511361133415168-645485824187058048091679488  -1687221504828844800 -9500561921566010112-212890880-1991791872524274432 
-18660364801187425024-54080768 -129558656017578749441589848832348343040 -893162752-2134668544918792960 -322712832-15642186241489242880247737088 -9937687042059692800818187008 -423318784-16648245761388636928147131136 -10943746561959086848717581056 -523924736-1765430528128803097646525184  -11949806081858480896616975104 -624530688
742730496 38619904  -665490688-1369601280-2073711872151714483218697367041165626112461515520 -242595072-946705664-165081625619400404481235929856531819264 -172291328-876401920-158051251220103441921306233600602123008 -101987584-806098176-151020876820806479361376537344672426752 -31683840 -735794432-1439905024-21440156161446841088
-2018260224210999168019432762881776560896160984550414431301121276414720-2145342720198290918418161937921649478400148276300813160476161149332224982616832 815901440 649186048 482470656 315755264 149039872 -17675520 -184390912-351106304-517821696-684537088-851252480-1017967872-1184683264-1351398656-1518114048-1684829440-1851544832
-1559074048-1188394240-817714432-447034624-76354816 294324992 665004800 1035684608-1865454848-1494775040-1124095232-753415424-382735616-12055808 358624000 729303808 109998361614706634241841343232-2082944256-1712264448-1341584640-970904832-600225024-229545216141134592 511814400 882494208 125317401616238538241994533632-1929753856
2120289024-1266603264-358528256549546752 1457621760-1929270528-1021195520-113120512794954496 -1585566976-677491968230583040 11386580482046733056-1340159232-432084224475990784 1384065792-2002826496-1094751488-186676480721398528 1629473536-1757418752-84934374458731264  966806272 1874881280-1512011008-603936000304139008 1212214016
429894400 1875364608-974132480471337728 1916807936-932689152512781056 1958251264-891245824554224384 -1305679104139791104 1585261312-1264235776181234432 1626704640-1222792448222677760 1668147968-1181349120264121088 1709591296-1139905792305564416 1751034624-1098462464347007744 1792477952-1057019136388451072 1833921280-1015575808
1959676672-3524252161630440192-6816616961301203712-1010898176971967232 -1340134656642730752 -1669371136313494272 -1025791232957074176 -1355027712627837696 -1684264192298601216 -2013500672-30635264 1952230144-3598717441622993664-6891082241293757184-1018344704964520704 -1347581184635284224 -1676817664306047744 -2006054144-23188736 
-1880298752639961856 -11347448321385515776-3891909122131069696356363008 -14183436801101916928-672789760184747084872764160  -7459033601774357248-349440   -1775056128745204480 -10295022081490758400-283948288-2058654976461605632 -13131010561207159552-5675471361952713472178006784 -1596699904923560704 -8511459841669114624-105592064
1794870016557558528 -679752960-19170644481140591360-96720128 -13340316161723624192486312704 -750998784-19883102721069345536-167965952-466015488-17033269761354328832117017344 -11202941441937361664700050176 -537261312-1774572800128308300845771520  -11915399681866115840628804352 -608507136-18458186241211837184-25474304 -1262785792
100281088 -599635200-1299551488-19994677761595583232895666944 195750656 -504165632-1204081920-19039982081691052800991136512 291220224 -408696064-186127616-886043904-158596019220090908161309174528609258240 -90658048 -790574336-149049062421045603841404644096704727808 4811520   -695104768-1395021056-20949373441500113664800197376 
1625869056146334796813008268801138305792975784704 813263616 650742528 488221440 325700352 163179264 658176    -161862912-324384000-486905088-64942617693760256  -68760832 -231281920-393803008-556324096-718845184-881366272-1043887360-1206408448-1368929536-1531450624-1693971712-1856492800-2019013888211343232019509112321788390144
2076666624-1843426560-1468552448-1093678336-718804224-34393011230944000  405818112 780692224 115556633615304404481905314560-2014778624-1639904512-1265030400-890156288373648128 748522240 112339635214982704641873144576-2046948608-1672074496-1297200384-922326272-547452160-172578048202296064 577170176 952044288 13269184001701792512
1452673792-1930024192-1017754880-105485568806783744 1719053056-1663644928-751375616160893696 10731630081985432320-1397265664-484996352427272960 1339542272-2043155712-1130886400653536000 1565805312-1816892672-9046233607645952   919915264 1832184576-1550513408-638244096274025216 11862945282098563840-1284134144-371864832540404480 
-2461094401203555072-1641747712-1920832001257581312-1587721472-1380569601311607552-1533695232-84030720 1365633792-1479668992-30004480 1419660032-142564275224021760  1473686272-1371616512933423872 -1911878912-462214400987450112 -1857852672-4081881601041476352-1803826432-3541619201095502592-1749800192-3001356801149528832-1695773952
1275284224-1032623360954436352 -1353471232633588480 -1674319104312740608 -1995166976-8107264  1978952448-3289551361658104576-6498030081337256704-9706508801016408832-1291498752695560960 -16123466241213311744-1094595840892463872 -1415443712571616000 -1736291584250768128 -2057139456-70079744 1916979968-3909276161596132096-711775488
1721887488-48624896 -1819137280705317632 -10651947521459260160-311252224-2081764608442690304 -13278220801196632832-5738795521950575360180062976 -1590449408934005504 -8365068801687948032-82564352 -18530767361493199616-277312768-2047825152476629760 -12938826241230572288-5399400961984514816214002432 -1556509952967944960 -802567424
1093700352-139416832-13725340161689316096456198912 -776918272-20100354561051814656-181302528-14144197121647430400414313216 -818803968-20519211521009928960-223188224-14563054081605544704372427520 -860689664-20938068481773087488539970304 -693146880-19262640641135586048-97531136 -13306483201731201792498084608 -735032576-1968149760
-609277184-1304999168-20007211521598524160902802176 207080192 -488641792-1184363776-188008576017191595521023437568327715584 -368006400-1063728384-175945036818397949441144072960448350976 -247371008-943092992-1638814976196043033620529753601357253376661531392 -34190592 -729912576-1425634560-21213565441477888768782166784 86444800  
907922176 749595392 591268608 432941824 274615040 116288256 -42038528 -200365312-358692096-517018880-675345664-833672448-991999232-1150326016-1308652800-1466979584-1625306368-1783633152-1941959936-2100286720203635379218780270081719700224-1962104064-21204308482016209664185788288016995560961541229312138290252812245757441066248960
135033113617293995522108467968-1807430912-1428362496-1049294080-670225664-29115724887911168  466979584 846048000 122511641616041848321983253248-1932645632-1553577216-1174508800-795440384-416371968-37303552 341764864 720833280 10999016961478970112-1682216192-1303147776-924079360-545010944-165942528213125888 592194304 971262720 
717949696 1634413312-1744090368-82762675288836864  10053004801921764096-1456739584-540275968376187648 1292651264-2085852416-1169388800-252925184663538432 1580002048-1798501632-88203801634425600  950889216 1867352832-1511150848-594687232321776384 1238240000-1402328320-485864704430598912 1347062528-2031441152-1114977536-198513920
-989222144464636672 1918495488-922612992531245824 1985104640-856003840597854976 2051713792-789394688664464128 2118322944-722785536731073280 -2110035200-656176384797682432 -2043426048-589567232864291584 -1976816896-522958080930900736 -1910207744-456348928997509888 -1122440448331418368 1785277184-1055831296398027520 1851886336
523782912 -1779930368211323648 -2092389632-1011356161890118400-4135948801577659136-7260541441265199872-1038513408952740608 -1350972672640281344 -1663431936327822080 -197589120015362816  2006616832-2970964481694157568-6095557121381698304-9220149761069239040-1234474240756779776 -8425525761148701440-1155011840836242176 -1467471104
961997568 -8043205121724328704-41989376 -1808307456720341760 -10459763201482672896-283645184-2049963264478685952 -12876321281241017088-5253009922003348224237030144 -1529287936999361280 -7669568001761692416-4625664  -1770943744757705472 -10086126081520036608-246281472-2012599552516049664 -5626647041965984512199666432 -1566651648
325421824 -903501056-2132423936933620480 -295302400-15242252801541819136312896256 -916026624-2144949504921094912 -307827968-15367508481529293568300370688 -9285521922137492224908569344 -320353536-15492764161516768000287845120 -9410777602124966656896043776 -332879104-15618019841504242432275319552 -282776832-15116997121554344704
-1385944320-20774720001525967616834439936 142912256 -548615424-1240143104-19316707841671768832980241152 288713472 -402814208-1094341888-178586956818175700481126042368434514688 -257012992-948540672-164006835219633712641271843584580315904 -111211776-802739456-149426713621091724801417644800726117120 34589440  -2888960  -694416640
122866432 -31266048 -185398528-339531008-493663488-647795968-801928448-956060928-1110193408-1264325888-1418458368-1572590848-1726723328-1880855808-203498828821058465281951714048179758156816434490881489316608133518412811810516481026919168872786688 718654208 564521728 410389248 256256768 102124288 -52008192 -206140672276998912 
