Initial Data         3         4         5         6         7         8         9         10        11        12        13        14        15        16        17        18        19        20        21        22        23        24        25        26        27        28        29        30        31        32        33        
66        34        35        36        37        38        39        40        41        42        43        44        45        46        47        48        49        50        51        52        53        54        55        56        57        58        59        60        61        62        63        64        65        
98        99        67        68        69        70        71        72        73        74        75        76        77        78        79        80        81        82        83        84        85        86        87        88        89        90        91        92        93        94        95        96        97        
130       131       132       100       101       102       103       104       105       106       107       108       109       110       111       112       113       114       115       116       117       118       119       120       121       122       123       124       125       126       127       128       129       
162       163       164       165       133       134       135       136       137       138       139       140       141       142       143       144       145       146       147       148       149       150       151       152       153       154       155       156       157       158       159       160       161       
194       195       196       197       198       166       167       168       169       170       171       172       173       174       175       176       177       178       179       180       181       182       183       184       185       186       187       188       189       190       191       192       193       
226       227       228       229       230       231       199       200       201       202       203       204       205       206       207       208       209       210       211       212       213       214       215       216       217       218       219       220       221       222       223       224       225       
258       259       260       261       262       263       264       232       233       234       235       236       237       238       239       240       241       242       243       244       245       246       247       248       249       250       251       252       253       254       255       256       257       
290       291       292       293       294       295       296       297       265       266       267       268       269       270       271       272       273       274       275       276       277       278       279       280       281       282       283       284       285       286       287       288       289       
322       323       324       325       326       327       328       329       330       298       299       300       301       302       303       304       305       306       307       308       309       310       311       312       313       314       315       316       317       318       319       320       321       
354       355       356       357       358       359       360       361       362       363       331       332       333       334       335       336       337       338       339       340       341       342       343       344       345       346       347       348       349       350       351       352       353       
386       387       388       389       390       391       392       393       394       395       396       364       365       366       367       368       369       370       371       372       373       374       375       376       377       378       379       380       381       382       383       384       385       
418       419       420       421       422       423       424       425       426       427       428       429       397       398       399       400       401       402       403       404       405       406       407       408       409       410       411       412       413       414       415       416       417       
450       451       452       453       454       455       456       457       458       459       460       461       462       430       431       432       433       434       435       436       437       438       439       440       441       442       443       444       445       446       447       448       449       
482       483       484       485       486       487       488       489       490       491       492       493       494       495       463       464       465       466       467       468       469       470       471       472       473       474       475       476       477       478       479       480       481       
514       515       516       517       518       519       520       521       522       523       524       525       526       527       528       496       497       498       499       500       501       502       503       504       505       506       507       508       509       510       511       512       513       
546       547       548       549       550       551       552       553       554       555       556       557       558       559       560       561       529       530       531       532       533       534       535       536       537       538       539       540       541       542       543       544       545       
578       579       580       581       582       583       584       585       586       587       588       589       590       591       592       593       594       562       563       564       565       566       567       568       569       570       571       572       573       574       575       576       577       
610       611       612       613       614       615       616       617       618       619       620       621       622       623       624       625       626       627       595       596       597       598       599       600       601       602       603       604       605       606       607       608       609       
642       643       644       645       646       647       648       649       650       651       652       653       654       655       656       657       658       659       660       628       629       630       631       632       633       634       635       636       637       638       639       640       641       
674       675       676       677       678       679       680       681       682       683       684       685       686       687       688       689       690       691       692       693       661       662       663       664       665       666       667       668       669       670       671       672       673       
706       707       708       709       710       711       712       713       714       715       716       717       718       719       720       721       722       723       724       725       726       694       695       696       697       698       699       700       701       702       703       704       705       
738       739       740       741       742       743       744       745       746       747       748       749       750       751       752       753       754       755       756       757       758       759       727       728       729       730       731       732       733       734       735       736       737       
770       771       772       773       774       775       776       777       778       779       780       781       782       783       784       785       786       787       788       789       790       791       792       760       761       762       763       764       765       766       767       768       769       
802       803       804       805       806       807       808       809       810       811       812       813       814       815       816       817       818       819       820       821       822       823       824       825       793       794       795       796       797       798       799       800       801       
834       835       836       837       838       839       840       841       842       843       844       845       846       847       848       849       850       851       852       853       854       855       856       857       858       826       827       828       829       830       831       832       833       
866       867       868       869       870       871       872       873       874       875       876       877       878       879       880       881       882       883       884       885       886       887       888       889       890       891       859       860       861       862       863       864       865       
898       899       900       901       902       903       904       905       906       907       908       909       910       911       912       913       914       915       916       917       918       919       920       921       922       923       924       892       893       894       895       896       897       
930       931       932       933       934       935       936       937       938       939       940       941       942       943       944       945       946       947       948       949       950       951       952       953       954       955       956       957       925       926       927       928       929       
962       963       964       965       966       967       968       969       970       971       972       973       974       975       976       977       978       979       980       981       982       983       984       985       986       987       988       989       990       958       959       960       961       
994       995       996       997       998       999       1000      1001      1002      1003      1004      1005      1006      1007      1008      1009      1010      1011      1012      1013      1014      1015      1016      1017      1018      1019      1020      1021      1022      1023      991       992       993       
1026      1027      1028      1029      1030      1031      1032      1033      1034      1035      1036      1037      1038      1039      1040      1041      1042      1043      1044      1045      1046      1047      1048      1049      1050      1051      1052      1053      1054      1055      1056      1024      1025      
1058      1059      1060      1061      1062      1063      1064      1065      1066      1067      1068      1069      1070      1071      1072      1073      1074      1075      1076      1077      1078      1079      1080      1081      1082      1083      1084      1085      1086      1087      1088      1089      1057      
  
P * G

395505    396066    396627    397188    397749    398310    398871    399432    399993    400554    401115    401676    402237    402798    403359    403920    404481    405042    405603    406164    406725    407286    407847    408408    408969    409530    410091    410652    411213    411774    412335    412896    413457    
1024386   971586    973236    974886    976536    978186    979836    981486    983136    984786    986436    988086    989736    991386    993036    994686    996336    997986    999636    1001286   1002936   1004586   1006236   1007886   1009536   1011186   1012836   1014486   1016136   1017786   1019436   1021086   1022736   
1632576   1635315   1547667   1550406   1553145   1555884   1558623   1561362   1564101   1566840   1569579   1572318   1575057   1577796   1580535   1583274   1586013   1588752   1591491   1594230   1596969   1599708   1602447   1605186   1607925   1610664   1613403   1616142   1618881   1621620   1624359   1627098   1629837   
2238588   2242416   2246244   2123748   2127576   2131404   2135232   2139060   2142888   2146716   2150544   2154372   2158200   2162028   2165856   2169684   2173512   2177340   2181168   2184996   2188824   2192652   2196480   2200308   2204136   2207964   2211792   2215620   2219448   2223276   2227104   2230932   2234760   
2842422   2847339   2852256   2857173   2699829   2704746   2709663   2714580   2719497   2724414   2729331   2734248   2739165   2744082   2748999   2753916   2758833   2763750   2768667   2773584   2778501   2783418   2788335   2793252   2798169   2803086   2808003   2812920   2817837   2822754   2827671   2832588   2837505   
3444078   3450084   3456090   3462096   3468102   3275910   3281916   3287922   3293928   3299934   3305940   3311946   3317952   3323958   3329964   3335970   3341976   3347982   3353988   3359994   3366000   3372006   3378012   3384018   3390024   3396030   3402036   3408042   3414048   3420054   3426060   3432066   3438072   
4043556   4050651   4057746   4064841   4071936   4079031   3851991   3859086   3866181   3873276   3880371   3887466   3894561   3901656   3908751   3915846   3922941   3930036   3937131   3944226   3951321   3958416   3965511   3972606   3979701   3986796   3993891   4000986   4008081   4015176   4022271   4029366   4036461   
4640856   4649040   4657224   4665408   4673592   4681776   4689960   4428072   4436256   4444440   4452624   4460808   4468992   4477176   4485360   4493544   4501728   4509912   4518096   4526280   4534464   4542648   4550832   4559016   4567200   4575384   4583568   4591752   4599936   4608120   4616304   4624488   4632672   
5235978   5245251   5254524   5263797   5273070   5282343   5291616   5300889   5004153   5013426   5022699   5031972   5041245   5050518   5059791   5069064   5078337   5087610   5096883   5106156   5115429   5124702   5133975   5143248   5152521   5161794   5171067   5180340   5189613   5198886   5208159   5217432   5226705   
5828922   5839284   5849646   5860008   5870370   5880732   5891094   5901456   5911818   5580234   5590596   5600958   5611320   5621682   5632044   5642406   5652768   5663130   5673492   5683854   5694216   5704578   5714940   5725302   5735664   5746026   5756388   5766750   5777112   5787474   5797836   5808198   5818560   
6419688   6431139   6442590   6454041   6465492   6476943   6488394   6499845   6511296   6522747   6156315   6167766   6179217   6190668   6202119   6213570   6225021   6236472   6247923   6259374   6270825   6282276   6293727   6305178   6316629   6328080   6339531   6350982   6362433   6373884   6385335   6396786   6408237   
7008276   7020816   7033356   7045896   7058436   7070976   7083516   7096056   7108596   7121136   7133676   6732396   6744936   6757476   6770016   6782556   6795096   6807636   6820176   6832716   6845256   6857796   6870336   6882876   6895416   6907956   6920496   6933036   6945576   6958116   6970656   6983196   6995736   
7594686   7608315   7621944   7635573   7649202   7662831   7676460   7690089   7703718   7717347   7730976   7744605   7308477   7322106   7335735   7349364   7362993   7376622   7390251   7403880   7417509   7431138   7444767   7458396   7472025   7485654   7499283   7512912   7526541   7540170   7553799   7567428   7581057   
8178918   8193636   8208354   8223072   8237790   8252508   8267226   8281944   8296662   8311380   8326098   8340816   8355534   7884558   7899276   7913994   7928712   7943430   7958148   7972866   7987584   8002302   8017020   8031738   8046456   8061174   8075892   8090610   8105328   8120046   8134764   8149482   8164200   
8760972   8776779   8792586   8808393   8824200   8840007   8855814   8871621   8887428   8903235   8919042   8934849   8950656   8966463   8460639   8476446   8492253   8508060   8523867   8539674   8555481   8571288   8587095   8602902   8618709   8634516   8650323   8666130   8681937   8697744   8713551   8729358   8745165   
9340848   9357744   9374640   9391536   9408432   9425328   9442224   9459120   9476016   9492912   9509808   9526704   9543600   9560496   9577392   9036720   9053616   9070512   9087408   9104304   9121200   9138096   9154992   9171888   9188784   9205680   9222576   9239472   9256368   9273264   9290160   9307056   9323952   
9918546   9936531   9954516   9972501   9990486   10008471  10026456  10044441  10062426  10080411  10098396  10116381  10134366  10152351  10170336  10188321  9612801   9630786   9648771   9666756   9684741   9702726   9720711   9738696   9756681   9774666   9792651   9810636   9828621   9846606   9864591   9882576   9900561   
10494066  10513140  10532214  10551288  10570362  10589436  10608510  10627584  10646658  10665732  10684806  10703880  10722954  10742028  10761102  10780176  10799250  10188882  10207956  10227030  10246104  10265178  10284252  10303326  10322400  10341474  10360548  10379622  10398696  10417770  10436844  10455918  10474992  
11067408  11087571  11107734  11127897  11148060  11168223  11188386  11208549  11228712  11248875  11269038  11289201  11309364  11329527  11349690  11369853  11390016  11410179  10764963  10785126  10805289  10825452  10845615  10865778  10885941  10906104  10926267  10946430  10966593  10986756  11006919  11027082  11047245  
11638572  11659824  11681076  11702328  11723580  11744832  11766084  11787336  11808588  11829840  11851092  11872344  11893596  11914848  11936100  11957352  11978604  11999856  12021108  11341044  11362296  11383548  11404800  11426052  11447304  11468556  11489808  11511060  11532312  11553564  11574816  11596068  11617320  
12207558  12229899  12252240  12274581  12296922  12319263  12341604  12363945  12386286  12408627  12430968  12453309  12475650  12497991  12520332  12542673  12565014  12587355  12609696  12632037  11917125  11939466  11961807  11984148  12006489  12028830  12051171  12073512  12095853  12118194  12140535  12162876  12185217  
12774366  12797796  12821226  12844656  12868086  12891516  12914946  12938376  12961806  12985236  13008666  13032096  13055526  13078956  13102386  13125816  13149246  13172676  13196106  13219536  13242966  12493206  12516636  12540066  12563496  12586926  12610356  12633786  12657216  12680646  12704076  12727506  12750936  
13338996  13363515  13388034  13412553  13437072  13461591  13486110  13510629  13535148  13559667  13584186  13608705  13633224  13657743  13682262  13706781  13731300  13755819  13780338  13804857  13829376  13853895  13069287  13093806  13118325  13142844  13167363  13191882  13216401  13240920  13265439  13289958  13314477  
13901448  13927056  13952664  13978272  14003880  14029488  14055096  14080704  14106312  14131920  14157528  14183136  14208744  14234352  14259960  14285568  14311176  14336784  14362392  14388000  14413608  14439216  14464824  13645368  13670976  13696584  13722192  13747800  13773408  13799016  13824624  13850232  13875840  
14461722  14488419  14515116  14541813  14568510  14595207  14621904  14648601  14675298  14701995  14728692  14755389  14782086  14808783  14835480  14862177  14888874  14915571  14942268  14968965  14995662  15022359  15049056  15075753  14221449  14248146  14274843  14301540  14328237  14354934  14381631  14408328  14435025  
15019818  15047604  15075390  15103176  15130962  15158748  15186534  15214320  15242106  15269892  15297678  15325464  15353250  15381036  15408822  15436608  15464394  15492180  15519966  15547752  15575538  15603324  15631110  15658896  15686682  14797530  14825316  14853102  14880888  14908674  14936460  14964246  14992032  
15575736  15604611  15633486  15662361  15691236  15720111  15748986  15777861  15806736  15835611  15864486  15893361  15922236  15951111  15979986  16008861  16037736  16066611  16095486  16124361  16153236  16182111  16210986  16239861  16268736  16297611  15373611  15402486  15431361  15460236  15489111  15517986  15546861  
16129476  16159440  16189404  16219368  16249332  16279296  16309260  16339224  16369188  16399152  16429116  16459080  16489044  16519008  16548972  16578936  16608900  16638864  16668828  16698792  16728756  16758720  16788684  16818648  16848612  16878576  16908540  15949692  15979656  16009620  16039584  16069548  16099512  
16681038  16712091  16743144  16774197  16805250  16836303  16867356  16898409  16929462  16960515  16991568  17022621  17053674  17084727  17115780  17146833  17177886  17208939  17239992  17271045  17302098  17333151  17364204  17395257  17426310  17457363  17488416  17519469  16525773  16556826  16587879  16618932  16649985  
17230422  17262564  17294706  17326848  17358990  17391132  17423274  17455416  17487558  17519700  17551842  17583984  17616126  17648268  17680410  17712552  17744694  17776836  17808978  17841120  17873262  17905404  17937546  17969688  18001830  18033972  18066114  18098256  18130398  17101854  17133996  17166138  17198280  
17777628  17810859  17844090  17877321  17910552  17943783  17977014  18010245  18043476  18076707  18109938  18143169  18176400  18209631  18242862  18276093  18309324  18342555  18375786  18409017  18442248  18475479  18508710  18541941  18575172  18608403  18641634  18674865  18708096  18741327  17677935  17711166  17744397  
18322656  18356976  18391296  18425616  18459936  18494256  18528576  18562896  18597216  18631536  18665856  18700176  18734496  18768816  18803136  18837456  18871776  18906096  18940416  18974736  19009056  19043376  19077696  19112016  19146336  19180656  19214976  19249296  19283616  19317936  19352256  18254016  18288336  
18865506  18900915  18936324  18971733  19007142  19042551  19077960  19113369  19148778  19184187  19219596  19255005  19290414  19325823  19361232  19396641  19432050  19467459  19502868  19538277  19573686  19609095  19644504  19679913  19715322  19750731  19786140  19821549  19856958  19892367  19927776  19963185  18830097  

-1473518879-1460171006-1446823133-1433475260-1420127387-1406779514-1393431641-1380083768-1366735895-1353388022-1340040149-1326692276-1313344403-1299996530-1286648657-1273300784-1259952911-1246605038-1233257165-1219909292-1206561419-1193213546-1179865673-1166517800-1153169927-1139822054-1126474181-1113126308-1099778435-1086430562-1073082689-1059734816-1046386943
1458760034404886818 437820356 470753894 503687432 536620970 569554508 602488046 635421584 668355122 701288660 734222198 767155736 800089274 833022812 865956350 898889888 931823426 964756964 997690502 1030624040106355757810964911161129424654116235819211952917301228225268126115880612940923441327025882135995942013928929581425826496
-383579488-331060285-2011674781-1959155578-1906636375-1854117172-1801597969-1749078766-1696559563-1644040360-1591521157-1539001954-1486482751-1433963548-1381444345-1328925142-1276405939-1223886736-1171367533-1118848330-1066329127-1013809924-961290721-908771518-856252315-803733112-751213909-698694706-646175503-593656300-541137097-488617894-436098691
20298769562101981824-2120880604-133269084-61164216 10940652  83045520  155150388 227255256 299360124 371464992 443569860 515674728 587779596 659884464 731989332 804094200 876199068 948303936 10204088041092513672116461854012367234081308828276138093314414530380121525142880159724774816693526161741457484181356235218856672201957772088
109194774 200885307 292575840 384266373 17451366131836827146192851767920202082122111898745-2091378018-1999687485-1907996952-1816306419-1724615886-1632925353-1541234820-1449544287-1357853754-1266163221-1174472688-1082782155-991091622-899401089-807710556-716020023-624329490-532638957-440948424-349257891-257567358-165876825-74186292 17504241  
-1850658738-1739382540-1628106342-1516830144-1405553946-671424986-560148788-448872590-337596392-226320194-115043996-3767798  107508400 218784598 330060796 441336994 552613192 663889390 775165588 886441786 997717984 1108994182122027038013315465781442822776155409897416653751721776651370188792756819992037662110479964-2073211134-1961934936
445283716 576145579 707007442 837869305 968731168 109959303112069807111337842574146870443715995663001730428163186129002619921518892123013752-2041091681-1910229818-1779367955-1648506092-1517644229-1386782366-1255920503-1125058640-994196777-863334914-732473051-601611188-470749325-339887462-209025599-78163736 52698127  183559990 314421853 
-1592912456-1442464928-1292017400-1141569872-991122344-840674816-690227288-1209580888-1059133360-908685832-758238304-607790776-457343248-306895720-156448192-6000664  144446864 294894392 445341920 595789448 746236976 896684504 10471320321197579560134802708814984746161648922144179936967219498172002100264728-2044255040-1893807512-1743359984
624687338 794720531 964753724 11347869171304820110147485330316448864961814919689668824809 838858002 1008891195117892438813489575811518990774168902396718590571602029090353-2095843750-1925810557-1755777364-1585744171-1415710978-1245677785-1075644592-905611399-735578206-565545013-395511820-225478627-55445434 114587759 284620952 454654145 
-1491851494-1302232636-1112613778-922994920-733376062-543757204-354138346-16451948825099370  -1747736790-1558117932-1368499074-1178880216-989261358-799642500-610023642-420404784-230785926-41167068 148451790 338070648 527689506 717308364 906927222 109654608012861649381475783796166540265418550215122044640370-2060708068-1871089210-1681470352
647405640 856610163 106581468612750192091484223732169342825519026327782111837301-1973925472-1764720949130668907 339873430 549077953 758282476 967486999 11766915221385896045159510056818043050912013509614-2072253159-1863048636-1653844113-1444639590-1235435067-1026230544-817026021-607821498-398616975-18941245219792071  228996594 438201117 
-1547475852-1318685664-1089895476-861105288-632315100-403524912-17473472454055464  282845652 511635840 740426028 2009074604-2057102504-1828312316-1599522128-1370731940-1141941752-913151564-684361376-455571188-2267810002009188   230799376 459589564 688379752 917169940 11459601281374750316160354050418323306922061120880-2005056228-1776266040
513438622 761814475 10101903281258566181150694203417553178872003693740-2042897703-1794521850-1546145997-1297770144-1049394291-407486995-15911114289264711  337640564 586016417 834392270 10827681231331143976157951982918278956822076271535-1970319908-1721944055-1473568202-1225192349-976816496-728440643-480064790-23168893716686916  265062769 
-1759785530-1491824012-1223862494-955900976-687939458-419977940-152016422115945096 383906614 651868132 919829650 11877911681455752686147091870217388802202006841738-2020164040-1752202522-1484241004-1216279486-948317968-680356450-412394932-144433414123528104 391489622 659451140 927412658 1195374176146333569417312972121999258730-2027747048
222786284 510333467 797880650 1085427833137297501616605221991948069382-2059350731-1771803548-1484256365-1196709182-909161999-621614816-334067633-945642897-658095714-370548531-83001348 204545835 492093018 779640201 1067187384135473456716422817501929828933-2077591180-1790043997-1502496814-1214949631-927402448-639855265-352308082-64760899 
-2128780528-1821647680-1514514832-1207381984-900249136-593116288-28598344021149408  328282256 635415104 942547952 124968080015568136481863946496-2123887952932762800 123989564815470284961854161344-2133673104-1826540256-1519407408-1212274560-905141712-598008864-29087601616256832  323389680 630522528 937655376 124478822415519210721859053920
-224551374102167139 428885652 755604165 1082322678140904119117357597042062478217-1905770566-1579052053-1252333540-925615027-598896514-27217800154540512  381259025 -1483798799-1157080286-830361773-503643260-176924747149793766 476512279 803230792 1129949305145666781817833863312110104844-1858143939-1531425426-1204706913-877988400-551269887
16405064501986810628-1961852490-1615548312-1269244134-922939956-576635778-230331600115972578 462276756 808580934 115488511215011892901847493468-2101169650-1754865472-1408561294394606898 740911076 1087215254143351943217798236102126127788-1822535330-1476231152-1129926974-783622796-437318618-91014440 255289738 601593916 947898094 1294202272
-828574352-462684509-96794666 269095177 634985020 1000874863136676470617326545492098544392-1830533061-1464643218-1098753375-732863532-366973689-1083846  364805997 730695840 1096585683-2021954701-1656064858-1290175015-924285172-558395329-192505486173384357 539274200 905164043 127105388616369437292002833572-1926243881-1560354038-1194464195
958140812 134361632017290918282114567336-1794924452-1409448944-1023973436-638497928-253022420132453088 517928596 903404104 128887961216743551202059830628-1849661160-1464185652-1078710144-693234636-143549004241926504 627402012 101287752013983530281783828536-2125663252-1740187744-1354712236-969236728-583761220-198285712187189796 572665304 
-1589282650-1184221477-779160304-37409913130962042  436023215 841084388 124614556116512067342056267907-1833638216-1428577043-1023515870-618454697-213393524191667649 596728822 10017899951406851168181191234117348566932139917866-1749988257-1344927084-939865911-534804738-129743565275317608 680378781 108543995414905011271895562300-1994343823
119089854 543736692 968383530 13930303681817677206-2052643252-1627996414-1203349576-778702738-35405590070590938  495237776 919884614 13445314521769178290-2101142168-1676495330-1251848492-827201654-40255481622092022  -681704906-257058068167588770 592235608 101688244614415292841866176122-2004144336-1579497498-1154850660-730203822-305556984
1788291028-2062443765-1618211262-1173978759-729746256-285513753158718750 602951253 104718375614914162591935648762-1915086031-1470853528-1026621025-582388522-138156019306076484 750308987 119454149016387739932083006496-1767728297119670079116409332942085165797-1765568996-1321336493-877103990-43287148711361016  455593519 899826022 1344058525
-876646424-41282825650989912  514808080 978626248 14424444161906262584-1924886544-1461068376-997250208-533432040-69613872 394204296 858022464 13218406321785658800-2045490328-1581672160-1117853992-654035824-190217656273600512 737418680 -1219860808-756042640-292224472171593696 635411864 109923003215630482002026866368-1804282760-1340464592
714212090 11976159231681019756-2130543707-1647139874-1163736041-680332208-196928375286475458 769879291 12532831241736686957-2074876506-1591472673-1108068840-624665007-141261174342142659 825546492 13089503251792354158-2019209305-1535805472-1052401639658544889 114194872216253525552108756388-1702807075-1219403242-735999409-252595576230808257 
-2029068022-1526078524-1023089026-520099528-17110030 485879468 988868966 14918584641994847962-1797129836-1294140338-791150840-288161342214828156 717817654 12208071521723796650-2068181148-1565191650-1062202152-559212654-56223156 446766342 949755840 1452745338-1758016710-1255027212-752037714-249048216253941282 756930780 12599202781762909776
-5165521686022995   528598158 105117332115737484842096323647-1676068486-1153493323-630918160-108342997414232166 936807329 14593824921981957655-1790434478-1267859315-745284152-222708989299866174 822441337 13450165001867591663-1904800470-1382225307-859650144-337074981120388987 642964150 11655393131688114476-2084277657-1561702494-1039127331
956792356 14989531842041114012-1711692456-1169531628-627370800-85209972 456950856 999111684 15412725122083433340-1669373128-1127212300-585051472-42890644 499270184 104143101215835918402125752668-1627053800-1084892972-542732144-571316   541589512 10837503401625911168-21268953001998794684-1754011784-1211850956-669690128-127529300414631528 
-1904001746-1342255253-780508760-218762267342984226 904730719 14664772122028223705-1704997098-1143250605-581504112-19757619 541988874 11037353671665481860-2067738943-1505992450-944245957-382499464179247029 740993522 13027400151864486508-1868734295-1306987802-745241309-183494816378251677 -417766915143979578 705726071 12674725641829219057
-50899988272332276  653664434 12349965921816328750-1897306388-1315974230-734642072-153309914428022244 10093544021590686560-2122948578-1541616420-960284262-378952104202380054 783712212 13650443701946376528-1767258610-1185926452-604594294-23262136 558070022 11394021801720734338-1992900800-141156864214606387822041970940-1671664198-1090332040
846830652 14477484752048666298-1645383175-1044465352-443547529157370294 758288117 13592059401960123763-1733925710-1133007887-53209006468827759  669745582 12706634051871581228-1822468245-1221550422-620632599-19714776 581203047 11821208701783038693-1911010780-1310092957-709175134-108257311492660512 1093578335-955922817-355004994245912829 
-2131477440-1510973952-890470464-269966976350536512 971040000 1591543488-2082920320-1462416832-841913344-221409856399093632 10195971201640100608-2034363200-1413859712-793356224-172852736447650752 10681542401688657728-1985806080-1365302592-744799104-124295616496207872 11167113601737214848-1937248960-1316745472-696241984922482880 1542986368
-853989566-213900413426188740 10662778931706367046-1948511097-1308421944-668332791-28243638 611845515 12519346681892023821-1762854322-1122765169-482676016157413137 797502290 14375914432077680596-1577197547-937108394-297019241343069912 983159065 1623248218-2031629925-1391540772-751451619-111362466528726687 11688158401808904993-1494078719
   
P * G t

12529     31042     49555     68068     86581     105094    123607    142120    160633    179146    197659    216172    234685    253198    271711    290224    308737    327250    345763    364276    382789    401302    419815    438328    456841    475354    493867    512380    530893    549406    567919    586432    604945    
1773442   31042     85492     139942    194392    248842    303292    357742    412192    466642    521092    575542    629992    684442    738892    793342    847792    902242    956692    1011142   1065592   1120042   1174492   1228942   1283392   1337842   1392292   1446742   1501192   1555642   1610092   1664542   1718992   
2851552   2941939   49555     139942    230329    320716    411103    501490    591877    682264    772651    863038    953425    1043812   1134199   1224586   1314973   1405360   1495747   1586134   1676521   1766908   1857295   1947682   2038069   2128456   2218843   2309230   2399617   2490004   2580391   2670778   2761165   
3857788   3984112   4110436   68068     194392    320716    447040    573364    699688    826012    952336    1078660   1204984   1331308   1457632   1583956   1710280   1836604   1962928   2089252   2215576   2341900   2468224   2594548   2720872   2847196   2973520   3099844   3226168   3352492   3478816   3605140   3731464   
4792150   4954411   5116672   5278933   86581     248842    411103    573364    735625    897886    1060147   1222408   1384669   1546930   1709191   1871452   2033713   2195974   2358235   2520496   2682757   2845018   3007279   3169540   3331801   3494062   3656323   3818584   3980845   4143106   4305367   4467628   4629889   
5654638   5852836   6051034   6249232   6447430   105094    303292    501490    699688    897886    1096084   1294282   1492480   1690678   1888876   2087074   2285272   2483470   2681668   2879866   3078064   3276262   3474460   3672658   3870856   4069054   4267252   4465450   4663648   4861846   5060044   5258242   5456440   
6445252   6679387   6913522   7147657   7381792   7615927   123607    357742    591877    826012    1060147   1294282   1528417   1762552   1996687   2230822   2464957   2699092   2933227   3167362   3401497   3635632   3869767   4103902   4338037   4572172   4806307   5040442   5274577   5508712   5742847   5976982   6211117   
7163992   7434064   7704136   7974208   8244280   8514352   8784424   142120    412192    682264    952336    1222408   1492480   1762552   2032624   2302696   2572768   2842840   3112912   3382984   3653056   3923128   4193200   4463272   4733344   5003416   5273488   5543560   5813632   6083704   6353776   6623848   6893920   
7810858   8116867   8422876   8728885   9034894   9340903   9646912   9952921   160633    466642    772651    1078660   1384669   1690678   1996687   2302696   2608705   2914714   3220723   3526732   3832741   4138750   4444759   4750768   5056777   5362786   5668795   5974804   6280813   6586822   6892831   7198840   7504849   
8385850   8727796   9069742   9411688   9753634   10095580  10437526  10779472  11121418  179146    521092    863038    1204984   1546930   1888876   2230822   2572768   2914714   3256660   3598606   3940552   4282498   4624444   4966390   5308336   5650282   5992228   6334174   6676120   7018066   7360012   7701958   8043904   
8888968   9266851   9644734   10022617  10400500  10778383  11156266  11534149  11912032  12289915  197659    575542    953425    1331308   1709191   2087074   2464957   2842840   3220723   3598606   3976489   4354372   4732255   5110138   5488021   5865904   6243787   6621670   6999553   7377436   7755319   8133202   8511085   
9320212   9734032   10147852  10561672  10975492  11389312  11803132  12216952  12630772  13044592  13458412  216172    629992    1043812   1457632   1871452   2285272   2699092   3112912   3526732   3940552   4354372   4768192   5182012   5595832   6009652   6423472   6837292   7251112   7664932   8078752   8492572   8906392   
9679582   10129339  10579096  11028853  11478610  11928367  12378124  12827881  13277638  13727395  14177152  14626909  234685    684442    1134199   1583956   2033713   2483470   2933227   3382984   3832741   4282498   4732255   5182012   5631769   6081526   6531283   6981040   7430797   7880554   8330311   8780068   9229825   
9967078   10452772  10938466  11424160  11909854  12395548  12881242  13366936  13852630  14338324  14824018  15309712  15795406  253198    738892    1224586   1710280   2195974   2681668   3167362   3653056   4138750   4624444   5110138   5595832   6081526   6567220   7052914   7538608   8024302   8509996   8995690   9481384   
10182700  10704331  11225962  11747593  12269224  12790855  13312486  13834117  14355748  14877379  15399010  15920641  16442272  16963903  271711    793342    1314973   1836604   2358235   2879866   3401497   3923128   4444759   4966390   5488021   6009652   6531283   7052914   7574545   8096176   8617807   9139438   9661069   
10326448  10884016  11441584  11999152  12556720  13114288  13671856  14229424  14786992  15344560  15902128  16459696  17017264  17574832  18132400  290224    847792    1405360   1962928   2520496   3078064   3635632   4193200   4750768   5308336   5865904   6423472   6981040   7538608   8096176   8653744   9211312   9768880   
10398322  10991827  11585332  12178837  12772342  13365847  13959352  14552857  15146362  15739867  16333372  16926877  17520382  18113887  18707392  19300897  308737    902242    1495747   2089252   2682757   3276262   3869767   4463272   5056777   5650282   6243787   6837292   7430797   8024302   8617807   9211312   9804817   
10398322  11027764  11657206  12286648  12916090  13545532  14174974  14804416  15433858  16063300  16692742  17322184  17951626  18581068  19210510  19839952  20469394  327250    956692    1586134   2215576   2845018   3474460   4103902   4733344   5362786   5992228   6621670   7251112   7880554   8509996   9139438   9768880   
10326448  10991827  11657206  12322585  12987964  13653343  14318722  14984101  15649480  16314859  16980238  17645617  18310996  18976375  19641754  20307133  20972512  21637891  345763    1011142   1676521   2341900   3007279   3672658   4338037   5003416   5668795   6334174   6999553   7664932   8330311   8995690   9661069   
10182700  10884016  11585332  12286648  12987964  13689280  14390596  15091912  15793228  16494544  17195860  17897176  18598492  19299808  20001124  20702440  21403756  22105072  22806388  364276    1065592   1766908   2468224   3169540   3870856   4572172   5273488   5974804   6676120   7377436   8078752   8780068   9481384   
9967078   10704331  11441584  12178837  12916090  13653343  14390596  15127849  15865102  16602355  17339608  18076861  18814114  19551367  20288620  21025873  21763126  22500379  23237632  23974885  382789    1120042   1857295   2594548   3331801   4069054   4806307   5543560   6280813   7018066   7755319   8492572   9229825   
9679582   10452772  11225962  11999152  12772342  13545532  14318722  15091912  15865102  16638292  17411482  18184672  18957862  19731052  20504242  21277432  22050622  22823812  23597002  24370192  25143382  401302    1174492   1947682   2720872   3494062   4267252   5040442   5813632   6586822   7360012   8133202   8906392   
9320212   10129339  10938466  11747593  12556720  13365847  14174974  14984101  15793228  16602355  17411482  18220609  19029736  19838863  20647990  21457117  22266244  23075371  23884498  24693625  25502752  26311879  419815    1228942   2038069   2847196   3656323   4465450   5274577   6083704   6892831   7701958   8511085   
8888968   9734032   10579096  11424160  12269224  13114288  13959352  14804416  15649480  16494544  17339608  18184672  19029736  19874800  20719864  21564928  22409992  23255056  24100120  24945184  25790248  26635312  27480376  438328    1283392   2128456   2973520   3818584   4663648   5508712   6353776   7198840   8043904   
8385850   9266851   10147852  11028853  11909854  12790855  13671856  14552857  15433858  16314859  17195860  18076861  18957862  19838863  20719864  21600865  22481866  23362867  24243868  25124869  26005870  26886871  27767872  28648873  456841    1337842   2218843   3099844   3980845   4861846   5742847   6623848   7504849   
7810858   8727796   9644734   10561672  11478610  12395548  13312486  14229424  15146362  16063300  16980238  17897176  18814114  19731052  20647990  21564928  22481866  23398804  24315742  25232680  26149618  27066556  27983494  28900432  29817370  475354    1392292   2309230   3226168   4143106   5060044   5976982   6893920   
7163992   8116867   9069742   10022617  10975492  11928367  12881242  13834117  14786992  15739867  16692742  17645617  18598492  19551367  20504242  21457117  22409992  23362867  24315742  25268617  26221492  27174367  28127242  29080117  30032992  30985867  493867    1446742   2399617   3352492   4305367   5258242   6211117   
6445252   7434064   8422876   9411688   10400500  11389312  12378124  13366936  14355748  15344560  16333372  17322184  18310996  19299808  20288620  21277432  22266244  23255056  24243868  25232680  26221492  27210304  28199116  29187928  30176740  31165552  32154364  512380    1501192   2490004   3478816   4467628   5456440   
5654638   6679387   7704136   8728885   9753634   10778383  11803132  12827881  13852630  14877379  15902128  16926877  17951626  18976375  20001124  21025873  22050622  23075371  24100120  25124869  26149618  27174367  28199116  29223865  30248614  31273363  32298112  33322861  530893    1555642   2580391   3605140   4629889   
4792150   5852836   6913522   7974208   9034894   10095580  11156266  12216952  13277638  14338324  15399010  16459696  17520382  18581068  19641754  20702440  21763126  22823812  23884498  24945184  26005870  27066556  28127242  29187928  30248614  31309300  32369986  33430672  34491358  549406    1610092   2670778   3731464   
3857788   4954411   6051034   7147657   8244280   9340903   10437526  11534149  12630772  13727395  14824018  15920641  17017264  18113887  19210510  20307133  21403756  22500379  23597002  24693625  25790248  26886871  27983494  29080117  30176740  31273363  32369986  33466609  34563232  35659855  567919    1664542   2761165   
2851552   3984112   5116672   6249232   7381792   8514352   9646912   10779472  11912032  13044592  14177152  15309712  16442272  17574832  18707392  19839952  20972512  22105072  23237632  24370192  25502752  26635312  27767872  28900432  30032992  31165552  32298112  33430672  34563232  35695792  36828352  586432    1718992   
1773442   2941939   4110436   5278933   6447430   7615927   8784424   9952921   11121418  12289915  13458412  14626909  15795406  16963903  18132400  19300897  20469394  21637891  22806388  23974885  25143382  26311879  27480376  28648873  29817370  30985867  32154364  33322861  34491358  35659855  36828352  37996849  604945    

228592353 564806946 901021539 123723613215734507251909665318-2049087385-1712872792-1376658199-1040443606-704229013-368014420-31799827 304414766 640629359 976843952 131305854516492731381985487731-1973264972-1637050379-1300835786-964621193-628406600-29219200744022586  380237179 716451772 1052666365138888095817250955512061310144-1897442559
2045630306669072162 1651613700-1660812058-678270520304271018 1286812556-2025613202-1043071664-60530126 922011412 1904552950-1407872808-425331270557210268 1539751806-1772673952-790132414192409124 1174950662-2137475096-1154933558-172392020810149518 1792691056-1519734702-537193164445348374 1427889912-1884535846-90199430880547230  1063088768
64867392  16937358751109551971-155654684272321641  1701190124-964908689663959794 -2002139019-3732705361255597947-1410500866218367617 1847236100-818862713810005770 -1856093043-2272245601401643923-1264454890364413593 1993282076-672816737956051746 -1710047067-81178584 1547689899-1118408914510459569 2139328052-5267707611102097722-1564001091
1086417884-93335398413418414441550031780-4697400881805455340-214316528206087890041107032  -1978664836296530592 -1723241276551954152 -1467817716807377712 -12123941561062801272-9569705961318224832-7015470361573648392-4461234761829071952-190699916208449551264723644  -1955048224320147204 -1699624664575570764 -1444201104830994324 -1188777544
815314486 -558130437-1931575360989947013 1990511589617066666 -756378257-2129823180791699193 -581745730-1955190653966331720 -407113203-17805581261140964247-232480676-16059255991315596774-57848149 -14312930721490229301116784378 -12566605451664861828291416905 -10820280181839494355466049432 -9073954912014126882640681959 -732762964-2106207887
-748442802-147556078020922885381365170560638052582 -18639758981703873420976755442 249637464 -477480514-1204598492-19317164701636132848909014870 181896892 -545221086-1272339064-19994570421568392276841274298 114156320 -612961658-1340079636-20671976141500651704773533726 46415748  -680702230-1407820208-21349381861432911132705793154 -21324824 
690113316 609322283 528531250 447740217 366949184 286158151 -1423496089-1504287122-1585078155-1665869188-1746660221-1827451254-1908242287-1989033320-2069824353214435191020635608771982769844190197881118211877781740396745165960571215788146791498023646141723261313364415801255650547117485951410940684811013277448932486415 851695382 770904349 
836015544 14015514561967087368-1762344016-1196808104-631272192-65736280 -983016280-417480368148055544 713591456 12791273681844663280-1884768104-1319232192-753696280-188160368377375544 942911456 15084473682073983280-1655448104-1089912192-52437628041159632  606695544 11722314561737767368-1991664016-1426128104-860592192-295056280270479632 
-310736118901126739 2112989596-970114843241748014 1453610871-1629493568-417630711-542536471669326386 1881189243-12019151969947661   1221810518-1861293921-649431064562431793 1774294650-1308809789-96946932 1114915925-1968188514-756325657455537200 1667400057-1415704382-2038415251008021332-2075083107-863220250348642607 1560505464-1522598975
1544825626-891951868966237934 -1470539560387650242 -2049127252-1909374501667252352-769525142-1020566621756133140-6806443541177545448-1259232046598957756 -183781973820370064  1878559866-5582176281299972174-1136805320721384482 -1715393012142796790 2000986592-4357909021422398900-1014378594843811208 -1592966286265223516 2123413318-313364176
2107733480317282931 -14731676181031349129-7591014201745415327-45035222 -1835485771669030976 -1121419573338423147 -14520274021052489345-7379612041766555543-23895006 -1814345555690171192 -11002793571404237390-3862131592118303588327853039 -14625975101041919237-7485313121755985435-34465114 -1824915663679601084 -11108494651393667282-396783267
1377987444233863840 -910259764-20543833681096460324-47663280 -11917868841959056808814933204 -329190400-1473314004778902956 -365220648-15093442521641499440497375836 -646747768-17908713721359972320215848716 -928274888-20723984921078445200-65678404 -12098020081941041684796918080 -347205524-14913291281659514564515390960 -628732644-1772856248
-644412482-1142209141-1640005800-213780245916593681781161571519663774860 165978201 -331818458-829615117-1327411776-18252084351219382765721586106 223789447 -274007212-771803871-1269600530-1767397189202977344815319767891034180130536383471 38586812  -459209847-957006506-1454803165-195259982418445708131346774154848977495 351180836 -146615823
335500998 484031284 632561570 781091856 929622142 107815242812266827141375213000152374328616722735721820803858196933414421178644301659862574180839286019569231462105453432-2040983578-1892453292-1743923006-1595392720-1446862434-1298332148-1149801862-1001271576-852741290-704211004-555680718-407150432-258620146-11008986038440426  186970712 
22760588  817617819 1612475050-1887635015-1092777784-297920553496936678 12917939092086651140-1413458925-618601694176255537 971112768 17659699992100342383-1399767682-604910451189946780 984804011 1779661242-1720448823-925591592-130734361664122870 1458980101-2041129964-1246272733-451415502343441729 11382989601933156191-1566953874-772096643
-1582633712-1414495361299734640-1554048480-1128643041328319872-1525463248-84279072 1356905104-1496878016-55693840 1385490336-1468292784-27108608 1414075568-1754145104-3129609281128223248-1725559872-2843756961156808480-1696974640-2557904641185393712-1668389408-2272052321213978944-1639804176-1986200001242564176-1611218944-1700347681271149408
-1857146061901796515-3056596601781851461-4256047141661906407-5455497681541961353-6654948221422016299-7854398761302071245-9053849301182126191-10253299841062181137-1313665295773845826 -1433610349653900772 -1553555403533955718 -1673500457414010664 -1793445511294065610 -1913390565174120556 -203333561954175502  2141686623-65769552 2021741569
-81449390 -16425786201091259446-469869784-2030999014702839052 -8582901781875547888314418658 -12467105721487127494-74001736 -16351309661098707100-462422130-2023551360710286706 -8731854861860652580299523350 -12616058801472232186-88897044 -16500262741083811792-477317438-2038446668695391398 -8657378321868100234306971004 -12541582261479679840
-126983806421103269471195524662280722377 -634079908-15488821931831282818916480533 1678248   -913124037-18279263221552238689637436404 -277365881-1192168166-21069704511273194560358392275 -432705677-134750796220326570491117854764203052479 -711749806-16265520911753612920838810635 -75991650 -990793935-19055962201474568791559766506 -355035779
544086668 275611328 7135988   -261339352-529814692-798290032-1066765372-1335240712-1603716052-1872191392-21406667321885825224161734988413488745441080399204811923864 543448524 274973184 6497844   7774132   -260701208-529176548-797651888-1066127228-1334602568-1603077908-1871553248-21400285881886463368161798802813495126881081037348812562008 
106535751014432091151821060720-2096054971-1718203366-1340351761-962500156-584648551-206796946171054659 548906264 926757869 130460947416824610792060312684-1856803007-1478951402-1101099797-723248192-345396587448253941 826105546 120395715115818087561959660361-1957455330-1579603725-1201752120-823900515-446048910-68197305 309654300 687505905 
293974462 1318153012-1952635734-92845718495721366  11198999162144078466-1126710280-102531730921646820 1945825370-1324963376-300784826723393724 1747572274-1523216472-499037922525140628 1549319178-1721469568-697291018888733750 1912912300-1357876446-333697896690480654 1714659204-1556129542-531950992492227558 1516406108-1754382638-730204088
-1770062476-99556981 1570948514-1053513287616992208 -2007469593-3369640981333541397-1290920404379585091 2050090586-5743712151096134280-1528327521142177974 1812683469-811778332858727163 -1765734638-95229143 1575276352-10491854491329213559-1295248242375257253 2045762748-5786990531091806442-1532655359137850136 1808355631-816106170854399325 
-8317860081485046432-4930884241823744016-154390840-2132525696184306744 -1793828112523004328 -1455130528861701912 -11164329441200399496-7777353601539097080-4390377761877794664-100340192-2078475048238357392 -1739777464577054976 -14010798801769693368-2084414882108390952130256096 -1847878760468953680 -1509181176807651264 -11704835921146348848
-11861634301776995955445188044 -8866198672076539518744731607 -587076304-19188842151044275170-287532741-1619340652134381873312010822  -13197970891643362296311554385 -10202535261942905859611097948 -720709963-2052517874910641511 -421166400-1752974311-2084794119878365266 -453442645-17852505561177908829-153899082-14857069931477452392145644481 
1461772554776291588 90810622  -594670344-1280151310-19656322761643854054958373088 272892122 -412588844-1098069810-178355077618259355541140454588454973622 -230507344-915988310-160146927620080170541322536088637055122 -48425844 -733906810-1419387776-2104868742-164431431019651720201279691054594210088 -91270878 -776751844-14622328102147253520
-1477912648-1517066669-1556220690-1595374711-1634528732-1673682753-1712836774-1751990795-1791144816-1830298837-1869452858-1908606879-1947760900-1986914921-2026068942-2065222963-2104376984-214353100521122822702073128249203397422819948202071955666186191651216518773581441838204123-1203834501-1242988522-1282142543-1321296564-1360450585-1399604606-1438758627
-1415284444-808111520-200938596406234328 10134072521620580176-2067214196-1460041272-852868348-245695424361477500 968650424 1575823348-2111971024-1504798100-897625176-290452252316720672 923893596 15310665202138239444-1549554928-942382004-335209080271963844 879136768 1486309692-763354692-156181768450991156 10581640801665337004-2022457368
1649657166-1391810261-1383103921115189477-1926277950-672778081580721788 1834221657-120724577046254099  1299753968-1741713459-488213590765286279 2018786148-1022681279230818590 1484318459-1557148968-303649099949850770 -2091616657-838116788415383081 1668882950-1372584477-1190846081134415261-322874883930624986 -2110842441-857342572396157297 
-8730224101026804404-1368336078531490736 -186364974636177068  1936003882-4591366001440690214-954450268945376546 -1449763936450062878 -1945077604-45250790 1854576024-5405644581359262356-1035878126863948688 -1531191794368635020 -2026505462-1266786481773148166-6219923161277834498-1117305984782520830 117604926 2017431740-3777087421522118072
-393388580-2142202117403951642 -13448618951201291864-5475216731998632086249818549 -14989949881047158771-701654766184449899395685456  -1653128081893025678 -8557878591690365900-58447637 -1807261174738892585 -10099209521536232807-212580730-1961394267584759492 -11640540451382099714-366713823-2115527360430626399 558084735 -11907288021355424957
-12064086401986072064883585472 -218901120-13213877121871092992768606400 -333880192-14363667841756113920653627328 -448859264-15513458561641134848538648256 -563838336-16663249281526155776423669184 -678817408-17813040001411176704308690112 -793796480-18962830721296197632193711040 -908775552-2011262144118121856078731968  998564544 -103922048
982884706 526725059 70565412  -385594235-841753882-1297913529-1754073176208473447316285748261172415179716255532 260095885 -196063762-652223409-1108383056-1564542703-202070235018181052991361945652905786005 449626358 -6533289  -462692936-918852583-1375012230-1831171877200763577215514761251095316478639156831 182997184 -2731624631439044353
   
P t * G

12493041  12510498  12527955  12545412  12562869  12580326  12597783  12615240  12632697  12650154  12667611  12685068  12702525  12719982  12737439  12754896  12772353  12789810  12807267  12824724  12842181  12859638  12877095  12894552  12912009  12929466  12946923  12964380  12981837  12999294  13016751  13034208  13051665  
13070178  12510498  12527988  12545478  12562968  12580458  12597948  12615438  12632928  12650418  12667908  12685398  12702888  12720378  12737868  12755358  12772848  12790338  12807828  12825318  12842808  12860298  12877788  12895278  12912768  12930258  12947748  12965238  12982728  13000218  13017708  13035198  13052688  
13071168  13088691  12527955  12545478  12563001  12580524  12598047  12615570  12633093  12650616  12668139  12685662  12703185  12720708  12738231  12755754  12773277  12790800  12808323  12825846  12843369  12860892  12878415  12895938  12913461  12930984  12948507  12966030  12983553  13001076  13018599  13036122  13053645  
13072092  13089648  13107204  12545412  12562968  12580524  12598080  12615636  12633192  12650748  12668304  12685860  12703416  12720972  12738528  12756084  12773640  12791196  12808752  12826308  12843864  12861420  12878976  12896532  12914088  12931644  12949200  12966756  12984312  13001868  13019424  13036980  13054536  
13072950  13090539  13108128  13125717  12562869  12580458  12598047  12615636  12633225  12650814  12668403  12685992  12703581  12721170  12738759  12756348  12773937  12791526  12809115  12826704  12844293  12861882  12879471  12897060  12914649  12932238  12949827  12967416  12985005  13002594  13020183  13037772  13055361  
13073742  13091364  13108986  13126608  13144230  12580326  12597948  12615570  12633192  12650814  12668436  12686058  12703680  12721302  12738924  12756546  12774168  12791790  12809412  12827034  12844656  12862278  12879900  12897522  12915144  12932766  12950388  12968010  12985632  13003254  13020876  13038498  13056120  
13074468  13092123  13109778  13127433  13145088  13162743  12597783  12615438  12633093  12650748  12668403  12686058  12703713  12721368  12739023  12756678  12774333  12791988  12809643  12827298  12844953  12862608  12880263  12897918  12915573  12933228  12950883  12968538  12986193  13003848  13021503  13039158  13056813  
13075128  13092816  13110504  13128192  13145880  13163568  13181256  12615240  12632928  12650616  12668304  12685992  12703680  12721368  12739056  12756744  12774432  12792120  12809808  12827496  12845184  12862872  12880560  12898248  12915936  12933624  12951312  12969000  12986688  13004376  13022064  13039752  13057440  
13075722  13093443  13111164  13128885  13146606  13164327  13182048  13199769  12632697  12650418  12668139  12685860  12703581  12721302  12739023  12756744  12774465  12792186  12809907  12827628  12845349  12863070  12880791  12898512  12916233  12933954  12951675  12969396  12987117  13004838  13022559  13040280  13058001  
13076250  13094004  13111758  13129512  13147266  13165020  13182774  13200528  13218282  12650154  12667908  12685662  12703416  12721170  12738924  12756678  12774432  12792186  12809940  12827694  12845448  12863202  12880956  12898710  12916464  12934218  12951972  12969726  12987480  13005234  13022988  13040742  13058496  
13076712  13094499  13112286  13130073  13147860  13165647  13183434  13201221  13219008  13236795  12667611  12685398  12703185  12720972  12738759  12756546  12774333  12792120  12809907  12827694  12845481  12863268  12881055  12898842  12916629  12934416  12952203  12969990  12987777  13005564  13023351  13041138  13058925  
13077108  13094928  13112748  13130568  13148388  13166208  13184028  13201848  13219668  13237488  13255308  12685068  12702888  12720708  12738528  12756348  12774168  12791988  12809808  12827628  12845448  12863268  12881088  12898908  12916728  12934548  12952368  12970188  12988008  13005828  13023648  13041468  13059288  
13077438  13095291  13113144  13130997  13148850  13166703  13184556  13202409  13220262  13238115  13255968  13273821  12702525  12720378  12738231  12756084  12773937  12791790  12809643  12827496  12845349  12863202  12881055  12898908  12916761  12934614  12952467  12970320  12988173  13006026  13023879  13041732  13059585  
13077702  13095588  13113474  13131360  13149246  13167132  13185018  13202904  13220790  13238676  13256562  13274448  13292334  12719982  12737868  12755754  12773640  12791526  12809412  12827298  12845184  12863070  12880956  12898842  12916728  12934614  12952500  12970386  12988272  13006158  13024044  13041930  13059816  
13077900  13095819  13113738  13131657  13149576  13167495  13185414  13203333  13221252  13239171  13257090  13275009  13292928  13310847  12737439  12755358  12773277  12791196  12809115  12827034  12844953  12862872  12880791  12898710  12916629  12934548  12952467  12970386  12988305  13006224  13024143  13042062  13059981  
13078032  13095984  13113936  13131888  13149840  13167792  13185744  13203696  13221648  13239600  13257552  13275504  13293456  13311408  13329360  12754896  12772848  12790800  12808752  12826704  12844656  12862608  12880560  12898512  12916464  12934416  12952368  12970320  12988272  13006224  13024176  13042128  13060080  
13078098  13096083  13114068  13132053  13150038  13168023  13186008  13203993  13221978  13239963  13257948  13275933  13293918  13311903  13329888  13347873  12772353  12790338  12808323  12826308  12844293  12862278  12880263  12898248  12916233  12934218  12952203  12970188  12988173  13006158  13024143  13042128  13060113  
13078098  13096116  13114134  13132152  13150170  13168188  13186206  13204224  13222242  13240260  13258278  13276296  13294314  13312332  13330350  13348368  13366386  12789810  12807828  12825846  12843864  12861882  12879900  12897918  12915936  12933954  12951972  12969990  12988008  13006026  13024044  13042062  13060080  
13078032  13096083  13114134  13132185  13150236  13168287  13186338  13204389  13222440  13240491  13258542  13276593  13294644  13312695  13330746  13348797  13366848  13384899  12807267  12825318  12843369  12861420  12879471  12897522  12915573  12933624  12951675  12969726  12987777  13005828  13023879  13041930  13059981  
13077900  13095984  13114068  13132152  13150236  13168320  13186404  13204488  13222572  13240656  13258740  13276824  13294908  13312992  13331076  13349160  13367244  13385328  13403412  12824724  12842808  12860892  12878976  12897060  12915144  12933228  12951312  12969396  12987480  13005564  13023648  13041732  13059816  
13077702  13095819  13113936  13132053  13150170  13168287  13186404  13204521  13222638  13240755  13258872  13276989  13295106  13313223  13331340  13349457  13367574  13385691  13403808  13421925  12842181  12860298  12878415  12896532  12914649  12932766  12950883  12969000  12987117  13005234  13023351  13041468  13059585  
13077438  13095588  13113738  13131888  13150038  13168188  13186338  13204488  13222638  13240788  13258938  13277088  13295238  13313388  13331538  13349688  13367838  13385988  13404138  13422288  13440438  12859638  12877788  12895938  12914088  12932238  12950388  12968538  12986688  13004838  13022988  13041138  13059288  
13077108  13095291  13113474  13131657  13149840  13168023  13186206  13204389  13222572  13240755  13258938  13277121  13295304  13313487  13331670  13349853  13368036  13386219  13404402  13422585  13440768  13458951  12877095  12895278  12913461  12931644  12949827  12968010  12986193  13004376  13022559  13040742  13058925  
13076712  13094928  13113144  13131360  13149576  13167792  13186008  13204224  13222440  13240656  13258872  13277088  13295304  13313520  13331736  13349952  13368168  13386384  13404600  13422816  13441032  13459248  13477464  12894552  12912768  12930984  12949200  12967416  12985632  13003848  13022064  13040280  13058496  
13076250  13094499  13112748  13130997  13149246  13167495  13185744  13203993  13222242  13240491  13258740  13276989  13295238  13313487  13331736  13349985  13368234  13386483  13404732  13422981  13441230  13459479  13477728  13495977  12912009  12930258  12948507  12966756  12985005  13003254  13021503  13039752  13058001  
13075722  13094004  13112286  13130568  13148850  13167132  13185414  13203696  13221978  13240260  13258542  13276824  13295106  13313388  13331670  13349952  13368234  13386516  13404798  13423080  13441362  13459644  13477926  13496208  13514490  12929466  12947748  12966030  12984312  13002594  13020876  13039158  13057440  
13075128  13093443  13111758  13130073  13148388  13166703  13185018  13203333  13221648  13239963  13258278  13276593  13294908  13313223  13331538  13349853  13368168  13386483  13404798  13423113  13441428  13459743  13478058  13496373  13514688  13533003  12946923  12965238  12983553  13001868  13020183  13038498  13056813  
13074468  13092816  13111164  13129512  13147860  13166208  13184556  13202904  13221252  13239600  13257948  13276296  13294644  13312992  13331340  13349688  13368036  13386384  13404732  13423080  13441428  13459776  13478124  13496472  13514820  13533168  13551516  12964380  12982728  13001076  13019424  13037772  13056120  
13073742  13092123  13110504  13128885  13147266  13165647  13184028  13202409  13220790  13239171  13257552  13275933  13294314  13312695  13331076  13349457  13367838  13386219  13404600  13422981  13441362  13459743  13478124  13496505  13514886  13533267  13551648  13570029  12981837  13000218  13018599  13036980  13055361  
13072950  13091364  13109778  13128192  13146606  13165020  13183434  13201848  13220262  13238676  13257090  13275504  13293918  13312332  13330746  13349160  13367574  13385988  13404402  13422816  13441230  13459644  13478058  13496472  13514886  13533300  13551714  13570128  13588542  12999294  13017708  13036122  13054536  
13072092  13090539  13108986  13127433  13145880  13164327  13182774  13201221  13219668  13238115  13256562  13275009  13293456  13311903  13330350  13348797  13367244  13385691  13404138  13422585  13441032  13459479  13477926  13496373  13514820  13533267  13551714  13570161  13588608  13607055  13016751  13035198  13053645  
13071168  13089648  13108128  13126608  13145088  13163568  13182048  13200528  13219008  13237488  13255968  13274448  13292928  13311408  13329888  13348368  13366848  13385328  13403808  13422288  13440768  13459248  13477728  13496208  13514688  13533168  13551648  13570128  13588608  13607088  13625568  13034208  13052688  
13070178  13088691  13107204  13125717  13144230  13162743  13181256  13199769  13218282  13236795  13255308  13273821  13292334  13310847  13329360  13347873  13366386  13384899  13403412  13421925  13440438  13458951  13477464  13495977  13514490  13533003  13551516  13570029  13588542  13607055  13625568  13644081  13051665  

13523012811773788930-2099690717-1678203068-1256715419-835227770-4137401217747528   429235177 850722826 127221047516936981242115185773-1758293874-1336806225-915318576-493830927-72343278 349144371 770632020 119211966916136073182035094967-1838384680-1416897031-995409382-573921733-152434084269053565 690541214 111202886315335165121955004161
-200374854216695237142091604868-1781281274-1359200120-937118966-515037812-92956658 329124496 751205650 117328680415953679582017449112-1855437030-1433355876-1011274722-589193568-167112414254968740 677049894 109913104815212122021943293356-1929592786-1507511632-1085430478-663349324-241268170180812984 602894138 102497529214470564461869137600
-2090208608-16675339491986746147-1885546490-1462871831-1040197172-617522513-194847854227826805 650501464 107317612314958507821918525441-1953767196-1531092537-1108417878-685743219-263068560159606099 582280758 100495541714276300761850304735-2021987902-1599313243-1176638584-753963925-33128926691385393  514060052 936734711 13594093701782084029
2117111612-1754587520-1331319356-1990998716-1567730552-1144462388-721194224-297926060125342104 548610268 971878432 13951465961818414760-2053284372-1630016208-1206748044-783479880-36021171663056448  486324612 909592776 13328609401756129104-2115570028-1692301864-1269033700-845765536-422497372770792    424038956 847307120 12705752841693843448
2028277526-1842828101-1418966432-995104763-1673776283-1249914614-826052945-40219127621670393  445532062 869393731 129325540017171170692140978738-1730126889-1306265220-882403551-458541882-34680213 389181456 813043125 123690479416607664632084628132-1786477495-1362615826-938754157-514892488-91030819 332830850 756692519 11805541881604415857
1938256430-1932255692-1507800518-1083345344-658890170-1356553850-932098676-507643502-83188328 341266846 765722020 119017719416146323682039087542-1831424580-1406969406-982514232-558059058-133603884290851290 715306464 113976163815642168121988671986-1881840136-1457384962-1032929788-608474614-184019440240435734 664890908 10893460821513801256
1847048324-2022870293-1597821614-1172772935-747724256-322675577-1039331417-614282738-189234059235814620 660863299 108591197815109606571936009336-1933909281-1508860602-1083811923-658763244-233714565191334114 616382793 104143147214664801511891528830-1978389787-1553341108-1128292429-703243750-278195071146853608 571902287 996950966 1421999645
1754653208-2114671904-1689029720-1263387536-837745352-41210316813539016  -722108984-296466800129175384 554817568 980459752 14061019361831744120-2037580992-1611938808-1186296624-760654440-33501225690629928  516272112 941914296 13675564801793198664-2076126448-1650484264-1224842080-799199896-37355771252084472  477726656 903368840 1329011024
16610710822087306771-1781424836-1355189147-928953458-502717769-76482080 349753609 -40488655121349138  447584827 873820516 13000562051726291894-2142439713-1716204024-1289968335-863732646-437496957-11261268 414974421 841210110 126744579916936814882119917177-1748814430-1322578741-896343052-470107363-43871674 382364015 808599704 1234835393
15663019461993131140-1875006962-1448177768-1021348574-594519380-167690186259139008 685968202 -87664118 339165076 765994270 119282346416196526582046481852-1821656250-1394827056-967997862-541168668-114339474312489720 739318914 116614810815929773022019806496-1848331606-1421502412-994673218-567844024-141014830285814364 712643558 1139472752
14703458001897768499-1969776098-1542353399-1114930700-687508001-260085302167337397 594760096 1022182795229558315 656981014 108440371315118264121939249111-1928295486-1500872787-1073450088-646027389-218604690208818009 636240708 106366340714910861061918508805-1949035792-1521613093-1094190394-666767695-239344996188077703 615500402 1042923101
13732026441801218848-2065732244-1637716040-1209699836-781683632-35366742874348776  502364980 930381184 1358397388546780748 974796952 14028131561830829360-2036121732-1608105528-1180089324-752073120-324056916103959288 531975492 959991696 13880079001816024104-2050926988-1622910784-1194894580-766878376-33886217289154032  517170236 945186440 
127487247817034821872132091896-1734265691-1305655982-877046273-448436564-19826855 408782854 837392563 12660022721694611981864003181 12926128901721222599-2145134988-1716525279-1287915570-859305861-430696152-2086443  426523266 855132975 128374268417123523932140962102-1725395485-1296785776-868176067-439566358-10956649 417653060 846262769 
117535530216045585162033761730-1832002352-1402799138-973595924-544392710-115189496314013718 743216932 117242014616016233602030826574118122561416104288282039632042-1826132040-1396928826-967725612-538522398-109319184319884030 749087244 117829045816074936722036696886-1829067196-1399863982-970660768-541457554-112254340316948874 746152088 
107465111615044478351934244554-1930926023-1501129304-1071332585-641535866-211739147218057572 647854291 107765101015074477291937244448-192792612914984480471928244766-1936925811-1507129092-1077332373-647535654-217738935212057784 641854503 107165122215014479411931244660-1933925917-1504129198-1074332479-644535760-214739041215057678 644854397 
972759920 14031501441833540368-2031036704-1600646480-1170256256-739866032-309475808120914416 551304640 981694864 14120850881842475312-2022101760-15917115361815670480-2048906592-1618516368-1188126144-757735920-327345696103044528 533434752 963824976 13942152001824605424-2039971648-1609581424-1179191200-748800976-318410752111979472 542369696 
869681714 13006654431731649172-2132334395-1701350666-1270366937-839383208-40839947922584250  453567979 884551708 13155354371746519166-2117464401-1686480672-12554969432132892913-1731090654-1300106925-869123196-438139467-7155738  423827991 854811720 12857954491716779178-2147204389-1716220660-1285236931-854253202-4232694737714256   438697985 
765416498 119699373216285709662060148200-1803241862-1371664628-940087394-508510160-76932926 354644308 786221542 121779877616493760102080953244-1782436818-1350859584-919282350-1844851950-1413274716-981697482-550120248-118543014313034220 744611454 117618868816077659222039343156-1824046906-1392469672-960892438-529315204-97737970 333839264 
659964272 109213501115243057501956476489-1906320068-1474149329-1041978590-609807851-177637112254533627 686704366 111887510515510458441983216583-1879579974-1447409235-1015238496-583067757-1527629517-1095458778-663288039-231117300201053439 633224178 106539491714975656561929736395-1933060162-1500889423-1068718684-636547945-204377206227793533 
553325036 986089280 14188535241851617768-2010585284-1577821040-1145056796-712292552-279528308153235936 586000180 101876442414515286681884292912-1977910140-1545145896-1112381652-679617408-246853164-1210407084-777642840-34487859687885648  520649892 953414136 13861783801818942624-2043260428-1610496184-1177731940-744967696-312203452120560792 
445498790 878856539 13122142881745572037-2116037510-1682679761-1249322012-815964263-38260651450751235  484108984 917466733 13508244821784182231-2077427316-1644069567-1210711818-777354069-34399632089361429  -893184651-459826902-26469153 406888596 840246345 127360409417069618432140319592-1721289955-1287932206-854574457-42121670812141041  
336485534 770436788 120438804216383392962072290550-1788725492-1354774238-920822984-486871730-52920476 381030778 814982032 124893328616828845402116835794-1744180248-1310228994-876277740-442326486-8375232  425576022 -575962218-142010964291940290 725891544 115984279815937940522027745306-1833270736-1399319482-965368228-531416974-97465720 
226285268 660830027 109537478615299195451964464304-1895958233-1461413474-1026868715-592323956-157779197276765562 711310321 114585508015803998392014944598-1845477939-1410933180-976388421-541843662-107298903327245856 761790615 -258739785175804974 610349733 104489449214794392511913984010-1946438527-1511893768-1077349009-642804250-208259491
114897992 550036256 985174520 14203127841855451048-2004377984-1569239720-1134101456-698963192-263824928171313336 606451600 104158986414767281281911866392-1947962640-1512824376-1077686112-642547848-207409584227728680 662866944 109800520858482648  493620912 928759176 13638974401799035704-2060793328-1625655064-1190516800-755378536-320240272
2323706   438055475 873787244 13095190131745250782-2113984745-1678252976-1242521207-806789438-37105766964674100  500405869 936137638 13718694071807601176-2051634351-1615902582-1180170813-744439044-308707275127024494 562756263 998488032 1434219801375705081 811436850 124716861916829003882118632157-1740603370-1304871601-869139832-433408063
-111437590324887684 761212958 119753823216338635062070188780-1788453242-1352127968-915802694-479477420-43152146 393173128 829498402 126582367617021489502138474224-1720167798-1283842524-847517250-41119197625133298  461458572 897783846 13341091201770434394692927514 112925278815655780622001903336-1856738686-1420413412-984088138-547762864
-226385896210532883 647451662 108437044115212892201958207999-1899840518-1462921739-1026002960-589084181-152165402284753377 721672156 115859093515955097142032428493-1825620024-1388701245-951782466-514863687-77944908 358973871 795892650 123281142916697302082106648987101014994714470687261883987505-1974061012-1537142233-1100223454-663304675
-34252121294991072  532503356 970015640 14075279241845040208-2012414804-1574902520-1137390236-699877952-262365668175146616 612658900 105017118414876834681925195752-1932259260-1494746976-1057234692-619722408-182210124255302160 692814444 113032672815678390122005351296-185210371613273723801764884664-2092570348-1655058064-1217545780-780033496
-459843538-21737749 416368040 854473829 12925796181730685407-2126176100-1688070311-1249964522-811858733-37375294464352845  502458634 940564423 13786702121816776001-2040085506-1601979717-1163873928-725768139-287662350150443439 588549228 102665501714647608061902866595-1953994912-151588912316445948132082700602-1774160905-1336055116-897949327
-578352874-139653580299045714 737745008 117644430216151435962053842890-1802425112-1363725818-925026524-486327230-47627936 391071358 829770652 126846994617071692402145868534-1710399468-1271700174-833000880-39430158644397708  483097002 921796296 13604955901799194884-2057073118-1618373824-11796745301961817246-1894450756-1455751462-1017052168
-698049220-258756421180536378 619829177 105912197614984147751937707574-1917966923-1478674124-1039381325-600088526-160795727278497072 717789871 115708267015963754692035668268-1820006229-1380713430-941420631-502127832-62835033 376457766 815750565 125504336416943361632133628962-1722045535-1282752736-843459937-2015927617-1576634818-1137342019
-818932576-37904627260840032  500726336 940612640 13804989441820385248-2034695744-1594809440-1154923136-715036832-275150528164735776 604622080 104450838414843946881924280992-1930800000-1490913696-1051027392-611141088-171254784268631520 708517824 114840412815882904322028176736-1826904256-1387017952-947131648-507245344-1698705184-1258818880
-941002942-500523133-60043324 380436485 820916294 126139610317018759122142355721-1712131766-1271651957-831172148-39069233949787470  490267279 930747088 13712268971811706706-2042780781-1602300972-1161821163-721341354-280861545159618264 600098073 104057788214810576911921537500-1932949987-1492470178-1051990369-611510560-171030751-1381482751
    
P t * G t

395505    971586    1547667   2123748   2699829   3275910   3851991   4428072   5004153   5580234   6156315   6732396   7308477   7884558   8460639   9036720   9612801   10188882  10764963  11341044  11917125  12493206  13069287  13645368  14221449  14797530  15373611  15949692  16525773  17101854  17677935  18254016  18830097  
18865506  396066    973236    1550406   2127576   2704746   3281916   3859086   4436256   5013426   5590596   6167766   6744936   7322106   7899276   8476446   9053616   9630786   10207956  10785126  11362296  11939466  12516636  13093806  13670976  14248146  14825316  15402486  15979656  16556826  17133996  17711166  18288336  
18322656  18900915  396627    974886    1553145   2131404   2709663   3287922   3866181   4444440   5022699   5600958   6179217   6757476   7335735   7913994   8492253   9070512   9648771   10227030  10805289  11383548  11961807  12540066  13118325  13696584  14274843  14853102  15431361  16009620  16587879  17166138  17744397  
17777628  18356976  18936324  397188    976536    1555884   2135232   2714580   3293928   3873276   4452624   5031972   5611320   6190668   6770016   7349364   7928712   8508060   9087408   9666756   10246104  10825452  11404800  11984148  12563496  13142844  13722192  14301540  14880888  15460236  16039584  16618932  17198280  
17230422  17810859  18391296  18971733  397749    978186    1558623   2139060   2719497   3299934   3880371   4460808   5041245   5621682   6202119   6782556   7362993   7943430   8523867   9104304   9684741   10265178  10845615  11426052  12006489  12586926  13167363  13747800  14328237  14908674  15489111  16069548  16649985  
16681038  17262564  17844090  18425616  19007142  398310    979836    1561362   2142888   2724414   3305940   3887466   4468992   5050518   5632044   6213570   6795096   7376622   7958148   8539674   9121200   9702726   10284252  10865778  11447304  12028830  12610356  13191882  13773408  14354934  14936460  15517986  16099512  
16129476  16712091  17294706  17877321  18459936  19042551  398871    981486    1564101   2146716   2729331   3311946   3894561   4477176   5059791   5642406   6225021   6807636   7390251   7972866   8555481   9138096   9720711   10303326  10885941  11468556  12051171  12633786  13216401  13799016  14381631  14964246  15546861  
15575736  16159440  16743144  17326848  17910552  18494256  19077960  399432    983136    1566840   2150544   2734248   3317952   3901656   4485360   5069064   5652768   6236472   6820176   7403880   7987584   8571288   9154992   9738696   10322400  10906104  11489808  12073512  12657216  13240920  13824624  14408328  14992032  
15019818  15604611  16189404  16774197  17358990  17943783  18528576  19113369  399993    984786    1569579   2154372   2739165   3323958   3908751   4493544   5078337   5663130   6247923   6832716   7417509   8002302   8587095   9171888   9756681   10341474  10926267  11511060  12095853  12680646  13265439  13850232  14435025  
14461722  15047604  15633486  16219368  16805250  17391132  17977014  18562896  19148778  400554    986436    1572318   2158200   2744082   3329964   3915846   4501728   5087610   5673492   6259374   6845256   7431138   8017020   8602902   9188784   9774666   10360548  10946430  11532312  12118194  12704076  13289958  13875840  
13901448  14488419  15075390  15662361  16249332  16836303  17423274  18010245  18597216  19184187  401115    988086    1575057   2162028   2748999   3335970   3922941   4509912   5096883   5683854   6270825   6857796   7444767   8031738   8618709   9205680   9792651   10379622  10966593  11553564  12140535  12727506  13314477  
13338996  13927056  14515116  15103176  15691236  16279296  16867356  17455416  18043476  18631536  19219596  401676    989736    1577796   2165856   2753916   3341976   3930036   4518096   5106156   5694216   6282276   6870336   7458396   8046456   8634516   9222576   9810636   10398696  10986756  11574816  12162876  12750936  
12774366  13363515  13952664  14541813  15130962  15720111  16309260  16898409  17487558  18076707  18665856  19255005  402237    991386    1580535   2169684   2758833   3347982   3937131   4526280   5115429   5704578   6293727   6882876   7472025   8061174   8650323   9239472   9828621   10417770  11006919  11596068  12185217  
12207558  12797796  13388034  13978272  14568510  15158748  15748986  16339224  16929462  17519700  18109938  18700176  19290414  402798    993036    1583274   2173512   2763750   3353988   3944226   4534464   5124702   5714940   6305178   6895416   7485654   8075892   8666130   9256368   9846606   10436844  11027082  11617320  
11638572  12229899  12821226  13412553  14003880  14595207  15186534  15777861  16369188  16960515  17551842  18143169  18734496  19325823  403359    994686    1586013   2177340   2768667   3359994   3951321   4542648   5133975   5725302   6316629   6907956   7499283   8090610   8681937   9273264   9864591   10455918  11047245  
11067408  11659824  12252240  12844656  13437072  14029488  14621904  15214320  15806736  16399152  16991568  17583984  18176400  18768816  19361232  403920    996336    1588752   2181168   2773584   3366000   3958416   4550832   5143248   5735664   6328080   6920496   7512912   8105328   8697744   9290160   9882576   10474992  
10494066  11087571  11681076  12274581  12868086  13461591  14055096  14648601  15242106  15835611  16429116  17022621  17616126  18209631  18803136  19396641  404481    997986    1591491   2184996   2778501   3372006   3965511   4559016   5152521   5746026   6339531   6933036   7526541   8120046   8713551   9307056   9900561   
9918546   10513140  11107734  11702328  12296922  12891516  13486110  14080704  14675298  15269892  15864486  16459080  17053674  17648268  18242862  18837456  19432050  405042    999636    1594230   2188824   2783418   3378012   3972606   4567200   5161794   5756388   6350982   6945576   7540170   8134764   8729358   9323952   
9340848   9936531   10532214  11127897  11723580  12319263  12914946  13510629  14106312  14701995  15297678  15893361  16489044  17084727  17680410  18276093  18871776  19467459  405603    1001286   1596969   2192652   2788335   3384018   3979701   4575384   5171067   5766750   6362433   6958116   7553799   8149482   8745165   
8760972   9357744   9954516   10551288  11148060  11744832  12341604  12938376  13535148  14131920  14728692  15325464  15922236  16519008  17115780  17712552  18309324  18906096  19502868  406164    1002936   1599708   2196480   2793252   3390024   3986796   4583568   5180340   5777112   6373884   6970656   7567428   8164200   
8178918   8776779   9374640   9972501   10570362  11168223  11766084  12363945  12961806  13559667  14157528  14755389  15353250  15951111  16548972  17146833  17744694  18342555  18940416  19538277  406725    1004586   1602447   2200308   2798169   3396030   3993891   4591752   5189613   5787474   6385335   6983196   7581057   
7594686   8193636   8792586   9391536   9990486   10589436  11188386  11787336  12386286  12985236  13584186  14183136  14782086  15381036  15979986  16578936  17177886  17776836  18375786  18974736  19573686  407286    1006236   1605186   2204136   2803086   3402036   4000986   4599936   5198886   5797836   6396786   6995736   
7008276   7608315   8208354   8808393   9408432   10008471  10608510  11208549  11808588  12408627  13008666  13608705  14208744  14808783  15408822  16008861  16608900  17208939  17808978  18409017  19009056  19609095  407847    1007886   1607925   2207964   2808003   3408042   4008081   4608120   5208159   5808198   6408237   
6419688   7020816   7621944   8223072   8824200   9425328   10026456  10627584  11228712  11829840  12430968  13032096  13633224  14234352  14835480  15436608  16037736  16638864  17239992  17841120  18442248  19043376  19644504  408408    1009536   1610664   2211792   2812920   3414048   4015176   4616304   5217432   5818560   
5828922   6431139   7033356   7635573   8237790   8840007   9442224   10044441  10646658  11248875  11851092  12453309  13055526  13657743  14259960  14862177  15464394  16066611  16668828  17271045  17873262  18475479  19077696  19679913  408969    1011186   1613403   2215620   2817837   3420054   4022271   4624488   5226705   
5235978   5839284   6442590   7045896   7649202   8252508   8855814   9459120   10062426  10665732  11269038  11872344  12475650  13078956  13682262  14285568  14888874  15492180  16095486  16698792  17302098  17905404  18508710  19112016  19715322  409530    1012836   1616142   2219448   2822754   3426060   4029366   4632672   
4640856   5245251   5849646   6454041   7058436   7662831   8267226   8871621   9476016   10080411  10684806  11289201  11893596  12497991  13102386  13706781  14311176  14915571  15519966  16124361  16728756  17333151  17937546  18541941  19146336  19750731  410091    1014486   1618881   2223276   2827671   3432066   4036461   
4043556   4649040   5254524   5860008   6465492   7070976   7676460   8281944   8887428   9492912   10098396  10703880  11309364  11914848  12520332  13125816  13731300  14336784  14942268  15547752  16153236  16758720  17364204  17969688  18575172  19180656  19786140  410652    1016136   1621620   2227104   2832588   3438072   
3444078   4050651   4657224   5263797   5870370   6476943   7083516   7690089   8296662   8903235   9509808   10116381  10722954  11329527  11936100  12542673  13149246  13755819  14362392  14968965  15575538  16182111  16788684  17395257  18001830  18608403  19214976  19821549  411213    1017786   1624359   2230932   2837505   
2842422   3450084   4057746   4665408   5273070   5880732   6488394   7096056   7703718   8311380   8919042   9526704   10134366  10742028  11349690  11957352  12565014  13172676  13780338  14388000  14995662  15603324  16210986  16818648  17426310  18033972  18641634  19249296  19856958  411774    1019436   1627098   2234760   
2238588   2847339   3456090   4064841   4673592   5282343   5891094   6499845   7108596   7717347   8326098   8934849   9543600   10152351  10761102  11369853  11978604  12587355  13196106  13804857  14413608  15022359  15631110  16239861  16848612  17457363  18066114  18674865  19283616  19892367  412335    1021086   1629837   
1632576   2242416   2852256   3462096   4071936   4681776   5291616   5901456   6511296   7121136   7730976   8340816   8950656   9560496   10170336  10780176  11390016  11999856  12609696  13219536  13829376  14439216  15049056  15658896  16268736  16878576  17488416  18098256  18708096  19317936  19927776  412896    1022736   
1024386   1635315   2246244   2857173   3468102   4079031   4689960   5300889   5911818   6522747   7133676   7744605   8355534   8966463   9577392   10188321  10799250  11410179  12021108  12632037  13242966  13853895  14464824  15075753  15686682  16297611  16908540  17519469  18130398  18741327  19352256  19963185  413457    

228592353 669072162 110955197115500317801990511589-1863975898-1423496089-983016280-542536471-102056662338423147 778902956 121938276516598625742100342383-1754145104-1313665295-873185486-4327056777774132   448253941 888733750 13292135591769693368-2084794119-1644314310-1203834501-763354692-322874883117604926 558084735 998564544 1439044353
982884706 564806946 1651613700-1556546842-469740088617066666 1703873420-1504287122-417480368669326386 1756133140-1452027402-365220648721586106 1808392860-1399767682-312960928773845826 1860652580-1347507962-260701208826105546 1912912300-1295248242-208441488878365266 1965172020-1242988522-156181768930624986 2017431740-1190728802-103922048
-1206408640526725059 901021539 -166081205872321641  1805455340-756378257976755442 -1585078155148055544 1881189243-6806443541052489345-1509344252223789447 1956923146-6049104511128223248-1433610349299523350 2032657049-5291765481203957151-1357876446375257253 2108390952-4534426451279691054-1282142543450991156 -2110842441-3777087421355424957
-393388580198607206470565412  1237236132-6782705201701190124-214316528-2129823180249637464 -1665869188713591456 -12019151961177545448-7379612041641499440-2740072122105453432189946780 -1725559872653900772 -12616058801117854764-7976518881581808756-3336978962045762748130256096 -1785250556594210088 -13212965641058164080-8573425721522118072
-873022410-2142202117883585472 -3855942351573450725304271018 -9649086892060878900791699193 -477480514-174666022112791273689947661   -12592320461766555543497375836 -771803871-2040983578984804011 -284375696-15535554031472232186203052479 -10661272281959660361690480654 -578699053-18478787601177908829-91270878 -13604505851665337004396157297 
16496571661026804404403951642 -218901120-84175388219096653181286812556663959794 41107032  -581745730-1204598492-182745125418446632801221810518598957756 -23895006 -646747768-1269600530-189245329217796612421156808480533955718 -88897044 -711749806-1334602568-195745533017146592041091806442468953680 -153899082-776751844-1399604606-2022457368
-1415284444-1391810261-1368336078-1344861895-1321387712-1297913529-2049087385-2025613202-2002139019-1978664836-1955190653-1931716470-1908242287-1884768104-1861293921-1837819738-1814345555-1790871372-1767397189-1743923006-1720448823-1696974640-1673500457-1650026274-1626552091-1603077908-1579603725-1556129542-1532655359-1509181176-1485706993-1462232810-1438758627
-1477912648-808111520-138310392531490736 12012918641871092992-1754073176-1712872792-1043071664-373270536296530592 966331720 1636132848-1989033320-1319232192-64943106420370064  690171192 13599723202029773448-1595392720-925591592-255790464414010664 10838117921753612920-1871553248-1201752120-531950992137850136 807651264 14774523922147253520
1461772554-1517066669-2009385961115189477-1863649746-547521673768606400 2084734473-1376658199-60530126 1255597947-1723241276-407113203909014870 -2069824353-753696280562431793 1878559866-1100279357215848716 1531976789-1446862434-1307343611185393712-1793445511-477317438838810635 -2140028588-823900515492227558 1808355631-1170483592145644481 
-1186163430776291588 -1556220690406234328 -192627795036177068  1998632086-3338801921628574826-1040443606922011412 -1410500866551954152 -1780558126181896892 2144351910-1881603681774294650-5582176281404237390-9282748881034180130-1298332148664122870 -1668389408294065610 -2038446668-75991650 1886463368-4460489101516406108-8161061701146348848
-831786008177699595590810622  -15953747111013407252-6727780811936003882249818549 -14363667841172415179-7042290131904552950218367617 -14678177161140964247-5452210862063560877377375544 -13088097891299972174-386213159-2072398492536383471 -11498018621458980101-227205232-1913390565695391398 -9907939351617988028-68197305 -1754382638854399325 
-17700624761485046432445188044 -594670344-16345287321620580176580721788 -459136600-14989949881756113920716255532 -368014420-14078728081847236100807377712 -232480676-12723390641982769844942911456 -96946932 -11368053202118303588107844520038586812  -1001271576-20411299641213978944174120556 -865737832-19055962201349512688309654300 -730204088
293974462 -99556981 -493088424-886619867-1280151310-1673682753-2067214196183422165714406902141047158771653627328 260095885 -31799827 -425331270-818862713-1212394156-1605925599-1999457042190197881115084473681114915925721384482 327853039 -65678404 -459209847-852741290-1246272733-1639804176-2033335619186810023414745687911081037348687505905 
10653575101318153012157094851418237440162076539518-1965632276-1712836774-1460041272-1207245770-954450268-701654766-448859264-196063762304414766 557210268 810005770 10628012721315596774156839227618211877782073983280-1968188514-1715393012-1462597510-1209802008-957006506-704211004-451415502-19862000054175502  306971004 559766506 812562008 
544086668 1443209115-1952635734-1053513287-154390840744731607 1643854054-1751990795-85286834846254099  945376546 1844498993-1551345856-652223409640629359 1539751806-1856093043-956970596-57848149 841274298 1740396745-1655448104-756325657142796790 10419192371941041684-1454803165-555680718343441729 12425641762141686623-1254158226-355035779
-1269838064275611328 1821060720-928457184616992208 -2132525696-587076304958373088 -1791144816-2456954241299753968-144976393695685456  1641134848-1108383056976843952 -1772673952-2272245601318224832-1431293072114156320 1659605712-1089912192455537200 2000986592-748531312796918080 -1952599824-4071504321138298960-1611218944-65769552 1479679840
-81449390 21103269477135988   -209605497195721366  -2007469593184306744 -1918884215272892122 -1830298837361477500 -1741713459450062878 -1653128081538648256 -15645427031313058545-7901324141401643923-7015470361490229301-6129616581578814679-5243762801667400057-4357909021755985435-3472055241844570813-2586201461933156191-1700347682021741569
-185714606-16425786201195524662-261339352-17182033661119899916-336964098-17938281121044275170-412588844-1869452858968650424 -488213590-1945077604893025678 -563838336-20207023501649273138192409124 -12644548901573648392116784378 -1340079636149802364641159632  -14157043821422398900-34465114 -14913291281346774154-110089860-15669538741271149408
-158263371219017965151091259446280722377 -529814692-134035176121440784661333541397523004328 -287532741-1098069810-19086068791575823348765286279 -45250790 -855787859-1666324928181810529919854877311174950662364413593 -446123476-1256660545-20671976141417232613606695544 -203841525-1014378594-18249156631659514564848977495 38440426  -772096643
22760588  -141449536-305659660-469869784-634079908-798290032-962500156-1126710280-1290920404-1455130528-1619340652-1783550776-1947760900-211197102420187861481854576024169036590015261557761361945652-1973264972-21374750961993282076182907195216648618281500651704133644158011722314561008021332843811208 679601084 515390960 351180836 186970712 
335500998 817617819 12997346401781851461-2030999014-1548882193-1066765372-584648551-102531730379585091 861701912 13438187331825935554-1986914921-1504798100-1022681279-540564458-58447637 423669184 905786005 -1637050379-1154933558-672816737-190699916291416905 773533726 12556505471737767368-2075083107-1592966286-1110849465-628732644-146615823
-644412482484031284 1612475050-1554048480-425604714702839052 1831282818-1335240712-206796946921646820 2050090586-111643294412010822  1140454588-2026068942-897625176230818590 1359262356-1807261174-678817408449626358 -1300835786-172392020956051746 2084495512-108202801846415748  1174859514-1991664016-863220250265223516 1393667282-1772856248
1377987444-1142209141632561570 -1887635015-1128643041661906407-858290178916480533 -1603716052171054659 1945825370-5743712151200399496-1319797089454973622 -2065222963-2904522521484318459-1035878126738892585 -1781304000-6533289  -964621193810149518 -171004706764723644  1839494355-6807022301094068481-1426128104348642607 2123413318-396783267
2107733480233863840 -1640005800781091856 -10927777841328319872-54554976818755478881678248   -1872191392548906264 -13249633761096134280-7777353601643362296-230507344-2104376984316720672 -1557148968863948688 -10099209521411176704-462692936-6284066001792691056-81178584 -1955048224466049432 -14078202081013277448-8605921921560505464-313364176
1544825626317282931 -910259764-2137802459929622142 -297920553-15254632481541961353314418658 -913124037-2140666732926757869 -300784826-15283275211539097080311554385 -915988310-2143531005923893596 -303649099-15311917941536232807308690112 -918852583-292192007-15197347021547689899320147204 -907395491-2134938186932486415 -295056280-1522598975
-310736118-891951868-1473167618-205438336816593681781078152428496936678 -84279072 -665494822-1246710572-182792632218858252241304609474723393724 142177974 -439037776-1020253526-160146927621122822701531066520949850770 368635020 -212580730-793796480-137501223044022586  -537193164-1118408914-169962466420141268821432911132851695382 270479632 
836015544 901126739 966237934 103134912910964603241161571519122668271412917939091356905104142201629914871274941552238689161734988416824610791747572274181268346918777946641942905859200801705420731282492138239444-2091616657-2026505462-1961394267-1896283072-1831171877380237179 445348374 510459569 575570764 640681959 705793154 770904349 
690113316 14015514562112989596-1470539560-759101420-47663280 663774860 13752130002086651140-1496878016-785439876-74001736 637436404 13488745442060312684-1523216472-811778332-100340192611097948 13225360882033974228-1549554928-838116788-126678648584759492 12961976322007635772716451772 14278899122139328052-1444201104-732762964-21324824 
-748442802609322283 1967087368-970114843387650242 1745415327-1191786884165978201 1523743286-1413458925-55693840 1302071245-1635130966-2773658811080399204-1856803007-499037922858727163 -2078475048-720709963637055122 1994820207-942382004415383081 1773148166-1164054045193711040 15514761251052666365-1884535846-526770761830994324 -2106207887
815314486 -1475560780528531250 -1762344016241748014 -2049127252-45035222 1959056808-3318184581672273572-6186016941385490336-9053849301098707100-1192168166811923864 -1478951402525140628 -1765734638238357392 -2052517874-48425844 1955666186-3352090801668882950-6219923161382099714-90877555210953164781388880958-9019943081102097722-1188777544
1086417884-5581304372092288538447740217 -11968081041453610871-190937450-1835485771814933204 -8296151171820803858176255537 -14682927841182126191-462422130-2106970451543448524 -11010997971549319178-95229143 -1739777464910641511 -7339068101916512165271963844 -13725844771277834498-366713823-2011262144639156831 172509555180547230  -1564001091
64867392  -933353984-19315753601365170560366949184 -631272192-16294935681667252352669030976 -329190400-13274117761969334144971112768 -27108608 -1025329984-20235513601273194560274973184 -723248192-17214695681575276352577054976 -421166400-14193877761877358144879136768 -119084608-1117305984-21155273601181218560182997184 20613101441063088768
204563030616937358751341841444989947013 638052582 286158151 -65736280 -417630711-769525142-1121419573-1473314004-18252084352117864430176596999914140755681062181137710286706 358392275 6497844   -345396587-697291018-1049185449-1401079880-1752974311-2104868742183820412314863096921134415261782520830 430626399 78731968  -273162463-1897442559
