
1              2              3              4              5              6              
12             7              8              9              10             11             
17             18             13             14             15             16             
22             23             24             19             20             21             
27             28             29             30             25             26             
32             33             34             35             36             31             
RESULT of Initial Data


441            462            483            504            525            546            
1302           1017           1074           1131           1188           1245           
1965           2058           1593           1686           1779           1872           
2556           2685           2814           2169           2298           2427           
3075           3240           3405           3570           2745           2910           
3522           3723           3924           4125           4326           3321           
RESULT of P*G


49581          52542          55503          58464          61425          64386          
152082         117297         124254         131211         138168         145125         
228825         239778         185013         195966         206919         217872         
297576         312525         327474         252729         267678         282627         
358335         377280         396225         415170         320445         339390         
411102         434043         456984         479925         502866         388161         
RESULT of PG*G


91             217            343            469            595            721            
1927           217            559            901            1243           1585           
2575           3133           343            901            1459           2017           
2791           3565           4339           469            1243           2017           
2575           3565           4555           5545           595            1585           
1927           3133           4339           5545           6751           721            
RESULT of P*Gt


10731          25347          39963          54579          69195          83811          
221457         28497          67089          105681         144273         182865         
296535         359103         46263          108831         171399         233967         
323661         410205         496749         64029          150573         237117         
302835         413355         523875         634395         81795          192315         
234057         368553         503049         637545         772041         99561          
RESULT of PGt*Gt


2166           2262           2358           2454           2550           2646           
2772           2262           2364           2466           2568           2670           
2790           2898           2358           2466           2574           2682           
2796           2910           3024           2454           2568           2682           
2790           2910           3030           3150           2550           2670           
2772           2898           3024           3150           3276           2646           
RESULT of Pt*G


241056         255492         269928         284364         298800         313236         
327852         252342         267444         282546         297648         312750         
326700         342468         263628         279396         295164         310932         
324216         340650         357084         274914         291348         307782         
320400         337500         354600         371700         286200         303300         
315252         333018         350784         368550         386316         297486         
RESULT of PtG*G


441            1017           1593           2169           2745           3321           
3522           462            1074           1686           2298           2910           
3075           3723           483            1131           1779           2427           
2556           3240           3924           504            1188           1872           
1965           2685           3405           4125           525            1245           
1302           2058           2814           3570           4326           546            
RESULT of Pt*Gt


10731          28497          46263          64029          81795          99561          
234057         25347          67089          108831         150573         192315         
302835         368553         39963          105681         171399         237117         
323661         413355         503049         54579          144273         233967         
296535         410205         523875         637545         69195          182865         
221457         359103         496749         634395         772041         83811          
RESULT of PtGt*Gt

