
1         2         3         4         5         6         7         
14        8         9         10        11        12        13        
20        21        15        16        17        18        19        
26        27        28        22        23        24        25        
32        33        34        35        29        30        31        
38        39        40        41        42        36        37        
44        45        46        47        48        49        43        
RESULT of Initial Data


812       840       868       896       924       952       980       
2352      1890      1967      2044      2121      2198      2275      
3598      3724      2968      3094      3220      3346      3472      
4746      4921      5096      4046      4221      4396      4571      
5796      6020      6244      6468      5124      5348      5572      
6748      7021      7294      7567      7840      6202      6475      
7602      7924      8246      8568      8890      9212      7280      
RESULT of P*G


143472    149744    156016    162288    168560    174832    181104    
430808    341726    356573    371420    386267    401114    415961    
657090    680512    539980    563402    586824    610246    633668    
866222    898219    930216    738234    770231    802228    834225    
1058204   1098776   1139348   1179920   936488    977060    1017632   
1233036   1282183   1331330   1380477   1429624   1134742   1183889   
1390718   1448440   1506162   1563884   1621606   1679328   1332996   
RESULT of PG*G


140       336       532       728       924       1120      1316      
3570      336       875       1414      1953      2492      3031      
4942      5824      532       1414      2296      3178      4060      
5628      6853      8078      728       1953      3178      4403      
5628      7196      8764      10332     924       2492      4060      
4942      6853      8764      10675     12586     1120      3031      
3570      5824      8078      10332     12586     14840     1316      
RESULT of P*Gt


25872     61544     97216     132888    168560    204232    239904    
643958    69776     165473    261170    356867    452564    548261    
892290    1048012   113680    269402    425124    580846    736568    
1020572   1236319   1452066   157584    373331    589078    804825    
1028804   1304576   1580348   1856120   201488    477260    753032    
916986    1252783   1588580   1924377   2260174   245392    581189    
685118    1080940   1476762   1872584   2268406   2664228   289296    
RESULT of PGt*Gt


4760      4914      5068      5222      5376      5530      5684      
5880      4914      5075      5236      5397      5558      5719      
5908      6076      5068      5236      5404      5572      5740      
5922      6097      6272      5222      5397      5572      5747      
5922      6104      6286      6468      5376      5558      5740      
5908      6097      6286      6475      6664      5530      5719      
5880      6076      6272      6468      6664      6860      5684      
RESULT of Pt*G


834372    870926    907480    944034    980588    1017142   1053696   
1089368   862694    900473    938252    976031    1013810   1051589   
1086036   1125040   891016    930020    969024    1008028   1047032   
1080254   1120483   1160712   919338    959567    999796    1040025   
1072022   1113476   1154930   1196384   947660    989114    1030568   
1061340   1104019   1146698   1189377   1232056   975982    1018661   
1048208   1092112   1136016   1179920   1223824   1267728   1004304   
RESULT of PtG*G


812       1890      2968      4046      5124      6202      7280      
7602      840       1967      3094      4221      5348      6475      
6748      7924      868       2044      3220      4396      5572      
5796      7021      8246      896       2121      3346      4571      
4746      6020      7294      8568      924       2198      3472      
3598      4921      6244      7567      8890      952       2275      
2352      3724      5096      6468      7840      9212      980       
RESULT of Pt*Gt


25872     69776     113680    157584    201488    245392    289296    
685118    61544     165473    269402    373331    477260    581189    
916986    1080940   97216     261170    425124    589078    753032    
1028804   1252783   1476762   132888    356867    580846    804825    
1020572   1304576   1588580   1872584   168560    452564    736568    
892290    1236319   1580348   1924377   2268406   204232    548261    
643958    1048012   1452066   1856120   2260174   2664228   239904    
RESULT of PtGt*Gt

