
1              2              3              4              5              6              7              8              
16             9              10             11             12             13             14             15             
23             24             17             18             19             20             21             22             
30             31             32             25             26             27             28             29             
37             38             39             40             33             34             35             36             
44             45             46             47             48             41             42             43             
51             52             53             54             55             56             49             50             
58             59             60             61             62             63             64             57             
RESULT of Initial Data


1380           1416           1452           1488           1524           1560           1596           1632           
3936           3236           3336           3436           3536           3636           3736           3836           
6076           6240           5092           5256           5420           5584           5748           5912           
8088           8316           8544           6948           7176           7404           7632           7860           
9972           10264          10556          10848          8804           9096           9388           9680           
11728          12084          12440          12796          13152          10660          11016          11372          
13356          13776          14196          14616          15036          15456          12516          12936          
14856          15340          15824          16308          16792          17276          17760          14372          
RESULT of P*G


361488         373536         385584         397632         409680         421728         433776         445824         
1066368        865552         894240         922928         951616         980304         1008992        1037680        
1641584        1686912        1369616        1414944        1460272        1505600        1550928        1596256        
2183520        2245488        2307456        1873680        1935648        1997616        2059584        2121552        
2692176        2770784        2849392        2928000        2377744        2456352        2534960        2613568        
3167552        3262800        3358048        3453296        3548544        2881808        2977056        3072304        
3609648        3721536        3833424        3945312        4057200        4169088        3385872        3497760        
4018464        4146992        4275520        4404048        4532576        4661104        4789632        3889936        
RESULT of PG*G


204            492            780            1068           1356           1644           1932           2220           
6092           492            1292           2092           2892           3692           4492           5292           
8652           9964           780            2092           3404           4716           6028           7340           
10188          12012          13836          1068           2892           4716           6540           8364           
10700          13036          15372          17708          1356           3692           6028           8364           
10188          13036          15884          18732          21580          1644           4492           7340           
8652           12012          15372          18732          22092          25452          1932           5292           
6092           9964           13836          17708          21580          25452          29324          2220           
RESULT of P*Gt


55728          133296         210864         288432         366000         443568         521136         598704         
1626928        152112         362800         573488         784176         994864         1205552        1416240        
2311344        2655152        248496         592304         936112         1279920        1623728        1967536        
2729520        3206448        3683376        344880         821808         1298736        1775664        2252592        
2881456        3491504        4101552        4711600        441264         1051312        1661360        2271408        
2767152        3510320        4253488        4996656        5739824        537648         1280816        2023984        
2386608        3262896        4139184        5015472        5891760        6768048        634032         1510320        
1739824        2749232        3758640        4768048        5777456        6786864        7796272        730416         
RESULT of PGt*Gt


9416           9648           9880           10112          10344          10576          10808          11040          
11328          9648           9888           10128          10368          10608          10848          11088          
11368          11616          9880           10128          10376          10624          10872          11120          
11392          11648          11904          10112          10368          10624          10880          11136          
11400          11664          11928          12192          10344          10608          10872          11136          
11392          11664          11936          12208          12480          10576          10848          11120          
11368          11648          11928          12208          12488          12768          10808          11088          
11328          11616          11904          12192          12480          12768          13056          11040          
RESULT of Pt*G


2450848        2532672        2614496        2696320        2778144        2859968        2941792        3023616        
3101184        2513856        2597760        2681664        2765568        2849472        2933376        3017280        
3092768        3178752        2576864        2662848        2748832        2834816        2920800        3006784        
3080192        3168256        3256320        2639872        2727936        2816000        2904064        2992128        
3063456        3153600        3243744        3333888        2702880        2793024        2883168        2973312        
3042560        3134784        3227008        3319232        3411456        2765888        2858112        2950336        
3017504        3111808        3206112        3300416        3394720        3489024        2828896        2923200        
2988288        3084672        3181056        3277440        3373824        3470208        3566592        2891904        
RESULT of PtG*G


1380           3236           5092           6948           8804           10660          12516          14372          
14856          1416           3336           5256           7176           9096           11016          12936          
13356          15340          1452           3436           5420           7404           9388           11372          
11728          13776          15824          1488           3536           5584           7632           9680           
9972           12084          14196          16308          1524           3636           5748           7860           
8088           10264          12440          14616          16792          1560           3736           5912           
6076           8316           10556          12796          15036          17276          1596           3836           
3936           6240           8544           10848          13152          15456          17760          1632           
RESULT of Pt*Gt


55728          152112         248496         344880         441264         537648         634032         730416         
1739824        133296         362800         592304         821808         1051312        1280816        1510320        
2386608        2749232        210864         573488         936112         1298736        1661360        2023984        
2767152        3262896        3758640        288432         784176         1279920        1775664        2271408        
2881456        3510320        4139184        4768048        366000         994864         1623728        2252592        
2729520        3491504        4253488        5015472        5777456        443568         1205552        1967536        
2311344        3206448        4101552        4996656        5891760        6786864        521136         1416240        
1626928        2655152        3683376        4711600        5739824        6768048        7796272        598704         
RESULT of PtGt*Gt

